 16.0000	496.0000	  0.5006	 -0.0031	  0.0000
 32.0000	496.0000	  0.5006	 -0.0031	  0.0000
 48.0000	496.0000	  0.0000	 -0.0000	  0.0000
 64.0000	496.0000	  0.4432	 -0.0038	  0.0000
 80.0000	496.0000	  0.0000	 -0.0000	  0.0000
 96.0000	496.0000	  0.1092	 -0.0029	  0.0000
112.0000	496.0000	  0.0000	 -0.0000	  0.0000
128.0000	496.0000	  0.0000	 -0.0000	  0.0000
144.0000	496.0000	  0.0000	 -0.0000	  0.0000
160.0000	496.0000	  0.0000	 -0.0000	  0.0000
176.0000	496.0000	  0.0000	 -0.0000	  0.0000
192.0000	496.0000	  0.0000	 -0.0000	  0.0000
208.0000	496.0000	  0.0000	 -0.0000	  0.0000
224.0000	496.0000	  0.0000	 -0.0000	  0.0000
240.0000	496.0000	  0.0000	 -0.0000	  0.0000
256.0000	496.0000	  0.0000	 -0.0000	  0.0000
272.0000	496.0000	  0.0000	 -0.0000	  0.0000
288.0000	496.0000	  0.0000	 -0.0000	  0.0000
304.0000	496.0000	  0.0000	 -0.0000	  0.0000
320.0000	496.0000	  0.9013	 -0.0344	  0.0000
336.0000	496.0000	  0.0000	 -0.0000	  0.0000
352.0000	496.0000	  0.3429	 -0.0251	  0.0000
368.0000	496.0000	  0.0000	 -0.0000	  0.0000
384.0000	496.0000	  0.7408	 -0.0616	  0.0000
400.0000	496.0000	  0.0000	 -0.0000	  0.0000
416.0000	496.0000	  0.0000	 -0.0000	  0.0000
432.0000	496.0000	  0.0000	 -0.0000	  0.0000
448.0000	496.0000	  0.8899	 -0.0599	  0.0000
464.0000	496.0000	  0.0000	 -0.0000	  0.0000
480.0000	496.0000	  0.2973	 -0.0154	  0.0000
496.0000	496.0000	  0.0000	 -0.0000	  0.0000
 16.0000	480.0000	  0.5121	 -0.0029	  0.0000
 32.0000	480.0000	  0.5025	 -0.0031	  0.0000
 48.0000	480.0000	  0.0790	 -0.0000	  0.0000
 64.0000	480.0000	  0.4967	 -0.0038	  0.0000
 80.0000	480.0000	  0.0114	  0.0003	  0.0000
 96.0000	480.0000	  0.1319	 -0.0135	  0.0000
112.0000	480.0000	 -0.0047	 -0.0078	  0.0000
128.0000	480.0000	  0.3737	 -0.8239	  0.0000
144.0000	480.0000	  0.1061	 -0.0012	  0.0000
160.0000	480.0000	  0.3708	 -0.9520	  0.0000
176.0000	480.0000	  0.0145	  0.0002	  0.0000
192.0000	480.0000	  0.3276	 -0.8481	  0.0000
208.0000	480.0000	  0.0421	  0.0141	  0.0000
224.0000	480.0000	  0.1503	 -0.9051	  0.0000
240.0000	480.0000	  0.0515	 -0.0003	  0.0000
256.0000	480.0000	  0.2713	 -0.6469	  0.0000
272.0000	480.0000	  0.0979	 -0.0016	  0.0000
288.0000	480.0000	  0.3347	 -0.8295	  0.0000
304.0000	480.0000	  0.0291	  0.0001	  0.0000
320.0000	480.0000	  0.9364	 -0.0351	  0.0000
336.0000	480.0000	  0.0310	  0.0007	  0.0000
352.0000	480.0000	  0.3746	 -0.0234	  0.0000
368.0000	480.0000	  0.1213	  0.0004	  0.0000
384.0000	480.0000	  0.8996	 -0.0542	  0.0000
400.0000	480.0000	  0.1078	  0.0053	  0.0000
416.0000	480.0000	  0.2205	 -0.9515	  0.0000
432.0000	480.0000	  0.0490	  0.0007	  0.0000
448.0000	480.0000	  0.9657	 -0.0600	  0.0000
464.0000	480.0000	  0.0832	 -0.0023	  0.0000
480.0000	480.0000	  0.3269	 -0.0145	  0.0000
496.0000	480.0000	  0.0246	  0.0026	  0.0000
 16.0000	464.0000	  0.8854	 -0.0014	  0.0000
 32.0000	464.0000	  1.0683	  0.0067	  0.0000
 48.0000	464.0000	  1.4237	 -0.0265	  0.0000
 64.0000	464.0000	  0.6746	  0.0002	  0.0000
 80.0000	464.0000	  1.0381	 -0.0864	  1.0000
 96.0000	464.0000	  0.5719	 -0.0238	  0.0000
112.0000	464.0000	  1.4823	 -0.2955	  0.0000
128.0000	464.0000	  1.5059	 -0.0244	  0.0000
144.0000	464.0000	  1.5426	 -0.2502	  0.0000
160.0000	464.0000	  1.1097	 -0.0350	  0.0000
176.0000	464.0000	  1.7204	 -0.2374	  0.0000
192.0000	464.0000	  0.9726	 -0.0243	  0.0000
208.0000	464.0000	  1.5024	 -0.2361	  0.0000
224.0000	464.0000	  0.4905	 -0.0140	  0.0000
240.0000	464.0000	  0.8543	 -0.2100	  0.0000
256.0000	464.0000	  0.8891	  0.0023	  0.0000
272.0000	464.0000	  1.1823	 -0.2163	  0.0000
288.0000	464.0000	  1.3519	  0.0186	  0.0000
304.0000	464.0000	  1.8439	 -0.0375	  0.0000
320.0000	464.0000	  0.9407	  0.0085	  0.0000
336.0000	464.0000	  1.0667	 -0.0536	  0.0000
352.0000	464.0000	  0.8261	 -0.0019	  0.0000
368.0000	464.0000	  1.0264	 -0.1556	  0.0000
384.0000	464.0000	  1.2445	 -0.0676	  0.0000
400.0000	464.0000	  1.1995	 -0.0922	  0.0000
416.0000	464.0000	  1.2244	  0.0022	  0.0000
432.0000	464.0000	  1.3051	 -0.0404	  0.0000
448.0000	464.0000	  0.9125	 -0.0027	  0.0000
464.0000	464.0000	  1.1783	 -0.0622	  0.0000
480.0000	464.0000	  0.4365	 -0.0075	  0.0000
496.0000	464.0000	  0.4748	 -0.0389	  0.0000
 16.0000	448.0000	  2.0015	 -0.0040	  1.0000
 32.0000	448.0000	  2.7883	 -0.0088	  1.0000
 48.0000	448.0000	  4.3065	  0.0393	  0.0000
 64.0000	448.0000	  4.3704	 -0.0316	  0.0000
 80.0000	448.0000	  4.7754	  0.0904	  0.0000
 96.0000	448.0000	  4.2239	 -0.7839	  0.0000
112.0000	448.0000	  4.0525	  0.0270	  0.0000
128.0000	448.0000	  3.0270	 -0.9354	  0.0000
144.0000	448.0000	  1.6869	 -0.0229	  0.0000
160.0000	448.0000	  1.5686	 -0.0950	  0.0000
176.0000	448.0000	  2.6635	 -0.0104	  0.0000
192.0000	448.0000	  3.3277	 -0.9080	  0.0000
208.0000	448.0000	  3.1788	 -0.0204	  0.0000
224.0000	448.0000	  4.1880	 -0.8307	  0.0000
240.0000	448.0000	  3.2631	 -0.4178	  1.0000
256.0000	448.0000	  2.7920	 -0.9057	  0.0000
272.0000	448.0000	  2.8935	  0.0858	  0.0000
288.0000	448.0000	  3.6728	 -0.8872	  0.0000
304.0000	448.0000	  2.5946	 -0.0752	  0.0000
320.0000	448.0000	  1.6373	 -0.1210	  0.0000
336.0000	448.0000	  2.3639	 -0.0480	  0.0000
352.0000	448.0000	  3.4586	 -0.0715	  0.0000
368.0000	448.0000	  2.3076	  0.0626	  0.0000
384.0000	448.0000	  2.4072	 -0.1195	  0.0000
400.0000	448.0000	  3.5103	 -0.0350	  0.0000
416.0000	448.0000	  4.3125	 -0.0992	  0.0000
432.0000	448.0000	  3.7393	 -0.0084	  0.0000
448.0000	448.0000	  3.3440	 -0.0463	  0.0000
464.0000	448.0000	  3.6278	  0.0034	  0.0000
480.0000	448.0000	  3.9533	 -0.1285	  0.0000
496.0000	448.0000	  2.9036	  0.0710	  0.0000
 16.0000	432.0000	  4.6758	  0.0400	  0.0000
 32.0000	432.0000	  4.9923	  0.0439	  0.0000
 48.0000	432.0000	  4.7264	 -0.1213	  0.0000
 64.0000	432.0000	  4.8575	 -0.0519	  0.0000
 80.0000	432.0000	  5.3747	 -0.3187	  0.0000
 96.0000	432.0000	  5.5904	  0.0131	  0.0000
112.0000	432.0000	  4.9437	 -0.4410	  0.0000
128.0000	432.0000	  4.1453	  0.0116	  0.0000
144.0000	432.0000	  5.2794	 -0.5360	  0.0000
160.0000	432.0000	  5.7896	  0.0044	  0.0000
176.0000	432.0000	  5.9796	 -0.4536	  0.0000
192.0000	432.0000	  5.5593	  0.0071	  0.0000
208.0000	432.0000	  5.5107	 -0.4374	  0.0000
224.0000	432.0000	  4.6442	  0.0125	  0.0000
240.0000	432.0000	  5.6894	 -0.4878	  0.0000
256.0000	432.0000	  4.5000	  0.0000	  0.0000
272.0000	432.0000	  4.4263	 -0.3704	  0.0000
288.0000	432.0000	  4.3581	  0.0921	  0.0000
304.0000	432.0000	  6.2326	 -0.2472	  0.0000
320.0000	432.0000	  6.3730	  0.0093	  0.0000
336.0000	432.0000	  4.0733	 -0.2233	  0.0000
352.0000	432.0000	  4.0000	  0.0000	  0.0000
368.0000	432.0000	  5.9337	 -0.2399	  0.0000
384.0000	432.0000	  5.7827	 -0.0099	  0.0000
400.0000	432.0000	  4.7257	 -0.2467	  0.0000
416.0000	432.0000	  4.5642	  0.0361	  0.0000
432.0000	432.0000	  3.9216	 -0.1700	  0.0000
448.0000	432.0000	  4.6221	 -0.0323	  0.0000
464.0000	432.0000	  4.6860	 -0.0177	  0.0000
480.0000	432.0000	  5.0524	  0.1129	  0.0000
496.0000	432.0000	  4.7612	  0.0004	  0.0000
 16.0000	416.0000	  7.3366	 -0.0945	  0.0000
 32.0000	416.0000	  7.0772	 -0.0409	  0.0000
 48.0000	416.0000	  6.6719	  0.0470	  0.0000
 64.0000	416.0000	  7.1887	 -0.1066	  0.0000
 80.0000	416.0000	  5.7589	 -0.0464	  0.0000
 96.0000	416.0000	  5.9245	 -0.9743	  0.0000
112.0000	416.0000	  5.8483	 -0.0635	  0.0000
128.0000	416.0000	  6.8188	 -0.0456	  0.0000
144.0000	416.0000	  6.5525	 -0.0299	  0.0000
160.0000	416.0000	  7.0078	 -0.9007	  0.0000
176.0000	416.0000	  6.9126	  0.0349	  0.0000
192.0000	416.0000	  6.6254	 -0.9715	  0.0000
208.0000	416.0000	  6.2745	 -0.0347	  0.0000
224.0000	416.0000	  7.8460	 -0.9987	  0.0000
240.0000	416.0000	  7.5419	 -0.0004	  0.0000
256.0000	416.0000	  8.1698	 -0.0745	  0.0000
272.0000	416.0000	  7.9083	 -0.0279	  0.0000
288.0000	416.0000	  7.2261	 -1.0140	  0.0000
304.0000	416.0000	  6.7124	 -0.0021	  0.0000
320.0000	416.0000	  7.7645	 -0.8841	  0.0000
336.0000	416.0000	  7.0982	 -0.0114	  0.0000
352.0000	416.0000	  6.5333	 -0.7196	  0.0000
368.0000	416.0000	  7.1703	  0.0754	  0.0000
384.0000	416.0000	  7.5055	 -0.8847	  0.0000
400.0000	416.0000	  5.6338	  0.0988	  0.0000
416.0000	416.0000	  6.1059	 -0.8990	  0.0000
432.0000	416.0000	  6.7847	 -0.0098	  0.0000
448.0000	416.0000	  7.7349	 -0.9238	  0.0000
464.0000	416.0000	  6.8314	 -0.0013	  0.0000
480.0000	416.0000	  6.5102	 -0.9034	  0.0000
496.0000	416.0000	  6.5747	  0.0208	  0.0000
 16.0000	400.0000	  8.5787	 -0.0401	  0.0000
 32.0000	400.0000	  9.2697	  0.0267	  0.0000
 48.0000	400.0000	  9.2169	  0.0234	  0.0000
 64.0000	400.0000	  8.5823	 -0.0145	  0.0000
 80.0000	400.0000	  8.2656	 -0.2707	  0.0000
 96.0000	400.0000	  9.1389	  0.0033	  0.0000
112.0000	400.0000	  8.4792	 -0.4661	  0.0000
128.0000	400.0000	  8.0724	  0.0030	  0.0000
144.0000	400.0000	  8.7990	 -0.4463	  0.0000
160.0000	400.0000	  8.3815	  0.0060	  0.0000
176.0000	400.0000	  8.1369	 -0.4738	  0.0000
192.0000	400.0000	  8.1160	 -0.0132	  0.0000
208.0000	400.0000	  8.6944	 -0.4623	  0.0000
224.0000	400.0000	  8.6926	  0.0004	  0.0000
240.0000	400.0000	  8.5028	 -0.4823	  0.0000
256.0000	400.0000	  8.7023	 -0.0068	  0.0000
272.0000	400.0000	  8.6531	 -0.5027	  0.0000
288.0000	400.0000	  7.9663	 -0.0535	  0.0000
304.0000	400.0000	  9.0556	 -0.4160	  0.0000
320.0000	400.0000	  8.1848	  0.0191	  0.0000
336.0000	400.0000	  8.0220	 -0.4449	  0.0000
352.0000	400.0000	  7.2966	 -0.0059	  0.0000
368.0000	400.0000	  8.4444	 -0.4045	  0.0000
384.0000	400.0000	  7.9773	  0.0226	  0.0000
400.0000	400.0000	  8.1955	 -0.4116	  0.0000
416.0000	400.0000	  8.8838	 -0.0016	  0.0000
432.0000	400.0000	  8.8867	 -0.3671	  0.0000
448.0000	400.0000	  8.2547	 -0.4186	  0.0000
464.0000	400.0000	  8.7951	 -0.2402	  0.0000
480.0000	400.0000	  8.4306	  0.0090	  0.0000
496.0000	400.0000	  9.3212	 -0.5320	  1.0000
 16.0000	384.0000	 10.0864	 -0.9540	  0.0000
 32.0000	384.0000	  9.9726	 -0.9429	  0.0000
 48.0000	384.0000	 10.0300	  0.0073	  0.0000
 64.0000	384.0000	 10.2504	 -0.0051	  0.0000
 80.0000	384.0000	  9.8686	  0.0032	  0.0000
 96.0000	384.0000	 10.9747	 -0.9665	  0.0000
112.0000	384.0000	 10.6718	 -0.0432	  0.0000
128.0000	384.0000	 10.9597	 -0.9307	  0.0000
144.0000	384.0000	 10.2363	 -0.0495	  0.0000
160.0000	384.0000	 10.3485	 -0.0365	  0.0000
176.0000	384.0000	  9.4869	 -0.0013	  0.0000
192.0000	384.0000	  9.7014	 -0.9026	  0.0000
208.0000	384.0000	 10.3443	  0.0076	  0.0000
224.0000	384.0000	  9.8150	 -0.8953	  0.0000
240.0000	384.0000	  9.9497	  0.0003	  0.0000
256.0000	384.0000	  9.9209	 -0.8459	  0.0000
272.0000	384.0000	  9.7150	  0.0740	  0.0000
288.0000	384.0000	 10.2249	 -0.8194	  0.0000
304.0000	384.0000	  9.9150	  0.0581	  0.0000
320.0000	384.0000	  9.9608	 -0.9238	  0.0000
336.0000	384.0000	 10.4829	  0.0000	  0.0000
352.0000	384.0000	 10.7822	 -0.0363	  0.0000
368.0000	384.0000	  9.9761	 -0.0407	  0.0000
384.0000	384.0000	 10.8308	 -0.8902	  0.0000
400.0000	384.0000	 10.8996	 -0.0169	  0.0000
416.0000	384.0000	 10.8334	 -0.1530	  0.0000
432.0000	384.0000	 10.4256	 -0.6689	  0.0000
448.0000	384.0000	 10.8511	 -0.2773	  0.0000
464.0000	384.0000	  9.9569	 -0.5014	  0.0000
480.0000	384.0000	  9.6423	 -0.9514	  0.0000
496.0000	384.0000	  9.0294	  0.0269	  0.0000
 16.0000	368.0000	 10.8640	 -0.0192	  0.0000
 32.0000	368.0000	 10.8890	 -0.0416	  0.0000
 48.0000	368.0000	 11.0313	 -0.0467	  0.0000
 64.0000	368.0000	 10.9792	  0.0135	  0.0000
 80.0000	368.0000	 11.5684	 -0.2214	  0.0000
 96.0000	368.0000	 11.1820	 -0.0107	  0.0000
112.0000	368.0000	 11.9332	 -0.4800	  0.0000
128.0000	368.0000	 11.7802	 -0.0324	  0.0000
144.0000	368.0000	 12.2988	 -0.4715	  0.0000
160.0000	368.0000	 11.4663	  0.0022	  0.0000
176.0000	368.0000	 11.7316	 -0.4717	  0.0000
192.0000	368.0000	 11.7426	 -0.0016	  0.0000
208.0000	368.0000	 12.0271	 -0.4593	  0.0000
224.0000	368.0000	 11.8554	  0.0006	  0.0000
240.0000	368.0000	 12.0176	 -0.4602	  0.0000
256.0000	368.0000	 11.5810	  0.0020	  0.0000
272.0000	368.0000	 11.8387	 -0.4683	  0.0000
288.0000	368.0000	 11.1623	 -0.5051	  0.0000
304.0000	368.0000	 11.2590	 -0.4806	  0.0000
320.0000	368.0000	 11.8593	 -0.0135	  0.0000
336.0000	368.0000	 11.4227	 -0.4844	  0.0000
352.0000	368.0000	 10.9715	 -0.0010	  0.0000
368.0000	368.0000	 11.0762	 -0.4041	  0.0000
384.0000	368.0000	 10.9863	  0.0678	  0.0000
400.0000	368.0000	 11.6692	 -0.3797	  0.0000
416.0000	368.0000	 11.9429	 -0.0518	  0.0000
432.0000	368.0000	 12.1866	 -0.5513	  0.0000
448.0000	368.0000	 11.2615	 -0.4995	  0.0000
464.0000	368.0000	 11.1785	 -0.2617	  0.0000
480.0000	368.0000	 11.4599	 -0.0070	  0.0000
496.0000	368.0000	 11.5248	 -0.0439	  0.0000
 16.0000	352.0000	 12.3974	 -0.0570	  0.0000
 32.0000	352.0000	 12.5765	 -0.0383	  0.0000
 48.0000	352.0000	 12.0000	  0.0000	  0.0000
 64.0000	352.0000	 12.5907	 -0.0270	  0.0000
 80.0000	352.0000	 12.4945	 -0.0363	  0.0000
 96.0000	352.0000	 12.8987	 -0.9415	  0.0000
112.0000	352.0000	 12.3327	  0.0513	  0.0000
128.0000	352.0000	 12.2796	 -0.8483	  0.0000
144.0000	352.0000	 12.1477	  0.0213	  0.0000
160.0000	352.0000	 13.1827	 -0.9316	  0.0000
176.0000	352.0000	 12.1481	 -0.0013	  0.0000
192.0000	352.0000	 12.7734	 -0.9477	  0.0000
208.0000	352.0000	 12.3204	 -0.0016	  0.0000
224.0000	352.0000	 12.7491	 -0.9572	  0.0000
240.0000	352.0000	 11.9784	 -0.0001	  0.0000
256.0000	352.0000	 12.4012	 -0.0149	  0.0000
272.0000	352.0000	 12.3267	 -0.5049	  0.0000
288.0000	352.0000	 12.4190	 -0.1794	  0.0000
304.0000	352.0000	 12.0322	 -0.5016	  0.0000
320.0000	352.0000	 12.1091	 -0.0173	  0.0000
336.0000	352.0000	 12.3181	 -0.0003	  0.0000
352.0000	352.0000	 12.9186	 -0.9269	  0.0000
368.0000	352.0000	 12.4299	  0.0138	  0.0000
384.0000	352.0000	 12.4150	 -0.9374	  0.0000
400.0000	352.0000	 12.1806	  0.0046	  0.0000
416.0000	352.0000	 12.2409	 -0.8749	  0.0000
432.0000	352.0000	 12.1199	  0.0467	  0.0000
448.0000	352.0000	 13.0486	 -0.8575	  0.0000
464.0000	352.0000	 12.4591	 -0.0077	  0.0000
480.0000	352.0000	 13.1674	 -0.0062	  0.0000
496.0000	352.0000	 12.5524	  0.0030	  0.0000
 16.0000	336.0000	 13.3765	 -0.0057	  0.0000
 32.0000	336.0000	 13.1521	 -0.0078	  0.0000
 48.0000	336.0000	 13.2744	 -0.0466	  0.0000
 64.0000	336.0000	 13.2698	 -0.0236	  0.0000
 80.0000	336.0000	 13.2384	 -0.2263	  0.0000
 96.0000	336.0000	 13.3860	  0.0231	  0.0000
112.0000	336.0000	 13.1459	 -0.5279	  0.0000
128.0000	336.0000	 13.1614	 -0.5425	  0.0000
144.0000	336.0000	 13.4985	 -0.4888	  0.0000
160.0000	336.0000	 13.6422	  0.0012	  0.0000
176.0000	336.0000	 13.6566	 -0.4683	  0.0000
192.0000	336.0000	 13.1593	  0.0093	  0.0000
208.0000	336.0000	 13.7629	 -0.4803	  0.0000
224.0000	336.0000	 13.2430	  0.0011	  0.0000
240.0000	336.0000	 14.2245	 -0.2542	  0.0000
256.0000	336.0000	 14.1501	  0.0006	  0.0000
272.0000	336.0000	 13.8824	 -0.2551	  0.0000
288.0000	336.0000	 13.3655	 -0.5007	  0.0000
304.0000	336.0000	 13.5764	 -0.2593	  0.0000
320.0000	336.0000	 13.5325	  0.0022	  0.0000
336.0000	336.0000	 13.7517	 -0.2505	  0.0000
352.0000	336.0000	 13.6494	 -0.0053	  0.0000
368.0000	336.0000	 13.6116	 -0.2264	  0.0000
384.0000	336.0000	 13.4808	  0.0081	  0.0000
400.0000	336.0000	 13.8080	 -0.2236	  0.0000
416.0000	336.0000	 13.7536	 -0.0002	  0.0000
432.0000	336.0000	 13.4755	 -0.4946	  0.0000
448.0000	336.0000	 13.4139	 -0.0656	  0.0000
464.0000	336.0000	 13.7114	 -0.2607	  0.0000
480.0000	336.0000	 12.9979	 -0.0010	  0.0000
496.0000	336.0000	 12.7805	  0.0030	  0.0000
 16.0000	320.0000	 14.3898	 -0.0018	  0.0000
 32.0000	320.0000	 14.2218	 -0.0016	  0.0000
 48.0000	320.0000	 13.9676	  0.0123	  0.0000
 64.0000	320.0000	 14.2689	  0.0051	  0.0000
 80.0000	320.0000	 14.4870	  0.0033	  0.0000
 96.0000	320.0000	 14.7304	 -0.0298	  0.0000
112.0000	320.0000	 14.3831	 -0.4994	  0.0000
128.0000	320.0000	 14.0251	 -0.0462	  0.0000
144.0000	320.0000	 14.1801	 -0.4968	  0.0000
160.0000	320.0000	 14.5807	 -0.0059	  0.0000
176.0000	320.0000	 14.4138	 -0.0050	  0.0000
192.0000	320.0000	 14.6048	 -0.9762	  0.0000
208.0000	320.0000	 13.8330	 -0.0067	  0.0000
224.0000	320.0000	 14.5365	 -0.0400	  0.0000
240.0000	320.0000	 14.7588	 -0.0059	  0.0000
256.0000	320.0000	 14.3676	  0.0252	  0.0000
272.0000	320.0000	 14.6140	  0.0343	  0.0000
288.0000	320.0000	 14.0739	 -0.8925	  0.0000
304.0000	320.0000	 14.7546	 -0.0081	  0.0000
320.0000	320.0000	 14.2707	 -0.0376	  0.0000
336.0000	320.0000	 14.1534	  0.0005	  0.0000
352.0000	320.0000	 13.7801	 -0.0323	  0.0000
368.0000	320.0000	 13.9837	  0.0058	  0.0000
384.0000	320.0000	 14.6996	 -0.0067	  0.0000
400.0000	320.0000	 14.5903	  0.0045	  0.0000
416.0000	320.0000	 15.0999	 -0.8683	  0.0000
432.0000	320.0000	 14.2420	  0.0022	  0.0000
448.0000	320.0000	 13.9548	 -0.9221	  0.0000
464.0000	320.0000	 13.9711	 -0.0025	  0.0000
480.0000	320.0000	 14.1048	 -0.8755	  0.0000
496.0000	320.0000	 14.1698	  0.0095	  0.0000
 16.0000	304.0000	 15.2482	 -0.0106	  0.0000
 32.0000	304.0000	 15.2605	 -0.0131	  0.0000
 48.0000	304.0000	 15.6187	 -0.0060	  0.0000
 64.0000	304.0000	 15.2331	 -0.0108	  0.0000
 80.0000	304.0000	 15.3899	 -0.0293	  0.0000
 96.0000	304.0000	 14.4714	  0.0267	  0.0000
112.0000	304.0000	 15.3480	 -0.2613	  0.0000
128.0000	304.0000	 15.1776	 -0.4967	  0.0000
144.0000	304.0000	 15.5168	 -0.5040	  0.0000
160.0000	304.0000	 14.6051	  0.0022	  0.0000
176.0000	304.0000	 14.7502	 -0.4911	  0.0000
192.0000	304.0000	 15.2606	 -0.0035	  0.0000
208.0000	304.0000	 15.0452	 -0.2636	  0.0000
224.0000	304.0000	 15.0037	 -0.0057	  0.0000
240.0000	304.0000	 14.9931	 -0.0044	  0.0000
256.0000	304.0000	 14.6870	 -0.0236	  0.0000
272.0000	304.0000	 14.8360	 -0.0226	  0.0000
288.0000	304.0000	 14.7573	  0.0245	  0.0000
304.0000	304.0000	 15.0583	 -0.0108	  0.0000
320.0000	304.0000	 14.9172	  0.0013	  0.0000
336.0000	304.0000	 15.2512	 -0.0261	  0.0000
352.0000	304.0000	 15.0967	 -0.0089	  0.0000
368.0000	304.0000	 14.5853	 -0.0020	  0.0000
384.0000	304.0000	 14.9449	  0.0113	  0.0000
400.0000	304.0000	 15.7534	  0.0020	  0.0000
416.0000	304.0000	 14.6879	  0.0048	  0.0000
432.0000	304.0000	 15.3851	 -0.2318	  0.0000
448.0000	304.0000	 15.2227	 -0.0121	  0.0000
464.0000	304.0000	 15.5110	 -0.2477	  0.0000
480.0000	304.0000	 15.0807	 -0.0029	  0.0000
496.0000	304.0000	 14.7179	 -0.0056	  0.0000
 16.0000	288.0000	 15.5852	 -0.9639	  0.0000
 32.0000	288.0000	 15.5481	 -0.9532	  0.0000
 48.0000	288.0000	 14.9597	 -0.0004	  0.0000
 64.0000	288.0000	 15.5621	 -0.0316	  0.0000
 80.0000	288.0000	 15.0992	 -0.0138	  0.0000
 96.0000	288.0000	 15.6720	 -0.0030	  0.0000
112.0000	288.0000	 15.1038	  0.0089	  0.0000
128.0000	288.0000	 15.5646	 -0.9802	  0.0000
144.0000	288.0000	 15.0671	  0.0093	  0.0000
160.0000	288.0000	 15.7271	 -0.9821	  0.0000
176.0000	288.0000	 15.0695	 -0.0012	  0.0000
192.0000	288.0000	 15.6153	 -0.0123	  0.0000
208.0000	288.0000	 14.9989	 -0.0098	  0.0000
224.0000	288.0000	 15.9794	 -0.0015	  0.0000
240.0000	288.0000	 15.0000	  0.0000	  0.0000
256.0000	288.0000	 15.5295	 -0.0045	  0.0000
272.0000	288.0000	 15.5709	 -0.0006	  0.0000
288.0000	288.0000	 15.2088	 -0.0250	  0.0000
304.0000	288.0000	 15.6249	  0.0016	  0.0000
320.0000	288.0000	 15.6822	 -0.0072	  0.0000
336.0000	288.0000	 15.0871	 -0.0058	  0.0000
352.0000	288.0000	 16.0062	 -0.0248	  0.0000
368.0000	288.0000	 15.2079	 -0.0152	  0.0000
384.0000	288.0000	 15.6783	 -0.0249	  0.0000
400.0000	288.0000	 15.0966	 -0.0054	  0.0000
416.0000	288.0000	 15.9082	 -0.0105	  0.0000
432.0000	288.0000	 15.1121	 -0.0023	  0.0000
448.0000	288.0000	 15.6342	 -0.0164	  0.0000
464.0000	288.0000	 15.0633	 -0.0120	  0.0000
480.0000	288.0000	 15.0147	 -0.0168	  0.0000
496.0000	288.0000	 15.0834	 -0.0125	  0.0000
 16.0000	272.0000	 15.3701	  0.0229	  0.0000
 32.0000	272.0000	 15.3536	  0.0263	  0.0000
 48.0000	272.0000	 15.6487	 -0.0098	  0.0000
 64.0000	272.0000	 15.3252	 -0.0308	  0.0000
 80.0000	272.0000	 15.8381	 -0.0375	  0.0000
 96.0000	272.0000	 15.3280	  0.0063	  0.0000
112.0000	272.0000	 15.8030	 -0.2374	  0.0000
128.0000	272.0000	 15.3070	  0.0032	  0.0000
144.0000	272.0000	 15.7554	 -0.4746	  0.0000
160.0000	272.0000	 15.2105	  0.0132	  0.0000
176.0000	272.0000	 15.8893	 -0.4935	  0.0000
192.0000	272.0000	 15.3223	 -0.0062	  0.0000
208.0000	272.0000	 15.9352	 -0.2433	  0.0000
224.0000	272.0000	 15.3687	  0.0018	  0.0000
240.0000	272.0000	 15.9144	 -0.0024	  0.0000
256.0000	272.0000	 15.2800	 -0.0443	  0.0000
272.0000	272.0000	 15.9958	 -0.0512	  0.0000
288.0000	272.0000	 15.8255	 -0.0202	  0.0000
304.0000	272.0000	 15.9182	 -0.0304	  0.0000
320.0000	272.0000	 15.3121	  0.0015	  0.0000
336.0000	272.0000	 15.7526	 -0.0044	  0.0000
352.0000	272.0000	 15.3244	  0.0027	  0.0000
368.0000	272.0000	 15.8624	 -0.0128	  0.0000
384.0000	272.0000	 15.3333	 -0.0115	  0.0000
400.0000	272.0000	 15.7883	 -0.0085	  0.0000
416.0000	272.0000	 15.3041	 -0.0073	  0.0000
432.0000	272.0000	 15.7699	 -0.0045	  0.0000
448.0000	272.0000	 15.2999	 -0.0079	  0.0000
464.0000	272.0000	 15.6957	 -0.0193	  0.0000
480.0000	272.0000	 15.3193	 -0.0026	  0.0000
496.0000	272.0000	 15.0000	  0.0000	  0.0000
 16.0000	256.0000	 15.0166	 -0.0029	  0.0000
 32.0000	256.0000	 15.0166	 -0.0029	  0.0000
 48.0000	256.0000	 15.4234	 -0.0027	  0.0000
 64.0000	256.0000	 15.8142	 -0.0448	  0.0000
 80.0000	256.0000	 15.4256	 -0.0249	  0.0000
 96.0000	256.0000	 15.8191	 -0.0138	  0.0000
112.0000	256.0000	 15.3402	  0.0084	  0.0000
128.0000	256.0000	 15.7965	 -0.9540	  0.0000
144.0000	256.0000	 15.3568	  0.0426	  0.0000
160.0000	256.0000	 15.6947	 -0.7835	  0.0000
176.0000	256.0000	 15.4785	 -0.0090	  0.0000
192.0000	256.0000	 15.9244	 -1.0135	  0.0000
208.0000	256.0000	 15.4565	 -0.0666	  0.0000
224.0000	256.0000	 15.8072	 -0.0055	  0.0000
240.0000	256.0000	 15.4060	  0.0039	  0.0000
256.0000	256.0000	 15.8148	 -0.0381	  0.0000
272.0000	256.0000	 15.4330	 -0.0251	  0.0000
288.0000	256.0000	 15.7639	 -0.0541	  0.0000
304.0000	256.0000	 15.3462	 -0.0423	  0.0000
320.0000	256.0000	 15.7737	 -0.0228	  0.0000
336.0000	256.0000	 15.2460	  0.0030	  0.0000
352.0000	256.0000	 15.7242	 -0.9329	  0.0000
368.0000	256.0000	 15.3486	  0.0149	  0.0000
384.0000	256.0000	 15.8275	 -0.8864	  0.0000
400.0000	256.0000	 15.3541	 -0.0024	  0.0000
416.0000	256.0000	 15.7886	 -0.0022	  0.0000
432.0000	256.0000	 15.4237	  0.0009	  0.0000
448.0000	256.0000	 15.7157	 -0.0152	  0.0000
464.0000	256.0000	 15.4489	 -0.0162	  0.0000
480.0000	256.0000	 15.7194	 -0.0026	  0.0000
496.0000	256.0000	 15.4293	  0.0018	  0.0000
 16.0000	240.0000	 14.5000	  0.0000	  0.0000
 32.0000	240.0000	 15.8221	  0.0224	  0.0000
 48.0000	240.0000	 16.0819	  0.0229	  0.0000
 64.0000	240.0000	 15.3378	 -0.0048	  0.0000
 80.0000	240.0000	 15.7108	 -0.0218	  0.0000
 96.0000	240.0000	 15.2470	  0.0010	  0.0000
112.0000	240.0000	 15.7846	 -0.2319	  0.0000
128.0000	240.0000	 15.1745	  0.0555	  0.0000
144.0000	240.0000	 15.9369	 -0.1892	  0.0000
160.0000	240.0000	 15.2881	  0.0208	  0.0000
176.0000	240.0000	 15.8878	 -0.2363	  0.0000
192.0000	240.0000	 15.3898	 -0.0344	  0.0000
208.0000	240.0000	 15.8556	 -0.2853	  0.0000
224.0000	240.0000	 15.3522	  0.0045	  0.0000
240.0000	240.0000	 15.2439	 -0.0076	  0.0000
256.0000	240.0000	 15.8054	  0.0151	  0.0000
272.0000	240.0000	 15.5800	 -0.0029	  0.0000
288.0000	240.0000	 15.3816	 -0.0050	  0.0000
304.0000	240.0000	 15.7261	 -0.0348	  0.0000
320.0000	240.0000	 15.2893	 -0.0063	  0.0000
336.0000	240.0000	 15.8329	 -0.0079	  0.0000
352.0000	240.0000	 15.2666	  0.0191	  0.0000
368.0000	240.0000	 16.0089	 -0.9265	  0.0000
384.0000	240.0000	 15.3288	  0.0111	  0.0000
400.0000	240.0000	 15.9652	 -0.2356	  0.0000
416.0000	240.0000	 15.5013	  0.0021	  0.0000
432.0000	240.0000	 15.7071	 -0.2410	  0.0000
448.0000	240.0000	 15.7979	  0.0061	  0.0000
464.0000	240.0000	 15.4461	  0.0084	  0.0000
480.0000	240.0000	 15.2771	  0.0080	  0.0000
496.0000	240.0000	 15.2834	 -0.0024	  0.0000
 16.0000	224.0000	 14.7959	  0.0074	  0.0000
 32.0000	224.0000	 15.2001	  0.0224	  0.0000
 48.0000	224.0000	 15.5564	  0.0244	  0.0000
 64.0000	224.0000	 15.1782	 -0.8308	  0.0000
 80.0000	224.0000	 15.1332	 -0.0025	  0.0000
 96.0000	224.0000	 15.6479	 -0.0208	  0.0000
112.0000	224.0000	 15.0371	  0.0059	  0.0000
128.0000	224.0000	 15.5324	 -0.9037	  0.0000
144.0000	224.0000	 15.1649	  0.0011	  0.0000
160.0000	224.0000	 15.9648	 -0.9581	  0.0000
176.0000	224.0000	 15.1296	  0.0074	  0.0000
192.0000	224.0000	 15.7044	 -0.0093	  0.0000
208.0000	224.0000	 15.0802	 -0.0037	  0.0000
224.0000	224.0000	 15.8318	 -0.0138	  0.0000
240.0000	224.0000	 14.5000	  0.0000	  0.0000
256.0000	224.0000	 15.4731	  0.0108	  0.0000
272.0000	224.0000	 14.5000	  0.0000	  0.0000
288.0000	224.0000	 15.8313	 -0.0013	  0.0000
304.0000	224.0000	 15.1201	 -0.0020	  0.0000
320.0000	224.0000	 15.5722	 -0.0098	  0.0000
336.0000	224.0000	 15.1469	 -0.0046	  0.0000
352.0000	224.0000	 16.0464	 -0.9692	  0.0000
368.0000	224.0000	 15.1783	  0.0263	  0.0000
384.0000	224.0000	 15.8421	 -0.9497	  0.0000
400.0000	224.0000	 15.0206	  0.0020	  0.0000
416.0000	224.0000	 15.8299	 -0.9689	  0.0000
432.0000	224.0000	 15.5998	  0.0087	  0.0000
448.0000	224.0000	 16.1000	  0.0003	  0.0000
464.0000	224.0000	 15.6253	  0.0091	  0.0000
480.0000	224.0000	 15.1960	  0.0046	  0.0000
496.0000	224.0000	 15.1513	 -0.0029	  0.0000
 16.0000	208.0000	 14.3788	  0.0119	  0.0000
 32.0000	208.0000	 14.7390	 -0.0142	  0.0000
 48.0000	208.0000	 15.0211	 -0.8833	  0.0000
 64.0000	208.0000	 14.9396	 -0.0070	  0.0000
 80.0000	208.0000	 15.2189	 -0.0022	  0.0000
 96.0000	208.0000	 15.3716	 -0.0019	  0.0000
112.0000	208.0000	 15.5457	 -0.0211	  0.0000
128.0000	208.0000	 15.0385	  0.0070	  0.0000
144.0000	208.0000	 15.5506	  0.0025	  0.0000
160.0000	208.0000	 15.2415	  0.0251	  0.0000
176.0000	208.0000	 14.8686	 -0.2617	  0.0000
192.0000	208.0000	 15.2447	 -0.5044	  0.0000
208.0000	208.0000	 15.5766	 -0.2579	  0.0000
224.0000	208.0000	 14.8519	  0.0013	  0.0000
240.0000	208.0000	 14.7013	 -0.0050	  0.0000
256.0000	208.0000	 15.0183	 -0.0106	  0.0000
272.0000	208.0000	 15.0611	 -0.0062	  0.0000
288.0000	208.0000	 15.0223	  0.0057	  0.0000
304.0000	208.0000	 15.5005	 -0.2457	  0.0000
320.0000	208.0000	 15.0290	 -0.0012	  0.0000
336.0000	208.0000	 15.3893	 -0.2542	  0.0000
352.0000	208.0000	 14.6237	 -0.0043	  0.0000
368.0000	208.0000	 15.7952	 -0.0225	  0.0000
384.0000	208.0000	 14.7932	  0.0006	  0.0000
400.0000	208.0000	 15.2044	 -0.2533	  0.0000
416.0000	208.0000	 15.0241	 -0.0617	  0.0000
432.0000	208.0000	 15.3776	 -0.4460	  0.0000
448.0000	208.0000	 14.5470	 -0.0004	  0.0000
464.0000	208.0000	 15.1274	 -0.2649	  0.0000
480.0000	208.0000	 14.4143	  0.0113	  0.0000
496.0000	208.0000	 14.7718	 -0.0004	  0.0000
 16.0000	192.0000	 14.7225	 -0.9546	  0.0000
 32.0000	192.0000	 14.8824	 -0.9231	  0.0000
 48.0000	192.0000	 14.0165	  0.0098	  0.0000
 64.0000	192.0000	 14.5916	 -0.0259	  0.0000
 80.0000	192.0000	 13.8606	 -0.0119	  0.0000
 96.0000	192.0000	 13.6367	 -0.0454	  0.0000
112.0000	192.0000	 14.1594	 -0.0091	  0.0000
128.0000	192.0000	 14.4924	 -0.0818	  0.0000
144.0000	192.0000	 14.3770	 -0.0095	  0.0000
160.0000	192.0000	 14.2995	 -0.0438	  0.0000
176.0000	192.0000	 14.1035	 -0.4981	  0.0000
192.0000	192.0000	 14.6010	 -0.0588	  0.0000
208.0000	192.0000	 14.4135	 -0.4934	  0.0000
224.0000	192.0000	 14.7663	 -0.9420	  0.0000
240.0000	192.0000	 13.8624	  0.0010	  0.0000
256.0000	192.0000	 14.9761	 -0.0184	  0.0000
272.0000	192.0000	 14.6567	 -0.0133	  0.0000
288.0000	192.0000	 14.4017	 -0.9887	  0.0000
304.0000	192.0000	 14.1088	  0.0114	  0.0000
320.0000	192.0000	 14.4327	 -0.9579	  0.0000
336.0000	192.0000	 14.4558	  0.0001	  0.0000
352.0000	192.0000	 14.6653	 -0.0400	  0.0000
368.0000	192.0000	 14.1975	  0.0008	  0.0000
384.0000	192.0000	 15.0547	 -0.0813	  0.0000
400.0000	192.0000	 14.3867	  0.0015	  0.0000
416.0000	192.0000	 14.1987	 -0.9624	  0.0000
432.0000	192.0000	 13.9819	  0.0141	  0.0000
448.0000	192.0000	 14.7092	 -0.9326	  0.0000
464.0000	192.0000	 14.5323	  0.0084	  0.0000
480.0000	192.0000	 14.5263	 -0.8456	  0.0000
496.0000	192.0000	 13.7495	  0.0050	  0.0000
 16.0000	176.0000	 12.6241	  0.0619	  0.0000
 32.0000	176.0000	 12.8628	  0.0117	  0.0000
 48.0000	176.0000	 13.7602	 -0.8488	  0.0000
 64.0000	176.0000	 13.3808	  0.0095	  0.0000
 80.0000	176.0000	 13.5352	 -0.0316	  0.0000
 96.0000	176.0000	 12.9497	 -0.0001	  0.0000
112.0000	176.0000	 13.4896	 -0.1082	  0.0000
128.0000	176.0000	 13.3947	 -0.0489	  0.0000
144.0000	176.0000	 13.6152	 -0.0377	  0.0000
160.0000	176.0000	 13.0721	 -0.0214	  0.0000
176.0000	176.0000	 13.7304	 -0.3040	  0.0000
192.0000	176.0000	 13.0338	 -0.5174	  0.0000
208.0000	176.0000	 13.9015	 -0.3356	  0.0000
224.0000	176.0000	 13.4679	 -0.0261	  0.0000
240.0000	176.0000	 13.5180	 -0.0411	  0.0000
256.0000	176.0000	 13.5863	 -0.0000	  0.0000
272.0000	176.0000	 13.3471	 -0.0291	  0.0000
288.0000	176.0000	 13.0362	 -0.0059	  0.0000
304.0000	176.0000	 13.7060	 -0.2668	  0.0000
320.0000	176.0000	 13.8775	 -0.0226	  0.0000
336.0000	176.0000	 14.0064	 -0.2738	  0.0000
352.0000	176.0000	 13.2140	 -0.0275	  0.0000
368.0000	176.0000	 13.2428	 -0.1035	  0.0000
384.0000	176.0000	 14.1852	 -0.0019	  0.0000
400.0000	176.0000	 13.4626	 -0.0240	  0.0000
416.0000	176.0000	 13.7265	 -0.0177	  0.0000
432.0000	176.0000	 14.2865	 -0.2698	  0.0000
448.0000	176.0000	 13.6505	 -0.0163	  0.0000
464.0000	176.0000	 13.8206	 -0.2342	  0.0000
480.0000	176.0000	 13.6204	 -0.0070	  0.0000
496.0000	176.0000	 13.1729	 -0.0108	  0.0000
 16.0000	160.0000	 12.3414	 -1.0265	  0.0000
 32.0000	160.0000	 12.3469	 -0.9505	  0.0000
 48.0000	160.0000	 12.2523	  0.0078	  0.0000
 64.0000	160.0000	 12.8899	 -0.9390	  0.0000
 80.0000	160.0000	 12.5007	 -0.0027	  0.0000
 96.0000	160.0000	 13.1852	 -0.0898	  0.0000
112.0000	160.0000	 12.6422	 -0.0001	  0.0000
128.0000	160.0000	 12.8727	 -0.0576	  0.0000
144.0000	160.0000	 12.1191	 -0.0336	  0.0000
160.0000	160.0000	 13.0458	  0.0157	  0.0000
176.0000	160.0000	 12.2537	  0.0511	  0.0000
192.0000	160.0000	 13.4352	 -0.0527	  0.0000
208.0000	160.0000	 13.1917	 -0.0135	  0.0000
224.0000	160.0000	 12.7679	 -0.1363	  0.0000
240.0000	160.0000	 12.7867	 -0.0688	  0.0000
256.0000	160.0000	 12.3712	 -0.1050	  0.0000
272.0000	160.0000	 12.2818	 -0.0322	  0.0000
288.0000	160.0000	 12.9400	 -0.0694	  0.0000
304.0000	160.0000	 12.8949	  0.0083	  0.0000
320.0000	160.0000	 12.5969	 -0.7798	  0.0000
336.0000	160.0000	 12.5485	  0.0033	  0.0000
352.0000	160.0000	 12.9875	 -0.1032	  0.0000
368.0000	160.0000	 13.2345	 -0.0693	  0.0000
384.0000	160.0000	 12.8142	 -0.9647	  0.0000
400.0000	160.0000	 12.9177	  0.0223	  0.0000
416.0000	160.0000	 12.6495	 -0.0392	  0.0000
432.0000	160.0000	 12.7936	 -0.0037	  0.0000
448.0000	160.0000	 13.1339	 -0.0129	  0.0000
464.0000	160.0000	 12.8018	  0.0013	  0.0000
480.0000	160.0000	 12.8738	 -0.0929	  0.0000
496.0000	160.0000	 12.4529	 -0.0702	  0.0000
 16.0000	144.0000	 11.2581	 -0.0026	  0.0000
 32.0000	144.0000	 10.9225	  0.0045	  0.0000
 48.0000	144.0000	 11.6297	 -0.7062	  0.0000
 64.0000	144.0000	 11.4135	 -0.0034	  0.0000
 80.0000	144.0000	 11.8401	 -0.0191	  0.0000
 96.0000	144.0000	 11.4241	  0.0026	  0.0000
112.0000	144.0000	 11.1474	 -0.2702	  0.0000
128.0000	144.0000	 10.9001	 -0.0081	  0.0000
144.0000	144.0000	 11.5628	 -0.2246	  0.0000
160.0000	144.0000	 11.6317	  0.0023	  0.0000
176.0000	144.0000	 11.4974	 -0.0079	  0.0000
192.0000	144.0000	 11.6562	  0.0005	  0.0000
208.0000	144.0000	 11.5173	 -0.0163	  0.0000
224.0000	144.0000	 11.5933	 -0.0006	  0.0000
240.0000	144.0000	 11.5517	  0.0616	  0.0000
256.0000	144.0000	 11.2092	  0.0396	  0.0000
272.0000	144.0000	 11.7434	 -0.0251	  0.0000
288.0000	144.0000	 11.5721	 -0.0299	  0.0000
304.0000	144.0000	 12.7075	 -0.0495	  0.0000
320.0000	144.0000	 11.7702	  0.0135	  0.0000
336.0000	144.0000	 12.0843	 -0.0309	  0.0000
352.0000	144.0000	 12.3955	  0.0004	  0.0000
368.0000	144.0000	 10.9775	  0.0468	  0.0000
384.0000	144.0000	 10.9951	  0.0100	  0.0000
400.0000	144.0000	 11.8329	 -0.0089	  0.0000
416.0000	144.0000	 11.7282	 -0.0002	  0.0000
432.0000	144.0000	 12.1808	 -0.0618	  0.0000
448.0000	144.0000	 11.8066	 -0.0132	  0.0000
464.0000	144.0000	 11.2386	 -0.0218	  0.0000
480.0000	144.0000	 11.3813	 -0.0050	  0.0000
496.0000	144.0000	 11.2844	  0.0323	  0.0000
 16.0000	128.0000	 10.6481	  0.0050	  0.0000
 32.0000	128.0000	 10.0175	 -0.0129	  0.0000
 48.0000	128.0000	  9.5241	 -0.0030	  0.0000
 64.0000	128.0000	 10.1363	 -0.0078	  0.0000
 80.0000	128.0000	 10.7945	 -0.0123	  0.0000
 96.0000	128.0000	 10.5101	 -0.9802	  0.0000
112.0000	128.0000	 10.2438	  0.0056	  0.0000
128.0000	128.0000	 10.2730	 -0.9088	  0.0000
144.0000	128.0000	  9.8641	 -0.0027	  0.0000
160.0000	128.0000	 10.9884	 -0.9209	  0.0000
176.0000	128.0000	  9.7401	  0.0115	  0.0000
192.0000	128.0000	  9.6308	 -0.0550	  0.0000
208.0000	128.0000	  9.9708	  0.0066	  0.0000
224.0000	128.0000	  9.8153	 -0.7837	  0.0000
240.0000	128.0000	 10.1798	  0.0407	  0.0000
256.0000	128.0000	 10.2923	 -0.0259	  0.0000
272.0000	128.0000	  9.7616	 -0.0440	  0.0000
288.0000	128.0000	 10.1602	 -0.0799	  0.0000
304.0000	128.0000	 10.0346	 -0.0716	  0.0000
320.0000	128.0000	 10.8832	 -0.0892	  0.0000
336.0000	128.0000	  9.8612	  0.0020	  0.0000
352.0000	128.0000	  9.9251	 -0.8508	  0.0000
368.0000	128.0000	  9.4284	 -0.0230	  0.0000
384.0000	128.0000	 10.6079	 -0.9574	  0.0000
400.0000	128.0000	  9.9482	  0.0234	  0.0000
416.0000	128.0000	 10.7150	 -0.0102	  0.0000
432.0000	128.0000	 10.2149	  0.0017	  0.0000
448.0000	128.0000	 10.4387	 -0.0243	  0.0000
464.0000	128.0000	  9.9235	  0.0015	  0.0000
480.0000	128.0000	 10.1721	 -0.0366	  0.0000
496.0000	128.0000	  9.9943	 -0.0034	  0.0000
 16.0000	112.0000	  8.3605	 -0.0150	  0.0000
 32.0000	112.0000	  9.2969	  0.0093	  0.0000
 48.0000	112.0000	  9.8407	 -0.0174	  0.0000
 64.0000	112.0000	  8.8786	  0.0218	  0.0000
 80.0000	112.0000	  8.2975	 -0.9512	  0.0000
 96.0000	112.0000	  8.3961	 -0.0027	  0.0000
112.0000	112.0000	  8.4070	 -0.2165	  0.0000
128.0000	112.0000	  8.2733	  0.0037	  0.0000
144.0000	112.0000	  8.7658	 -0.3719	  0.0000
160.0000	112.0000	  9.0914	 -0.4101	  0.0000
176.0000	112.0000	  8.6462	 -0.3223	  0.0000
192.0000	112.0000	  8.9594	  0.0011	  0.0000
208.0000	112.0000	  8.0475	 -0.0410	  0.0000
224.0000	112.0000	  8.0195	  0.0208	  0.0000
240.0000	112.0000	  8.8880	 -0.8534	  0.0000
256.0000	112.0000	  8.9468	  0.0062	  0.0000
272.0000	112.0000	  8.9468	 -0.0180	  0.0000
288.0000	112.0000	  8.8520	 -0.0259	  0.0000
304.0000	112.0000	  9.5068	 -0.0466	  0.0000
320.0000	112.0000	  8.7815	 -0.0016	  0.0000
336.0000	112.0000	  9.6506	 -0.0306	  0.0000
352.0000	112.0000	  8.9285	  0.0122	  0.0000
368.0000	112.0000	  8.2478	  0.0801	  0.0000
384.0000	112.0000	  8.4123	  0.1027	  0.0000
400.0000	112.0000	  9.4469	 -0.1027	  0.0000
416.0000	112.0000	  8.3672	 -0.0727	  0.0000
432.0000	112.0000	  9.1352	  0.0018	  0.0000
448.0000	112.0000	  8.5835	 -0.0002	  0.0000
464.0000	112.0000	  8.9804	 -0.8563	  0.0000
480.0000	112.0000	  8.8876	  0.0119	  0.0000
496.0000	112.0000	  8.0455	  0.0181	  0.0000
 16.0000	 96.0000	  6.7854	 -0.1217	  0.0000
 32.0000	 96.0000	  6.6192	 -0.1180	  0.0000
 48.0000	 96.0000	  6.8272	  0.0011	  0.0000
 64.0000	 96.0000	  7.8786	 -0.0779	  0.0000
 80.0000	 96.0000	  7.9591	 -0.0652	  0.0000
 96.0000	 96.0000	  7.6205	  0.0044	  0.0000
112.0000	 96.0000	  7.3553	 -0.0003	  0.0000
128.0000	 96.0000	  6.8338	 -0.9099	  0.0000
144.0000	 96.0000	  6.3286	 -0.5771	  0.0000
160.0000	 96.0000	  6.8911	 -0.0577	  0.0000
176.0000	 96.0000	  6.4959	 -0.5290	  0.0000
192.0000	 96.0000	  7.1057	 -0.0819	  0.0000
208.0000	 96.0000	  6.8234	 -0.0259	  0.0000
224.0000	 96.0000	  6.9593	 -0.1621	  0.0000
240.0000	 96.0000	  6.8419	 -0.0084	  0.0000
256.0000	 96.0000	  6.8809	 -0.9155	  0.0000
272.0000	 96.0000	  7.3488	 -0.0782	  0.0000
288.0000	 96.0000	  7.2474	 -1.0611	  0.0000
304.0000	 96.0000	  6.9094	  0.0041	  0.0000
320.0000	 96.0000	  6.8955	 -1.0326	  0.0000
336.0000	 96.0000	  7.1554	 -0.0275	  0.0000
352.0000	 96.0000	  7.4997	 -0.0453	  0.0000
368.0000	 96.0000	  7.0483	 -0.0080	  0.0000
384.0000	 96.0000	  7.1398	 -0.0231	  0.0000
400.0000	 96.0000	  7.2008	  0.0200	  0.0000
416.0000	 96.0000	  6.5689	 -0.0177	  0.0000
432.0000	 96.0000	  6.6531	  0.0556	  0.0000
448.0000	 96.0000	  7.0434	 -0.6555	  0.0000
464.0000	 96.0000	  6.7206	 -0.1809	  1.0000
480.0000	 96.0000	  7.1228	 -0.0746	  0.0000
496.0000	 96.0000	  6.0630	 -0.0492	  0.0000
 16.0000	 80.0000	  4.4198	 -0.0136	  0.0000
 32.0000	 80.0000	  4.6456	 -0.0555	  0.0000
 48.0000	 80.0000	  4.9490	 -0.0578	  0.0000
 64.0000	 80.0000	  4.8999	 -0.0365	  1.0000
 80.0000	 80.0000	  5.0781	  0.0228	  0.0000
 96.0000	 80.0000	  4.9271	 -0.0557	  0.0000
112.0000	 80.0000	  4.4539	 -0.2501	  0.0000
128.0000	 80.0000	  5.1955	  0.0385	  0.0000
144.0000	 80.0000	  5.0598	 -0.5011	  0.0000
160.0000	 80.0000	  5.4238	 -0.5580	  0.0000
176.0000	 80.0000	  5.8750	 -0.5597	  0.0000
192.0000	 80.0000	  5.3130	  0.0084	  0.0000
208.0000	 80.0000	  5.2336	 -0.2470	  0.0000
224.0000	 80.0000	  5.3112	 -0.0079	  1.0000
240.0000	 80.0000	  5.3975	  0.0996	  0.0000
256.0000	 80.0000	  5.3007	  0.1076	  0.0000
272.0000	 80.0000	  5.2738	 -0.8626	  0.0000
288.0000	 80.0000	  5.0698	  0.1563	  0.0000
304.0000	 80.0000	  5.1700	 -0.9472	  0.0000
320.0000	 80.0000	  5.2874	  0.1109	  0.0000
336.0000	 80.0000	  5.6703	 -0.8767	  0.0000
352.0000	 80.0000	  5.4342	  0.0040	  0.0000
368.0000	 80.0000	  5.5956	 -0.2628	  0.0000
384.0000	 80.0000	  4.8616	 -0.0135	  0.0000
400.0000	 80.0000	  4.9731	 -0.2701	  0.0000
416.0000	 80.0000	  4.0381	 -0.0009	  0.0000
432.0000	 80.0000	  6.2935	 -0.0150	  0.0000
448.0000	 80.0000	  5.7683	 -0.0222	  0.0000
464.0000	 80.0000	  5.0707	 -0.0168	  0.0000
480.0000	 80.0000	  5.4863	 -0.1265	  0.0000
496.0000	 80.0000	  5.4463	 -0.0826	  0.0000
 16.0000	 64.0000	  3.9883	 -0.0396	  0.0000
 32.0000	 64.0000	  3.6205	  0.0040	  0.0000
 48.0000	 64.0000	  2.9572	  0.0258	  0.0000
 64.0000	 64.0000	  3.2118	 -0.0155	  0.0000
 80.0000	 64.0000	  2.9908	 -0.0050	  1.0000
 96.0000	 64.0000	  3.0949	 -0.0210	  0.0000
112.0000	 64.0000	  2.6993	 -0.0091	  0.0000
128.0000	 64.0000	  4.2408	 -0.9398	  0.0000
144.0000	 64.0000	  4.2192	  0.0042	  0.0000
160.0000	 64.0000	  3.5552	  0.0098	  0.0000
176.0000	 64.0000	  2.8746	  0.0079	  0.0000
192.0000	 64.0000	  3.4549	 -0.9762	  0.0000
208.0000	 64.0000	  2.5185	 -0.0092	  0.0000
224.0000	 64.0000	  3.0161	  0.0381	  0.0000
240.0000	 64.0000	  4.1608	  0.0067	  0.0000
256.0000	 64.0000	  3.8253	 -0.0337	  0.0000
272.0000	 64.0000	  4.3549	 -0.0016	  0.0000
288.0000	 64.0000	  4.0373	 -0.1674	  0.0000
304.0000	 64.0000	  2.5480	  0.0098	  0.0000
320.0000	 64.0000	  2.7037	 -0.8018	  0.0000
336.0000	 64.0000	  3.0073	  0.0218	  0.0000
352.0000	 64.0000	  1.7885	  0.0024	  0.0000
368.0000	 64.0000	  1.4411	  0.0403	  0.0000
384.0000	 64.0000	  3.1848	 -1.0245	  0.0000
400.0000	 64.0000	  3.3841	  0.0275	  0.0000
416.0000	 64.0000	  4.0179	 -0.9747	  0.0000
432.0000	 64.0000	  2.4050	 -0.0224	  0.0000
448.0000	 64.0000	  1.9926	 -0.0725	  0.0000
464.0000	 64.0000	  1.4109	  0.0100	  0.0000
480.0000	 64.0000	  3.8652	 -0.9267	  0.0000
496.0000	 64.0000	  3.5906	  0.0708	  0.0000
 16.0000	 48.0000	  1.0573	 -0.0212	  0.0000
 32.0000	 48.0000	  1.2205	 -0.0628	  0.0000
 48.0000	 48.0000	  1.2736	 -0.0171	  0.0000
 64.0000	 48.0000	  0.9120	 -0.0057	  0.0000
 80.0000	 48.0000	  0.7384	 -0.0087	  0.0000
 96.0000	 48.0000	  0.4133	  0.0154	  0.0000
112.0000	 48.0000	  2.0113	 -0.4536	  0.0000
128.0000	 48.0000	  1.4250	 -0.0152	  0.0000
144.0000	 48.0000	  0.9950	 -0.4997	  0.0000
160.0000	 48.0000	  1.7116	  0.0022	  0.0000
176.0000	 48.0000	  2.0727	 -0.5681	  0.0000
192.0000	 48.0000	  2.1670	 -0.1187	  0.0000
208.0000	 48.0000	  1.0813	 -0.5623	  0.0000
224.0000	 48.0000	  0.8515	  0.0042	  0.0000
240.0000	 48.0000	  0.6098	 -0.0081	  0.0000
256.0000	 48.0000	  0.7832	  0.0029	  0.0000
272.0000	 48.0000	  0.6393	 -0.0322	  0.0000
288.0000	 48.0000	  1.1375	 -0.0089	  0.0000
304.0000	 48.0000	  1.3443	 -0.9751	  0.0000
320.0000	 48.0000	  1.3941	  0.0249	  0.0000
336.0000	 48.0000	  1.5010	 -0.8370	  0.0000
352.0000	 48.0000	  0.4587	 -0.0045	  0.0000
368.0000	 48.0000	  1.1537	 -0.4545	  0.0000
384.0000	 48.0000	  1.7179	  0.0456	  0.0000
400.0000	 48.0000	  2.7860	 -0.5004	  0.0000
416.0000	 48.0000	  2.2676	 -0.0236	  0.0000
432.0000	 48.0000	  1.9763	 -0.0475	  0.0000
448.0000	 48.0000	  1.6340	  0.0199	  0.0000
464.0000	 48.0000	  1.4526	 -0.0373	  0.0000
480.0000	 48.0000	  1.3422	 -0.0330	  0.0000
496.0000	 48.0000	  0.5282	 -0.0080	  0.0000
 16.0000	 32.0000	  0.3912	 -0.9509	  0.0000
 32.0000	 32.0000	  0.2902	 -0.9831	  0.0000
 48.0000	 32.0000	  0.0005	 -0.0000	  0.0000
 64.0000	 32.0000	  0.2145	 -0.0046	  0.0000
 80.0000	 32.0000	  0.0001	  0.0000	  0.0000
 96.0000	 32.0000	  0.0830	 -0.9837	  0.0000
112.0000	 32.0000	  0.0001	  0.0000	  0.0000
128.0000	 32.0000	  0.4790	 -0.9748	  0.0000
144.0000	 32.0000	  0.0628	 -0.0001	  0.0000
160.0000	 32.0000	  0.4137	 -0.0146	  0.0000
176.0000	 32.0000	  0.0026	 -0.0000	  0.0000
192.0000	 32.0000	  0.6209	 -0.9823	  0.0000
208.0000	 32.0000	  0.0083	  0.0036	  0.0000
224.0000	 32.0000	  0.1284	 -0.9623	  0.0000
240.0000	 32.0000	  0.0155	 -0.0001	  0.0000
256.0000	 32.0000	  0.1849	 -0.9901	  0.0000
272.0000	 32.0000	  0.1257	  0.0151	  0.0000
288.0000	 32.0000	  0.3105	 -0.7922	  0.0000
304.0000	 32.0000	  0.0135	  0.0001	  0.0000
320.0000	 32.0000	  0.4105	 -0.8535	  0.0000
336.0000	 32.0000	  0.1045	 -0.0007	  0.0000
352.0000	 32.0000	  0.4539	 -0.9576	  0.0000
368.0000	 32.0000	  0.5264	  0.0002	  0.0000
384.0000	 32.0000	  0.2241	 -0.9642	  0.0000
400.0000	 32.0000	  0.6005	 -0.0006	  0.0000
416.0000	 32.0000	  0.6946	 -0.0132	  0.0000
432.0000	 32.0000	  0.0457	  0.0003	  0.0000
448.0000	 32.0000	  0.5699	 -0.0194	  0.0000
464.0000	 32.0000	  0.1047	  0.0028	  0.0000
480.0000	 32.0000	  0.3289	 -0.0264	  0.0000
496.0000	 32.0000	  0.0719	 -0.0034	  0.0000
 16.0000	 16.0000	  0.2556	 -0.9908	  0.0000
 32.0000	 16.0000	  0.2555	 -0.9849	  0.0000
 48.0000	 16.0000	  0.0000	 -0.0000	  0.0000
 64.0000	 16.0000	  0.0000	 -0.0000	  0.0000
 80.0000	 16.0000	  0.0000	 -0.0000	  0.0000
 96.0000	 16.0000	  0.0827	  0.0038	  0.0000
112.0000	 16.0000	  0.0000	 -0.0000	  0.0000
128.0000	 16.0000	  0.0000	 -0.0000	  0.0000
144.0000	 16.0000	  0.0000	 -0.0000	  0.0000
160.0000	 16.0000	  0.0000	 -0.0000	  0.0000
176.0000	 16.0000	  0.0000	 -0.0000	  0.0000
192.0000	 16.0000	  0.0000	 -0.0000	  0.0000
208.0000	 16.0000	  0.0000	 -0.0000	  0.0000
224.0000	 16.0000	  0.1105	 -0.9648	  0.0000
240.0000	 16.0000	  0.0000	 -0.0000	  0.0000
256.0000	 16.0000	  0.1179	 -0.9296	  0.0000
272.0000	 16.0000	  0.0000	 -0.0000	  0.0000
288.0000	 16.0000	  0.2500	 -0.9899	  0.0000
304.0000	 16.0000	  0.0000	 -0.0000	  0.0000
320.0000	 16.0000	  0.3748	 -0.9358	  0.0000
336.0000	 16.0000	  0.0000	 -0.0000	  0.0000
352.0000	 16.0000	  0.4219	 -0.7944	  0.0000
368.0000	 16.0000	  0.0000	 -0.0000	  0.0000
384.0000	 16.0000	  0.0000	 -0.0000	  0.0000
400.0000	 16.0000	  0.0000	 -0.0000	  0.0000
416.0000	 16.0000	  0.0000	 -0.0000	  0.0000
432.0000	 16.0000	  0.0000	 -0.0000	  0.0000
448.0000	 16.0000	  0.0000	 -0.0000	  0.0000
464.0000	 16.0000	  0.0000	 -0.0000	  0.0000
480.0000	 16.0000	  0.0000	 -0.0000	  0.0000
496.0000	 16.0000	  0.0000	 -0.0000	  0.0000
