 16.0000	496.0000	  0.2392	 -0.0049	  0.0000
 32.0000	496.0000	  0.2392	 -0.0049	  0.0000
 48.0000	496.0000	  0.0000	 -0.0000	  0.0000
 64.0000	496.0000	  0.0950	 -0.0103	  0.0000
 80.0000	496.0000	  0.0000	 -0.0000	  0.0000
 96.0000	496.0000	  0.0000	 -0.0000	  0.0000
112.0000	496.0000	  0.0000	 -0.0000	  0.0000
128.0000	496.0000	  0.5784	 -0.0018	  0.0000
144.0000	496.0000	  0.0000	 -0.0000	  0.0000
160.0000	496.0000	  0.2347	 -0.0130	  0.0000
176.0000	496.0000	  0.0000	 -0.0000	  0.0000
192.0000	496.0000	  0.6011	 -0.0319	  0.0000
208.0000	496.0000	  0.0000	 -0.0000	  0.0000
224.0000	496.0000	  0.0000	 -0.0000	  0.0000
240.0000	496.0000	  0.0000	 -0.0000	  0.0000
256.0000	496.0000	  0.0000	 -0.0000	  0.0000
272.0000	496.0000	  0.0000	 -0.0000	  0.0000
288.0000	496.0000	  0.0000	 -0.0000	  0.0000
304.0000	496.0000	  0.0000	 -0.0000	  0.0000
320.0000	496.0000	  0.0000	 -0.0000	  0.0000
336.0000	496.0000	  0.0000	 -0.0000	  0.0000
352.0000	496.0000	  0.0000	 -0.0000	  0.0000
368.0000	496.0000	  0.0000	 -0.0000	  0.0000
384.0000	496.0000	  0.2294	 -0.0184	  0.0000
400.0000	496.0000	  0.0000	 -0.0000	  0.0000
416.0000	496.0000	  0.2481	 -0.0161	  0.0000
432.0000	496.0000	  0.0000	 -0.0000	  0.0000
448.0000	496.0000	  0.5936	 -0.0216	  0.0000
464.0000	496.0000	  0.0000	 -0.0000	  0.0000
480.0000	496.0000	  0.0000	 -0.0000	  0.0000
496.0000	496.0000	  0.0000	 -0.0000	  0.0000
 16.0000	480.0000	  0.2392	 -0.0049	  0.0000
 32.0000	480.0000	  0.2393	 -0.0049	  0.0000
 48.0000	480.0000	  0.0001	  0.0000	  0.0000
 64.0000	480.0000	  0.0979	 -0.0104	  0.0000
 80.0000	480.0000	  0.0028	 -0.0001	  0.0000
 96.0000	480.0000	  0.1868	 -0.9900	  0.0000
112.0000	480.0000	  0.0003	 -0.0000	  0.0000
128.0000	480.0000	  0.5800	 -0.0019	  0.0000
144.0000	480.0000	  0.0044	 -0.0002	  0.0000
160.0000	480.0000	  0.2408	 -0.0131	  0.0000
176.0000	480.0000	  0.0390	  0.0002	  0.0000
192.0000	480.0000	  0.6465	 -0.0312	  0.0000
208.0000	480.0000	  0.0546	  0.0038	  0.0000
224.0000	480.0000	  0.3744	 -0.8601	  0.0000
240.0000	480.0000	  0.1006	 -0.0041	  0.0000
256.0000	480.0000	  0.6706	 -0.8583	  0.0000
272.0000	480.0000	  0.0000	 -0.0000	  0.0000
288.0000	480.0000	  0.3110	 -0.9480	  0.0000
304.0000	480.0000	  0.1766	  0.0002	  0.0000
320.0000	480.0000	  0.4975	 -0.6294	  0.0000
336.0000	480.0000	  0.0581	  0.0038	  0.0000
352.0000	480.0000	  0.2702	 -0.8765	  0.0000
368.0000	480.0000	  0.0198	  0.0002	  0.0000
384.0000	480.0000	  0.2455	 -0.0183	  0.0000
400.0000	480.0000	  0.0000	 -0.0000	  0.0000
416.0000	480.0000	  0.2503	 -0.0163	  0.0000
432.0000	480.0000	  0.0102	 -0.0000	  0.0000
448.0000	480.0000	  0.6246	 -0.0215	  0.0000
464.0000	480.0000	  0.1311	  0.0157	  0.0000
480.0000	480.0000	  0.2796	 -0.9247	  0.0000
496.0000	480.0000	  0.0048	 -0.0000	  0.0000
 16.0000	464.0000	  0.0000	  0.0000	  0.0000
 32.0000	464.0000	  1.8251	 -0.0259	  0.0000
 48.0000	464.0000	  0.7777	 -0.2680	  0.0000
 64.0000	464.0000	  0.4130	 -0.0008	  0.0000
 80.0000	464.0000	  1.3266	 -0.2453	  0.0000
 96.0000	464.0000	  1.4182	  0.0018	  0.0000
112.0000	464.0000	  2.1210	 -0.9661	  0.0000
128.0000	464.0000	  1.7269	  0.0266	  0.0000
144.0000	464.0000	  1.3032	 -0.9192	  0.0000
160.0000	464.0000	  0.4918	 -0.0002	  0.0000
176.0000	464.0000	  1.0465	 -1.0144	  0.0000
192.0000	464.0000	  1.2523	 -0.0173	  0.0000
208.0000	464.0000	  1.4490	 -0.0122	  0.0000
224.0000	464.0000	  1.1150	 -0.0054	  0.0000
240.0000	464.0000	  1.5006	 -0.0392	  0.0000
256.0000	464.0000	  0.9626	  0.0671	  0.0000
272.0000	464.0000	  1.0874	 -0.9463	  0.0000
288.0000	464.0000	  0.6172	  0.0212	  0.0000
304.0000	464.0000	  1.3263	 -0.9190	  0.0000
320.0000	464.0000	  1.3537	  0.0006	  0.0000
336.0000	464.0000	  1.8587	 -0.9618	  0.0000
352.0000	464.0000	  0.9974	 -0.0174	  0.0000
368.0000	464.0000	  1.3310	 -0.2382	  0.0000
384.0000	464.0000	  1.0678	 -0.0230	  0.0000
400.0000	464.0000	  1.6089	 -0.2636	  0.0000
416.0000	464.0000	  1.4464	 -0.0137	  0.0000
432.0000	464.0000	  1.6187	 -0.0640	  0.0000
448.0000	464.0000	  0.9734	 -0.0003	  0.0000
464.0000	464.0000	  1.2749	 -0.0135	  0.0000
480.0000	464.0000	  0.3948	  0.0347	  0.0000
496.0000	464.0000	  0.5383	 -0.0241	  0.0000
 16.0000	448.0000	  3.2382	 -1.0091	  0.0000
 32.0000	448.0000	  2.7965	 -1.0167	  0.0000
 48.0000	448.0000	  2.8462	 -0.0047	  0.0000
 64.0000	448.0000	  3.4834	 -1.0045	  0.0000
 80.0000	448.0000	  3.5977	  0.0026	  0.0000
 96.0000	448.0000	  1.6402	 -0.9903	  0.0000
112.0000	448.0000	  2.7189	 -0.0168	  0.0000
128.0000	448.0000	  4.0575	 -0.9605	  0.0000
144.0000	448.0000	  3.9840	  0.0280	  0.0000
160.0000	448.0000	  3.9798	 -0.9443	  0.0000
176.0000	448.0000	  3.1202	  0.0053	  0.0000
192.0000	448.0000	  2.6449	 -0.9563	  0.0000
208.0000	448.0000	  3.1661	 -0.0072	  0.0000
224.0000	448.0000	  3.3709	 -0.0339	  0.0000
240.0000	448.0000	  2.5278	 -0.1079	  0.0000
256.0000	448.0000	  2.2538	 -0.1446	  0.0000
272.0000	448.0000	  3.5106	  0.0037	  0.0000
288.0000	448.0000	  3.6462	 -0.8518	  0.0000
304.0000	448.0000	     nan	     nan	  1.0000
320.0000	448.0000	  3.3513	 -0.9137	  0.0000
336.0000	448.0000	  2.3954	 -0.0765	  0.0000
352.0000	448.0000	  3.1732	 -0.0986	  0.0000
368.0000	448.0000	  2.3085	  0.0455	  0.0000
384.0000	448.0000	  4.5481	 -0.8912	  0.0000
400.0000	448.0000	  3.3616	  0.0049	  0.0000
416.0000	448.0000	  3.9187	  0.0222	  0.0000
432.0000	448.0000	  3.1304	  0.0327	  0.0000
448.0000	448.0000	  2.5187	 -0.0993	  0.0000
464.0000	448.0000	     nan	     nan	  1.0000
480.0000	448.0000	     nan	     nan	  1.0000
496.0000	448.0000	     nan	     nan	  1.0000
 16.0000	432.0000	  4.8354	  0.0025	  0.0000
 32.0000	432.0000	  5.5612	  0.0480	  0.0000
 48.0000	432.0000	  4.7110	 -0.1926	  0.0000
 64.0000	432.0000	  4.4751	 -0.0163	  0.0000
 80.0000	432.0000	  4.9660	 -0.4910	  0.0000
 96.0000	432.0000	  5.2492	  0.0781	  0.0000
112.0000	432.0000	  5.0583	 -0.2138	  0.0000
128.0000	432.0000	  4.6901	  0.0335	  0.0000
144.0000	432.0000	  5.3641	 -0.2124	  0.0000
160.0000	432.0000	  5.0507	 -0.4979	  0.0000
176.0000	432.0000	  6.3757	 -0.2639	  0.0000
192.0000	432.0000	  5.3728	  0.0043	  0.0000
208.0000	432.0000	  4.5713	 -0.0110	  0.0000
224.0000	432.0000	  3.8865	  0.0038	  0.0000
240.0000	432.0000	  3.6350	 -0.0195	  0.0000
256.0000	432.0000	  2.5000	  0.0000	  0.0000
272.0000	432.0000	  6.0874	 -0.0111	  0.0000
288.0000	432.0000	  5.4414	 -0.0352	  0.0000
304.0000	432.0000	  4.3968	 -0.9832	  0.0000
320.0000	432.0000	  4.4453	  0.0025	  0.0000
336.0000	432.0000	  5.2002	 -0.9820	  0.0000
352.0000	432.0000	  5.6060	 -0.0130	  0.0000
368.0000	432.0000	  5.7402	 -0.2601	  0.0000
384.0000	432.0000	  5.0343	  0.0261	  0.0000
400.0000	432.0000	  5.0495	 -0.2823	  0.0000
416.0000	432.0000	  3.9735	 -0.0355	  0.0000
432.0000	432.0000	  3.6289	 -0.1390	  0.0000
448.0000	432.0000	  3.0000	  0.0000	  0.0000
464.0000	432.0000	  4.8029	 -0.0896	  0.0000
480.0000	432.0000	  4.9408	 -0.1055	  0.0000
496.0000	432.0000	     nan	     nan	  1.0000
 16.0000	416.0000	  6.8946	 -0.8506	  0.0000
 32.0000	416.0000	  6.5630	 -0.8758	  0.0000
 48.0000	416.0000	  6.7446	  0.0571	  0.0000
 64.0000	416.0000	  7.5126	 -0.9454	  0.0000
 80.0000	416.0000	  7.4922	 -0.0274	  0.0000
 96.0000	416.0000	  7.7509	 -1.0386	  0.0000
112.0000	416.0000	  7.0713	 -0.0297	  0.0000
128.0000	416.0000	  6.2965	 -1.0029	  0.0000
144.0000	416.0000	  6.3719	 -0.5897	  0.0000
160.0000	416.0000	  6.7420	 -0.1280	  0.0000
176.0000	416.0000	  6.4323	 -0.5562	  0.0000
192.0000	416.0000	  6.7379	 -0.0177	  0.0000
208.0000	416.0000	  7.2369	  0.0065	  0.0000
224.0000	416.0000	  7.9209	 -0.9611	  0.0000
240.0000	416.0000	  7.5220	 -0.0121	  0.0000
256.0000	416.0000	  8.0179	 -0.0683	  0.0000
272.0000	416.0000	  6.3963	 -0.0784	  0.0000
288.0000	416.0000	  7.2813	 -0.0596	  0.0000
304.0000	416.0000	  8.1331	  0.0009	  0.0000
320.0000	416.0000	  7.8683	  0.0535	  0.0000
336.0000	416.0000	  7.2237	  0.0581	  0.0000
352.0000	416.0000	  5.8882	 -0.1277	  0.0000
368.0000	416.0000	  6.3128	 -0.0473	  0.0000
384.0000	416.0000	  7.3985	 -0.0835	  0.0000
400.0000	416.0000	  7.3281	 -0.0008	  0.0000
416.0000	416.0000	  8.1911	 -0.0751	  0.0000
432.0000	416.0000	  7.4104	  0.0017	  0.0000
448.0000	416.0000	  6.8973	 -0.0252	  0.0000
464.0000	416.0000	  7.0491	  0.0525	  0.0000
480.0000	416.0000	  7.8426	  0.0043	  0.0000
496.0000	416.0000	  7.1100	 -0.0207	  0.0000
 16.0000	400.0000	  8.8891	  0.0025	  0.0000
 32.0000	400.0000	  8.6838	  0.0384	  0.0000
 48.0000	400.0000	  9.0113	 -0.4647	  0.0000
 64.0000	400.0000	  8.1554	 -0.0447	  0.0000
 80.0000	400.0000	  8.4459	 -0.3996	  0.0000
 96.0000	400.0000	  8.6238	  0.0399	  0.0000
112.0000	400.0000	  9.2131	 -0.4569	  0.0000
128.0000	400.0000	  8.7515	 -0.0007	  0.0000
144.0000	400.0000	  9.5291	 -0.4333	  0.0000
160.0000	400.0000	  9.0704	 -0.4213	  0.0000
176.0000	400.0000	  8.8393	 -0.4574	  0.0000
192.0000	400.0000	  8.4326	 -0.0163	  0.0000
208.0000	400.0000	  7.3091	 -0.2491	  0.0000
224.0000	400.0000	  7.9808	 -0.0003	  0.0000
240.0000	400.0000	  9.0414	 -0.0482	  0.0000
256.0000	400.0000	  8.4083	  0.0310	  0.0000
272.0000	400.0000	  8.2733	 -0.0138	  0.0000
288.0000	400.0000	  8.5447	  0.0073	  0.0000
304.0000	400.0000	  8.4027	 -0.0692	  0.0000
320.0000	400.0000	  8.6522	 -0.0232	  0.0000
336.0000	400.0000	  9.0249	 -0.1044	  0.0000
352.0000	400.0000	  9.2822	  0.0009	  0.0000
368.0000	400.0000	  8.0822	 -0.0535	  0.0000
384.0000	400.0000	  7.7629	  0.0205	  0.0000
400.0000	400.0000	  9.3773	 -0.1241	  0.0000
416.0000	400.0000	  8.3883	 -0.0768	  0.0000
432.0000	400.0000	  8.9588	 -0.2651	  0.0000
448.0000	400.0000	  9.3425	 -0.0148	  0.0000
464.0000	400.0000	  8.9499	 -0.2229	  0.0000
480.0000	400.0000	  8.2777	 -0.0012	  0.0000
496.0000	400.0000	  8.0949	 -0.0179	  0.0000
 16.0000	384.0000	 10.9378	 -0.9177	  0.0000
 32.0000	384.0000	 10.9164	 -0.9246	  0.0000
 48.0000	384.0000	 10.3920	  0.0095	  0.0000
 64.0000	384.0000	 10.4787	 -0.8761	  0.0000
 80.0000	384.0000	 11.2557	  0.0021	  0.0000
 96.0000	384.0000	 10.0324	 -0.9036	  0.0000
112.0000	384.0000	  9.8361	 -0.0007	  0.0000
128.0000	384.0000	 10.5229	 -0.9134	  0.0000
144.0000	384.0000	 10.1936	 -0.0008	  0.0000
160.0000	384.0000	 10.6449	 -0.8832	  0.0000
176.0000	384.0000	 10.5819	 -0.0077	  0.0000
192.0000	384.0000	 11.0596	 -0.9324	  0.0000
208.0000	384.0000	 10.2563	 -0.0167	  0.0000
224.0000	384.0000	 10.5094	 -0.0349	  0.0000
240.0000	384.0000	  9.7841	  0.0088	  0.0000
256.0000	384.0000	 10.6941	 -0.0289	  0.0000
272.0000	384.0000	 10.1183	 -0.0104	  0.0000
288.0000	384.0000	  9.6659	 -0.9327	  0.0000
304.0000	384.0000	  9.2300	  0.0053	  0.0000
320.0000	384.0000	  9.6206	 -0.1785	  0.0000
336.0000	384.0000	 10.1145	 -0.0430	  0.0000
352.0000	384.0000	 10.5763	 -0.1718	  0.0000
368.0000	384.0000	  9.6935	  0.0076	  0.0000
384.0000	384.0000	 10.4643	 -0.0620	  0.0000
400.0000	384.0000	  9.6233	  0.0472	  0.0000
416.0000	384.0000	 10.1186	 -0.8442	  0.0000
432.0000	384.0000	 10.5829	  0.0128	  0.0000
448.0000	384.0000	 10.5208	 -0.9160	  0.0000
464.0000	384.0000	  9.9547	  0.0088	  0.0000
480.0000	384.0000	  9.7313	 -0.8686	  0.0000
496.0000	384.0000	  9.2444	  0.0205	  0.0000
 16.0000	368.0000	 11.1416	  0.0040	  0.0000
 32.0000	368.0000	 11.5799	  0.0219	  0.0000
 48.0000	368.0000	 11.4896	 -0.4311	  0.0000
 64.0000	368.0000	 11.1279	  0.0071	  0.0000
 80.0000	368.0000	 11.7808	 -0.4350	  0.0000
 96.0000	368.0000	 10.9241	  0.0858	  0.0000
112.0000	368.0000	 11.2914	 -0.3797	  0.0000
128.0000	368.0000	 12.2490	 -0.0001	  0.0000
144.0000	368.0000	 11.4489	 -0.4632	  0.0000
160.0000	368.0000	 11.5009	 -0.0072	  0.0000
176.0000	368.0000	 10.8747	 -0.4407	  0.0000
192.0000	368.0000	 11.2102	  0.0126	  0.0000
208.0000	368.0000	 11.7334	 -0.4443	  0.0000
224.0000	368.0000	 10.6594	  0.1185	  0.0000
240.0000	368.0000	 11.4252	 -0.1225	  0.0000
256.0000	368.0000	 11.0435	 -0.0019	  0.0000
272.0000	368.0000	 11.8542	  0.0034	  0.0000
288.0000	368.0000	 11.4370	 -0.0015	  0.0000
304.0000	368.0000	 11.8078	 -0.0717	  0.0000
320.0000	368.0000	 11.3529	  0.0242	  0.0000
336.0000	368.0000	 11.5533	 -0.0566	  0.0000
352.0000	368.0000	 11.1592	  0.0296	  0.0000
368.0000	368.0000	 11.7975	 -0.0194	  0.0000
384.0000	368.0000	 11.2537	  0.0031	  0.0000
400.0000	368.0000	 10.9555	 -0.0079	  0.0000
416.0000	368.0000	 10.7988	 -0.0161	  0.0000
432.0000	368.0000	 11.5754	 -0.2181	  0.0000
448.0000	368.0000	 11.6263	  0.0156	  0.0000
464.0000	368.0000	 11.3579	 -0.2244	  0.0000
480.0000	368.0000	 10.8283	  0.0015	  0.0000
496.0000	368.0000	 10.5000	  0.0000	  0.0000
 16.0000	352.0000	 12.1195	 -0.5105	  0.0000
 32.0000	352.0000	 11.8515	 -0.7608	  0.0000
 48.0000	352.0000	 11.6712	 -0.0378	  0.0000
 64.0000	352.0000	 13.3376	 -0.0343	  0.0000
 80.0000	352.0000	 12.8862	  0.0136	  0.0000
 96.0000	352.0000	 12.3695	 -1.0102	  0.0000
112.0000	352.0000	 12.3010	 -0.0461	  0.0000
128.0000	352.0000	 13.3043	 -0.9406	  0.0000
144.0000	352.0000	 12.9270	  0.0515	  0.0000
160.0000	352.0000	 12.4472	 -0.9295	  0.0000
176.0000	352.0000	 12.6622	  0.0709	  0.0000
192.0000	352.0000	 12.2415	 -0.7743	  0.0000
208.0000	352.0000	 12.3137	 -0.0015	  0.0000
224.0000	352.0000	 12.8656	 -0.9312	  0.0000
240.0000	352.0000	 12.4038	 -0.0061	  0.0000
256.0000	352.0000	 12.6590	 -0.9548	  0.0000
272.0000	352.0000	 11.7449	 -0.0058	  0.0000
288.0000	352.0000	 13.0318	 -0.0649	  0.0000
304.0000	352.0000	 12.3471	  0.0028	  0.0000
320.0000	352.0000	 12.5189	 -0.0077	  0.0000
336.0000	352.0000	 12.4424	 -0.0063	  0.0000
352.0000	352.0000	 13.2108	 -0.0414	  0.0000
368.0000	352.0000	 12.2592	  0.0003	  0.0000
384.0000	352.0000	 11.8403	 -0.9919	  0.0000
400.0000	352.0000	 12.3204	 -0.0025	  0.0000
416.0000	352.0000	 12.1404	  0.0763	  0.0000
432.0000	352.0000	 11.7951	  0.0451	  0.0000
448.0000	352.0000	 12.2237	 -0.9756	  0.0000
464.0000	352.0000	 12.3418	 -0.0015	  0.0000
480.0000	352.0000	 13.3533	 -0.0057	  0.0000
496.0000	352.0000	 12.8303	 -0.0041	  0.0000
 16.0000	336.0000	 13.6298	  0.0267	  0.0000
 32.0000	336.0000	 14.1569	 -0.0166	  0.0000
 48.0000	336.0000	 13.7023	 -0.7778	  0.0000
 64.0000	336.0000	 13.6193	 -0.0163	  0.0000
 80.0000	336.0000	 13.3827	 -0.2680	  0.0000
 96.0000	336.0000	 12.8659	 -0.0194	  0.0000
112.0000	336.0000	 13.4226	 -0.2366	  0.0000
128.0000	336.0000	 13.4618	 -0.0306	  0.0000
144.0000	336.0000	 13.1623	 -0.2930	  0.0000
160.0000	336.0000	 13.9475	  0.0025	  0.0000
176.0000	336.0000	 13.5954	 -0.4681	  0.0000
192.0000	336.0000	 13.9450	  0.0009	  0.0000
208.0000	336.0000	 13.6488	 -0.4568	  0.0000
224.0000	336.0000	 13.0578	  0.0112	  0.0000
240.0000	336.0000	 13.6367	 -0.4462	  0.0000
256.0000	336.0000	 13.2934	  0.0008	  0.0000
272.0000	336.0000	 14.3086	 -0.2310	  0.0000
288.0000	336.0000	 13.2229	 -0.0291	  0.0000
304.0000	336.0000	 13.5760	 -0.2817	  0.0000
320.0000	336.0000	 13.1382	 -0.0016	  0.0000
336.0000	336.0000	 13.4447	 -0.2536	  0.0000
352.0000	336.0000	 13.2585	  0.0002	  0.0000
368.0000	336.0000	 13.4087	  0.0199	  0.0000
384.0000	336.0000	 13.2286	  0.1129	  0.0000
400.0000	336.0000	 13.7333	 -0.0096	  0.0000
416.0000	336.0000	 13.5986	  0.0002	  0.0000
432.0000	336.0000	 13.6692	 -0.0169	  0.0000
448.0000	336.0000	 13.1497	  0.0010	  0.0000
464.0000	336.0000	 13.4820	 -0.0168	  0.0000
480.0000	336.0000	 13.8789	 -0.0038	  0.0000
496.0000	336.0000	 13.3374	 -0.0035	  0.0000
 16.0000	320.0000	 14.9979	 -0.9052	  0.0000
 32.0000	320.0000	 14.9362	 -0.9350	  0.0000
 48.0000	320.0000	 14.1219	  0.0028	  0.0000
 64.0000	320.0000	 14.9679	 -0.7418	  0.0000
 80.0000	320.0000	 14.1432	  0.0252	  0.0000
 96.0000	320.0000	 14.5989	 -0.9503	  0.0000
112.0000	320.0000	 14.0310	  0.0063	  0.0000
128.0000	320.0000	 14.1821	 -0.0327	  0.0000
144.0000	320.0000	 14.4183	  0.0004	  0.0000
160.0000	320.0000	 14.4523	 -0.0683	  0.0000
176.0000	320.0000	 14.4843	 -0.0027	  0.0000
192.0000	320.0000	 14.9609	 -0.9408	  0.0000
208.0000	320.0000	 14.3809	  0.0327	  0.0000
224.0000	320.0000	 14.4653	 -0.9207	  0.0000
240.0000	320.0000	 13.9884	 -0.0105	  0.0000
256.0000	320.0000	 14.3507	 -0.9490	  0.0000
272.0000	320.0000	 13.9068	 -0.0087	  0.0000
288.0000	320.0000	 14.4081	  0.0011	  0.0000
304.0000	320.0000	 13.9287	  0.0068	  0.0000
320.0000	320.0000	 14.1463	 -0.9743	  0.0000
336.0000	320.0000	 13.9903	  0.0003	  0.0000
352.0000	320.0000	 14.0251	 -0.0179	  0.0000
368.0000	320.0000	 14.1169	 -0.0432	  0.0000
384.0000	320.0000	 14.5953	 -0.0522	  0.0000
400.0000	320.0000	 14.2055	  0.0077	  0.0000
416.0000	320.0000	 14.2268	 -0.0220	  0.0000
432.0000	320.0000	 14.0296	 -0.0468	  0.0000
448.0000	320.0000	 14.7814	 -0.1040	  0.0000
464.0000	320.0000	 14.5254	  0.0077	  0.0000
480.0000	320.0000	 15.0831	 -0.0154	  0.0000
496.0000	320.0000	 14.1270	 -0.0058	  0.0000
 16.0000	304.0000	 15.1640	 -0.0128	  0.0000
 32.0000	304.0000	 15.1551	 -0.0096	  0.0000
 48.0000	304.0000	 14.9304	 -0.9241	  0.0000
 64.0000	304.0000	 15.0640	  0.0067	  0.0000
 80.0000	304.0000	 14.8560	 -0.9378	  0.0000
 96.0000	304.0000	 14.9801	  0.0247	  0.0000
112.0000	304.0000	 15.5550	 -0.0093	  0.0000
128.0000	304.0000	 15.0534	 -0.0009	  0.0000
144.0000	304.0000	 15.4972	 -0.0197	  0.0000
160.0000	304.0000	 14.9888	 -0.0016	  0.0000
176.0000	304.0000	 15.6978	 -0.2482	  0.0000
192.0000	304.0000	 15.2076	  0.0119	  0.0000
208.0000	304.0000	 14.8178	 -0.4711	  0.0000
224.0000	304.0000	 15.0719	 -0.0363	  0.0000
240.0000	304.0000	 15.4797	 -0.4547	  0.0000
256.0000	304.0000	 14.8518	  0.0036	  0.0000
272.0000	304.0000	 15.4839	 -0.4193	  0.0000
288.0000	304.0000	 15.0144	  0.0532	  0.0000
304.0000	304.0000	 15.2680	 -0.5011	  0.0000
320.0000	304.0000	 14.4318	 -0.0093	  0.0000
336.0000	304.0000	 15.5539	 -0.4757	  0.0000
352.0000	304.0000	 15.3185	  0.0016	  0.0000
368.0000	304.0000	 15.1488	 -0.2956	  0.0000
384.0000	304.0000	 14.9848	 -0.0304	  0.0000
400.0000	304.0000	 15.3907	 -0.0001	  0.0000
416.0000	304.0000	 15.0803	  0.0027	  0.0000
432.0000	304.0000	 14.8297	  0.0072	  0.0000
448.0000	304.0000	 15.0840	  0.0451	  0.0000
464.0000	304.0000	 15.2903	 -0.0349	  0.0000
480.0000	304.0000	 14.5652	 -0.0098	  0.0000
496.0000	304.0000	 14.5255	 -0.0020	  0.0000
 16.0000	288.0000	 15.4188	 -0.9618	  0.0000
 32.0000	288.0000	 15.4161	 -0.9521	  0.0000
 48.0000	288.0000	 14.9697	  0.0005	  0.0000
 64.0000	288.0000	 15.5146	 -0.8575	  0.0000
 80.0000	288.0000	 15.0730	  0.0050	  0.0000
 96.0000	288.0000	 15.8189	  0.0082	  0.0000
112.0000	288.0000	 15.2485	  0.0090	  0.0000
128.0000	288.0000	 15.7807	 -0.9894	  0.0000
144.0000	288.0000	 15.2805	  0.0233	  0.0000
160.0000	288.0000	 16.0041	 -0.9695	  0.0000
176.0000	288.0000	 15.0564	 -0.0044	  0.0000
192.0000	288.0000	 15.5619	  0.0051	  0.0000
208.0000	288.0000	 15.0893	  0.0114	  0.0000
224.0000	288.0000	 15.8167	 -0.9199	  0.0000
240.0000	288.0000	 15.7078	  0.0050	  0.0000
256.0000	288.0000	 15.9845	 -0.8014	  0.0000
272.0000	288.0000	 15.4869	  0.0074	  0.0000
288.0000	288.0000	 15.5289	 -0.9468	  0.0000
304.0000	288.0000	 15.6083	  0.0025	  0.0000
320.0000	288.0000	 16.1598	 -0.9721	  0.0000
336.0000	288.0000	 15.6043	  0.0014	  0.0000
352.0000	288.0000	 15.7490	 -0.9121	  0.0000
368.0000	288.0000	 15.2967	 -0.0224	  0.0000
384.0000	288.0000	 15.5477	 -1.0243	  0.0000
400.0000	288.0000	 15.0319	 -0.0016	  0.0000
416.0000	288.0000	 15.7736	 -0.9781	  0.0000
432.0000	288.0000	 15.0715	  0.0075	  0.0000
448.0000	288.0000	 15.4358	 -0.9599	  0.0000
464.0000	288.0000	 15.0051	 -0.0013	  0.0000
480.0000	288.0000	 15.0864	 -0.0003	  0.0000
496.0000	288.0000	 15.0001	 -0.0044	  0.0000
 16.0000	272.0000	 15.3206	  0.0008	  0.0000
 32.0000	272.0000	 15.3596	  0.0001	  0.0000
 48.0000	272.0000	 15.8235	  0.0003	  0.0000
 64.0000	272.0000	 15.3528	  0.0020	  0.0000
 80.0000	272.0000	 15.8575	 -0.0078	  0.0000
 96.0000	272.0000	 15.3916	  0.0087	  0.0000
112.0000	272.0000	 15.9523	  0.0073	  0.0000
128.0000	272.0000	 15.3818	  0.0095	  0.0000
144.0000	272.0000	 15.9829	 -0.8489	  0.0000
160.0000	272.0000	 15.2954	 -0.0036	  0.0000
176.0000	272.0000	 15.9168	 -0.2312	  0.0000
192.0000	272.0000	 15.3865	  0.0104	  0.0000
208.0000	272.0000	 16.0120	 -0.4393	  0.0000
224.0000	272.0000	 15.2369	  0.0007	  0.0000
240.0000	272.0000	 16.0746	 -0.4458	  0.0000
256.0000	272.0000	 15.2635	  0.0292	  0.0000
272.0000	272.0000	 15.9963	 -0.4339	  0.0000
288.0000	272.0000	 15.2586	  0.0036	  0.0000
304.0000	272.0000	 15.7294	 -0.4765	  0.0000
320.0000	272.0000	 15.8617	  0.0230	  0.0000
336.0000	272.0000	 15.6947	 -0.4443	  0.0000
352.0000	272.0000	 15.4058	  0.0130	  0.0000
368.0000	272.0000	 15.8454	 -0.4831	  0.0000
384.0000	272.0000	 15.3763	 -0.0201	  0.0000
400.0000	272.0000	 15.7061	 -0.1722	  0.0000
416.0000	272.0000	 15.2697	  0.0164	  0.0000
432.0000	272.0000	 15.7678	 -0.2211	  0.0000
448.0000	272.0000	 15.3714	  0.0005	  0.0000
464.0000	272.0000	 15.6298	 -0.2293	  0.0000
480.0000	272.0000	 15.3337	  0.0002	  0.0000
496.0000	272.0000	 15.2656	  0.0018	  0.0000
 16.0000	256.0000	 15.9398	 -1.0236	  0.0000
 32.0000	256.0000	 15.9088	 -0.9906	  0.0000
 48.0000	256.0000	 15.4866	 -0.0012	  0.0000
 64.0000	256.0000	 15.8636	 -0.0223	  0.0000
 80.0000	256.0000	 15.3811	 -0.0096	  0.0000
 96.0000	256.0000	 15.8185	 -0.0155	  0.0000
112.0000	256.0000	 15.4368	 -0.0016	  0.0000
128.0000	256.0000	 15.8951	  0.0033	  0.0000
144.0000	256.0000	 15.4270	  0.0103	  0.0000
160.0000	256.0000	 15.7490	 -0.9511	  0.0000
176.0000	256.0000	 15.4706	  0.0007	  0.0000
192.0000	256.0000	 15.8695	 -0.8901	  0.0000
208.0000	256.0000	 15.4675	  0.0184	  0.0000
224.0000	256.0000	 16.2686	 -0.7605	  0.0000
240.0000	256.0000	 15.9252	  0.0053	  0.0000
256.0000	256.0000	 15.9707	 -0.9388	  0.0000
272.0000	256.0000	 15.9363	  0.0049	  0.0000
288.0000	256.0000	 16.1634	 -0.9451	  0.0000
304.0000	256.0000	 15.3500	 -0.0194	  0.0000
320.0000	256.0000	 15.7961	 -0.9670	  0.0000
336.0000	256.0000	 15.4517	  0.0269	  0.0000
352.0000	256.0000	 15.7691	 -0.9733	  0.0000
368.0000	256.0000	 15.3938	  0.0039	  0.0000
384.0000	256.0000	 15.9333	 -0.9543	  0.0000
400.0000	256.0000	 15.2995	  0.0538	  0.0000
416.0000	256.0000	 15.7549	 -0.8287	  0.0000
432.0000	256.0000	 15.4016	  0.0012	  0.0000
448.0000	256.0000	 15.8022	 -0.9015	  0.0000
464.0000	256.0000	 15.3648	 -0.0003	  0.0000
480.0000	256.0000	 15.7986	 -0.0087	  0.0000
496.0000	256.0000	 15.4145	 -0.0051	  0.0000
 16.0000	240.0000	 15.8874	  0.0414	  0.0000
 32.0000	240.0000	 15.8159	 -0.0014	  0.0000
 48.0000	240.0000	 15.6369	  0.0096	  0.0000
 64.0000	240.0000	 15.3974	  0.0047	  0.0000
 80.0000	240.0000	 15.9300	 -0.0518	  0.0000
 96.0000	240.0000	 15.3452	 -0.0245	  0.0000
112.0000	240.0000	 15.9684	 -0.0205	  0.0000
128.0000	240.0000	 15.3152	  0.0025	  0.0000
144.0000	240.0000	 15.8803	 -0.9300	  0.0000
160.0000	240.0000	 15.3378	  0.0148	  0.0000
176.0000	240.0000	 15.7645	 -0.1953	  0.0000
192.0000	240.0000	 15.2638	  0.0079	  0.0000
208.0000	240.0000	 15.7734	 -0.1977	  0.0000
224.0000	240.0000	 15.2789	  0.0274	  0.0000
240.0000	240.0000	 16.0340	 -0.2023	  0.0000
256.0000	240.0000	 15.7787	  0.0074	  0.0000
272.0000	240.0000	 16.1475	 -0.4751	  0.0000
288.0000	240.0000	 15.4191	 -0.0019	  0.0000
304.0000	240.0000	 15.9264	 -0.5039	  0.0000
320.0000	240.0000	 15.2965	 -0.0105	  0.0000
336.0000	240.0000	 15.9629	 -0.4721	  0.0000
352.0000	240.0000	 15.3672	  0.0065	  0.0000
368.0000	240.0000	 15.9217	 -0.4890	  0.0000
384.0000	240.0000	 15.4259	 -0.0012	  0.0000
400.0000	240.0000	 15.8408	 -0.2327	  0.0000
416.0000	240.0000	 15.3705	 -0.0012	  0.0000
432.0000	240.0000	 15.8478	 -0.2258	  0.0000
448.0000	240.0000	 15.3197	 -0.0063	  0.0000
464.0000	240.0000	 15.6716	 -0.2343	  0.0000
480.0000	240.0000	 15.3623	 -0.0026	  0.0000
496.0000	240.0000	 15.4661	 -0.0061	  0.0000
 16.0000	224.0000	 15.6001	 -0.0033	  0.0000
 32.0000	224.0000	 15.7268	 -0.0009	  0.0000
 48.0000	224.0000	 15.8304	  0.0213	  0.0000
 64.0000	224.0000	 15.8585	 -0.0022	  0.0000
 80.0000	224.0000	 15.1834	 -0.0078	  0.0000
 96.0000	224.0000	 16.1269	 -0.0460	  0.0000
112.0000	224.0000	 15.2048	 -0.0059	  0.0000
128.0000	224.0000	 15.7445	 -0.0054	  0.0000
144.0000	224.0000	 15.1685	  0.0166	  0.0000
160.0000	224.0000	 15.9807	 -0.8011	  0.0000
176.0000	224.0000	 15.2842	  0.0285	  0.0000
192.0000	224.0000	 15.2346	 -0.9494	  0.0000
208.0000	224.0000	 15.0365	  0.0234	  0.0000
224.0000	224.0000	 15.4956	 -0.7517	  0.0000
240.0000	224.0000	 15.0514	  0.0088	  0.0000
256.0000	224.0000	 15.1152	 -0.9604	  0.0000
272.0000	224.0000	 15.1198	  0.0017	  0.0000
288.0000	224.0000	 15.7859	 -0.9817	  0.0000
304.0000	224.0000	 15.2401	  0.0019	  0.0000
320.0000	224.0000	 15.7783	  0.0005	  0.0000
336.0000	224.0000	 15.1244	  0.0009	  0.0000
352.0000	224.0000	 15.7924	 -0.9597	  0.0000
368.0000	224.0000	 15.1606	 -0.0198	  0.0000
384.0000	224.0000	 15.9276	 -0.0139	  0.0000
400.0000	224.0000	 15.2076	  0.0016	  0.0000
416.0000	224.0000	 15.7769	 -0.0090	  0.0000
432.0000	224.0000	 15.1040	 -0.0074	  0.0000
448.0000	224.0000	 15.5778	 -0.0127	  0.0000
464.0000	224.0000	 15.1279	 -0.0074	  0.0000
480.0000	224.0000	 15.2015	 -0.0031	  0.0000
496.0000	224.0000	 14.9421	  0.0093	  0.0000
 16.0000	208.0000	 14.0000	  0.0000	  0.0000
 32.0000	208.0000	 14.5260	  0.0269	  0.0000
 48.0000	208.0000	 14.8649	 -0.0248	  0.0000
 64.0000	208.0000	 15.4490	  0.0009	  0.0000
 80.0000	208.0000	 15.7806	 -0.0202	  0.0000
 96.0000	208.0000	 14.5025	 -0.0356	  0.0000
112.0000	208.0000	 15.4679	 -0.0048	  0.0000
128.0000	208.0000	 15.2161	 -0.0006	  0.0000
144.0000	208.0000	 14.8814	 -0.0078	  0.0000
160.0000	208.0000	 15.0329	 -0.0047	  0.0000
176.0000	208.0000	 15.2178	 -0.0019	  0.0000
192.0000	208.0000	 15.2030	  0.0862	  0.0000
208.0000	208.0000	 15.6642	  0.0382	  0.0000
224.0000	208.0000	 15.2239	  0.0035	  0.0000
240.0000	208.0000	 15.7226	 -0.0106	  0.0000
256.0000	208.0000	 15.3907	  0.0010	  0.0000
272.0000	208.0000	 15.4104	 -0.2611	  0.0000
288.0000	208.0000	 14.7930	  0.0025	  0.0000
304.0000	208.0000	 15.5520	 -0.4798	  0.0000
320.0000	208.0000	 15.0568	 -0.0109	  0.0000
336.0000	208.0000	 15.5588	 -0.4592	  0.0000
352.0000	208.0000	 14.7158	  0.0043	  0.0000
368.0000	208.0000	 15.4967	 -0.4842	  0.0000
384.0000	208.0000	 14.6932	 -0.0007	  0.0000
400.0000	208.0000	 15.4528	 -0.2524	  0.0000
416.0000	208.0000	 14.7187	  0.0148	  0.0000
432.0000	208.0000	 15.4256	 -0.0187	  0.0000
448.0000	208.0000	 15.1266	 -0.0085	  0.0000
464.0000	208.0000	 15.3669	 -0.0333	  0.0000
480.0000	208.0000	 14.7282	  0.0129	  0.0000
496.0000	208.0000	 14.3079	 -0.0017	  0.0000
 16.0000	192.0000	 14.0777	 -0.0717	  0.0000
 32.0000	192.0000	 14.1568	 -0.0632	  0.0000
 48.0000	192.0000	 13.9629	 -0.0025	  0.0000
 64.0000	192.0000	 13.9095	 -0.0478	  0.0000
 80.0000	192.0000	 14.4895	 -0.0007	  0.0000
 96.0000	192.0000	 15.1503	 -0.9142	  0.0000
112.0000	192.0000	 14.7606	  0.0096	  0.0000
128.0000	192.0000	 14.5292	 -0.0143	  0.0000
144.0000	192.0000	 14.0910	 -0.0030	  0.0000
160.0000	192.0000	 14.2984	 -0.0070	  0.0000
176.0000	192.0000	 13.8169	 -0.0013	  0.0000
192.0000	192.0000	 14.6840	 -0.0942	  0.0000
208.0000	192.0000	 14.0515	 -0.0305	  0.0000
224.0000	192.0000	 14.6428	 -0.0260	  0.0000
240.0000	192.0000	 14.1666	 -0.0018	  0.0000
256.0000	192.0000	 14.5547	 -0.0396	  0.0000
272.0000	192.0000	 14.6527	  0.0023	  0.0000
288.0000	192.0000	 15.2725	 -0.9886	  0.0000
304.0000	192.0000	 14.5017	 -0.0101	  0.0000
320.0000	192.0000	 14.2790	 -0.9256	  0.0000
336.0000	192.0000	 14.8865	 -0.0064	  0.0000
352.0000	192.0000	 15.4167	 -0.8102	  0.0000
368.0000	192.0000	 14.0812	 -0.0036	  0.0000
384.0000	192.0000	 14.9899	 -0.9854	  0.0000
400.0000	192.0000	 13.8608	 -0.0161	  0.0000
416.0000	192.0000	 14.7156	 -0.0581	  0.0000
432.0000	192.0000	 14.6647	 -0.0106	  0.0000
448.0000	192.0000	 14.0866	 -0.0325	  0.0000
464.0000	192.0000	 13.5000	  0.0000	  0.0000
480.0000	192.0000	 15.0261	 -0.0304	  0.0000
496.0000	192.0000	 13.9927	 -0.0271	  0.0000
 16.0000	176.0000	 13.7196	 -0.0165	  0.0000
 32.0000	176.0000	 13.1843	 -0.0105	  0.0000
 48.0000	176.0000	 13.4522	 -0.0198	  0.0000
 64.0000	176.0000	 13.0589	  0.0080	  0.0000
 80.0000	176.0000	 13.6746	 -0.0185	  0.0000
 96.0000	176.0000	 13.0482	 -0.0030	  0.0000
112.0000	176.0000	 13.5588	 -0.0181	  0.0000
128.0000	176.0000	 13.2845	 -0.0001	  0.0000
144.0000	176.0000	 13.6378	 -0.0197	  0.0000
160.0000	176.0000	 13.2619	 -0.0113	  0.0000
176.0000	176.0000	 14.3019	 -0.0268	  0.0000
192.0000	176.0000	 13.7687	 -0.0052	  0.0000
208.0000	176.0000	 14.0546	 -0.2731	  0.0000
224.0000	176.0000	 13.3762	 -0.0068	  0.0000
240.0000	176.0000	 13.1612	 -0.2869	  0.0000
256.0000	176.0000	 13.1452	 -0.0009	  0.0000
272.0000	176.0000	 13.0937	 -0.2560	  0.0000
288.0000	176.0000	 13.4192	 -0.0023	  0.0000
304.0000	176.0000	 14.0031	 -0.4622	  0.0000
320.0000	176.0000	 13.1818	  0.0067	  0.0000
336.0000	176.0000	 13.1850	 -0.4563	  0.0000
352.0000	176.0000	 12.8723	 -0.0010	  0.0000
368.0000	176.0000	 13.8787	 -0.4974	  0.0000
384.0000	176.0000	 14.0112	 -0.0231	  0.0000
400.0000	176.0000	 13.7445	 -0.2038	  0.0000
416.0000	176.0000	 13.1940	 -0.0497	  0.0000
432.0000	176.0000	 13.6866	 -0.0703	  0.0000
448.0000	176.0000	 13.2721	 -0.0444	  0.0000
464.0000	176.0000	 13.3475	 -0.1072	  0.0000
480.0000	176.0000	 13.4541	 -0.0248	  0.0000
496.0000	176.0000	 13.5631	  0.0046	  0.0000
 16.0000	160.0000	 12.0342	 -0.9177	  0.0000
 32.0000	160.0000	 12.5731	 -0.9082	  0.0000
 48.0000	160.0000	 12.5795	 -0.0040	  0.0000
 64.0000	160.0000	 13.2788	  0.0133	  0.0000
 80.0000	160.0000	 12.9453	  0.0178	  0.0000
 96.0000	160.0000	 12.6073	 -0.1309	  0.0000
112.0000	160.0000	 12.8729	  0.0081	  0.0000
128.0000	160.0000	 12.9921	 -0.0109	  0.0000
144.0000	160.0000	 12.3535	  0.0011	  0.0000
160.0000	160.0000	 12.7724	 -0.0408	  0.0000
176.0000	160.0000	 12.1434	 -0.0462	  0.0000
192.0000	160.0000	 12.5505	 -0.0162	  0.0000
208.0000	160.0000	 13.1039	 -0.0073	  0.0000
224.0000	160.0000	 13.0503	 -0.9864	  0.0000
240.0000	160.0000	 12.4562	 -0.0013	  0.0000
256.0000	160.0000	 12.7145	 -0.0289	  0.0000
272.0000	160.0000	 12.0827	 -0.0008	  0.0000
288.0000	160.0000	 12.2305	 -0.9660	  0.0000
304.0000	160.0000	 12.8369	 -0.0074	  0.0000
320.0000	160.0000	 13.3785	 -0.8067	  0.0000
336.0000	160.0000	 12.6276	  0.0340	  0.0000
352.0000	160.0000	 12.4324	 -0.9283	  0.0000
368.0000	160.0000	 12.7408	  0.0087	  0.0000
384.0000	160.0000	 13.0272	 -0.9376	  0.0000
400.0000	160.0000	 12.6462	  0.0187	  0.0000
416.0000	160.0000	 12.5738	 -0.0404	  0.0000
432.0000	160.0000	 13.0371	 -0.0020	  0.0000
448.0000	160.0000	 13.2425	 -0.0259	  0.0000
464.0000	160.0000	 12.0000	  0.0000	  0.0000
480.0000	160.0000	 12.2913	 -0.0014	  0.0000
496.0000	160.0000	 12.2913	 -0.0014	  0.0000
 16.0000	144.0000	 11.2198	 -0.0016	  0.0000
 32.0000	144.0000	 11.3606	  0.0111	  0.0000
 48.0000	144.0000	 11.9706	 -0.0241	  0.0000
 64.0000	144.0000	 11.3928	 -0.0080	  0.0000
 80.0000	144.0000	 11.9268	  0.0242	  0.0000
 96.0000	144.0000	 12.5754	  0.0253	  0.0000
112.0000	144.0000	 12.0346	 -0.0154	  0.0000
128.0000	144.0000	 11.7150	 -0.0014	  0.0000
144.0000	144.0000	 12.0730	 -0.0499	  0.0000
160.0000	144.0000	 11.4009	  0.0058	  0.0000
176.0000	144.0000	 11.9320	 -0.2663	  0.0000
192.0000	144.0000	 11.9109	 -0.4545	  0.0000
208.0000	144.0000	 12.3406	 -0.4708	  0.0000
224.0000	144.0000	 11.6725	 -0.0100	  0.0000
240.0000	144.0000	 11.7976	 -0.4399	  0.0000
256.0000	144.0000	 12.0100	 -0.0473	  0.0000
272.0000	144.0000	 11.6044	 -0.4311	  0.0000
288.0000	144.0000	 11.1731	  0.0175	  0.0000
304.0000	144.0000	 11.8681	 -0.4304	  0.0000
320.0000	144.0000	 11.5984	  0.0004	  0.0000
336.0000	144.0000	 12.2956	 -0.4965	  0.0000
352.0000	144.0000	 12.1622	  0.0654	  0.0000
368.0000	144.0000	 12.3992	 -0.2334	  0.0000
384.0000	144.0000	 11.8756	  0.0132	  0.0000
400.0000	144.0000	 12.0698	 -0.0029	  0.0000
416.0000	144.0000	 11.0669	  0.0000	  0.0000
432.0000	144.0000	 11.5243	 -0.0201	  0.0000
448.0000	144.0000	 11.0867	 -0.0097	  0.0000
464.0000	144.0000	 11.8995	 -0.0239	  0.0000
480.0000	144.0000	 11.0000	  0.0000	  0.0000
496.0000	144.0000	 10.8664	 -0.0015	  0.0000
 16.0000	128.0000	 10.8646	 -0.0672	  0.0000
 32.0000	128.0000	 10.5686	 -0.0631	  0.0000
 48.0000	128.0000	  9.8708	 -0.0803	  0.0000
 64.0000	128.0000	 10.3739	 -0.1391	  0.0000
 80.0000	128.0000	  9.4873	 -0.0460	  0.0000
 96.0000	128.0000	 10.2840	 -0.9778	  0.0000
112.0000	128.0000	 10.2934	 -0.0140	  0.0000
128.0000	128.0000	 10.7267	 -0.0628	  0.0000
144.0000	128.0000	 10.2264	 -0.0117	  0.0000
160.0000	128.0000	 10.4561	 -0.0749	  0.0000
176.0000	128.0000	  9.9116	 -0.4960	  0.0000
192.0000	128.0000	 10.5833	 -0.0794	  0.0000
208.0000	128.0000	 10.2238	 -0.5122	  0.0000
224.0000	128.0000	 11.2294	 -0.8989	  0.0000
240.0000	128.0000	  9.0327	  0.0056	  0.0000
256.0000	128.0000	  9.6193	 -0.8032	  0.0000
272.0000	128.0000	 10.7839	  0.0460	  0.0000
288.0000	128.0000	 10.0817	 -0.8875	  0.0000
304.0000	128.0000	  9.8001	  0.0009	  0.0000
320.0000	128.0000	  9.9776	 -0.8524	  0.0000
336.0000	128.0000	 10.4246	 -0.0059	  0.0000
352.0000	128.0000	 10.0536	  0.0303	  0.0000
368.0000	128.0000	 10.3177	 -0.0026	  0.0000
384.0000	128.0000	 10.9680	 -0.0233	  0.0000
400.0000	128.0000	 10.0988	 -0.0046	  0.0000
416.0000	128.0000	 10.2681	 -0.9757	  0.0000
432.0000	128.0000	 10.4622	  0.0024	  0.0000
448.0000	128.0000	 11.0571	 -0.0609	  0.0000
464.0000	128.0000	 10.2694	  0.0022	  0.0000
480.0000	128.0000	 10.9158	 -0.0194	  0.0000
496.0000	128.0000	 10.1537	 -0.0130	  0.0000
 16.0000	112.0000	  8.3464	 -0.0122	  0.0000
 32.0000	112.0000	  8.4815	  0.0131	  0.0000
 48.0000	112.0000	  8.4760	  0.0579	  0.0000
 64.0000	112.0000	  8.8254	 -0.0061	  0.0000
 80.0000	112.0000	  8.9287	  0.0036	  0.0000
 96.0000	112.0000	  8.1798	  0.0033	  0.0000
112.0000	112.0000	  8.7353	 -0.9846	  0.0000
128.0000	112.0000	  8.1876	  0.0004	  0.0000
144.0000	112.0000	  8.7084	 -0.0064	  0.0000
160.0000	112.0000	  8.2662	 -0.0861	  0.0000
176.0000	112.0000	  8.5447	 -0.3240	  0.0000
192.0000	112.0000	  8.2008	 -0.4992	  0.0000
208.0000	112.0000	  8.3511	 -0.4860	  0.0000
224.0000	112.0000	  8.2065	 -0.4964	  0.0000
240.0000	112.0000	  9.2588	 -0.4645	  0.0000
256.0000	112.0000	  8.4955	  0.0070	  0.0000
272.0000	112.0000	  8.5029	 -0.5368	  0.0000
288.0000	112.0000	  8.8551	 -0.4921	  0.0000
304.0000	112.0000	  8.9782	 -0.4871	  0.0000
320.0000	112.0000	  8.6788	 -0.0218	  0.0000
336.0000	112.0000	  9.2911	 -0.4880	  0.0000
352.0000	112.0000	  9.4951	 -0.4530	  0.0000
368.0000	112.0000	  9.2854	 -0.2828	  0.0000
384.0000	112.0000	     nan	     nan	  1.0000
400.0000	112.0000	  8.9302	 -0.1392	  0.0000
416.0000	112.0000	  8.3106	  0.0042	  0.0000
432.0000	112.0000	  9.1382	 -0.2559	  0.0000
448.0000	112.0000	  9.1186	  0.0125	  0.0000
464.0000	112.0000	  8.8688	 -0.0291	  0.0000
480.0000	112.0000	  8.0405	 -0.0105	  0.0000
496.0000	112.0000	  8.0062	  0.0006	  0.0000
 16.0000	 96.0000	  6.3291	  0.0267	  0.0000
 32.0000	 96.0000	  6.2273	  0.0010	  0.0000
 48.0000	 96.0000	  6.3048	 -0.0003	  0.0000
 64.0000	 96.0000	  7.3128	 -0.9545	  0.0000
 80.0000	 96.0000	  6.8893	 -0.0139	  0.0000
 96.0000	 96.0000	  7.3994	 -0.0332	  0.0000
112.0000	 96.0000	  7.6822	 -0.0005	  0.0000
128.0000	 96.0000	  7.5539	 -0.8768	  0.0000
144.0000	 96.0000	  6.2781	  0.0481	  0.0000
160.0000	 96.0000	  6.3501	  0.0920	  0.0000
176.0000	 96.0000	  6.0932	  0.0765	  0.0000
192.0000	 96.0000	  6.7630	 -0.8732	  0.0000
208.0000	 96.0000	  7.8070	 -0.4997	  0.0000
224.0000	 96.0000	     nan	     nan	  1.0000
240.0000	 96.0000	  7.0128	 -0.5005	  0.0000
256.0000	 96.0000	     nan	     nan	  1.0000
272.0000	 96.0000	     nan	     nan	  1.0000
288.0000	 96.0000	  6.9053	 -0.1524	  0.0000
304.0000	 96.0000	  6.5708	 -0.4717	  0.0000
320.0000	 96.0000	  6.9345	 -0.0289	  0.0000
336.0000	 96.0000	  6.3948	 -0.4750	  0.0000
352.0000	 96.0000	  6.5865	 -0.0170	  0.0000
368.0000	 96.0000	  6.3510	 -0.5048	  0.0000
384.0000	 96.0000	  7.1383	 -0.8966	  0.0000
400.0000	 96.0000	  6.8278	  0.0538	  0.0000
416.0000	 96.0000	  7.3390	 -0.9048	  0.0000
432.0000	 96.0000	  7.0305	  0.0261	  0.0000
448.0000	 96.0000	  7.4661	 -0.9660	  0.0000
464.0000	 96.0000	  6.1230	  0.0585	  0.0000
480.0000	 96.0000	  7.0155	  0.0388	  0.0000
496.0000	 96.0000	  6.4019	  0.0008	  0.0000
 16.0000	 80.0000	  5.2387	 -0.4756	  0.0000
 32.0000	 80.0000	  4.7276	 -0.5014	  0.0000
 48.0000	 80.0000	  5.0524	 -0.4954	  0.0000
 64.0000	 80.0000	  5.1790	  0.0427	  0.0000
 80.0000	 80.0000	  4.5277	 -0.1967	  0.0000
 96.0000	 80.0000	  4.3958	  0.0218	  0.0000
112.0000	 80.0000	  4.4534	 -0.8837	  0.0000
128.0000	 80.0000	  5.0457	  0.0297	  0.0000
144.0000	 80.0000	  5.1360	 -0.9700	  0.0000
160.0000	 80.0000	  5.0017	 -0.0133	  0.0000
176.0000	 80.0000	  5.6601	 -0.2307	  0.0000
192.0000	 80.0000	  4.6235	 -0.4145	  0.0000
208.0000	 80.0000	  4.4882	 -0.4729	  0.0000
224.0000	 80.0000	  4.5454	 -0.5000	  0.0000
240.0000	 80.0000	  5.3171	 -0.6324	  0.0000
256.0000	 80.0000	  4.1164	 -0.0004	  0.0000
272.0000	 80.0000	  4.7611	 -0.5798	  0.0000
288.0000	 80.0000	  4.9994	 -0.6246	  0.0000
304.0000	 80.0000	  6.7179	 -0.5329	  0.0000
320.0000	 80.0000	  5.5242	 -0.4860	  0.0000
336.0000	 80.0000	  5.5493	 -0.4783	  0.0000
352.0000	 80.0000	  5.9346	 -0.5039	  0.0000
368.0000	 80.0000	  6.6369	 -0.4700	  0.0000
384.0000	 80.0000	  6.3783	 -0.0081	  0.0000
400.0000	 80.0000	  6.1453	 -0.4479	  0.0000
416.0000	 80.0000	  6.0549	 -0.0052	  0.0000
432.0000	 80.0000	  5.9987	 -0.4640	  0.0000
448.0000	 80.0000	  4.9869	 -0.0002	  0.0000
464.0000	 80.0000	  4.7063	 -0.2420	  0.0000
480.0000	 80.0000	  4.8260	 -0.0224	  0.0000
496.0000	 80.0000	  4.2991	 -0.0472	  0.0000
 16.0000	 64.0000	  3.8676	 -0.3007	  0.0000
 32.0000	 64.0000	  3.8649	 -0.1009	  0.0000
 48.0000	 64.0000	  4.0649	 -0.4837	  0.0000
 64.0000	 64.0000	  5.2630	 -0.9092	  0.0000
 80.0000	 64.0000	  4.0002	 -0.0057	  0.0000
 96.0000	 64.0000	  3.4005	 -0.9771	  0.0000
112.0000	 64.0000	  3.2576	 -0.0048	  0.0000
128.0000	 64.0000	  3.6249	 -0.0033	  0.0000
144.0000	 64.0000	  3.4206	  0.0237	  0.0000
160.0000	 64.0000	  3.0942	 -0.9677	  0.0000
176.0000	 64.0000	     nan	     nan	  1.0000
192.0000	 64.0000	  4.0168	  0.0273	  0.0000
208.0000	 64.0000	  3.8639	 -0.5464	  0.0000
224.0000	 64.0000	  3.8916	 -0.9431	  0.0000
240.0000	 64.0000	  3.1201	  0.0417	  0.0000
256.0000	 64.0000	  3.7038	 -0.8758	  0.0000
272.0000	 64.0000	  3.5219	  0.0422	  0.0000
288.0000	 64.0000	  3.6490	 -0.8040	  0.0000
304.0000	 64.0000	  1.5256	 -0.4541	  0.0000
320.0000	 64.0000	  2.6401	 -0.0521	  0.0000
336.0000	 64.0000	  2.5303	 -0.5004	  0.0000
352.0000	 64.0000	  2.4434	 -0.9979	  0.0000
368.0000	 64.0000	  2.2782	 -0.0257	  0.0000
384.0000	 64.0000	  1.5992	 -0.9253	  0.0000
400.0000	 64.0000	  2.8384	 -0.0044	  0.0000
416.0000	 64.0000	  2.6408	 -0.9567	  0.0000
432.0000	 64.0000	     nan	     nan	  1.0000
448.0000	 64.0000	  4.0779	 -0.9423	  0.0000
464.0000	 64.0000	  3.6412	 -0.0091	  0.0000
480.0000	 64.0000	  4.0203	 -0.9579	  0.0000
496.0000	 64.0000	  2.9441	  0.0398	  0.0000
 16.0000	 48.0000	  1.8618	 -0.4377	  0.0000
 32.0000	 48.0000	  1.8170	 -0.4202	  0.0000
 48.0000	 48.0000	  1.4983	 -0.9788	  0.0000
 64.0000	 48.0000	  0.6758	 -0.0011	  0.0000
 80.0000	 48.0000	  1.8080	 -0.4700	  0.0000
 96.0000	 48.0000	  2.3922	  0.0031	  0.0000
112.0000	 48.0000	  3.0814	 -0.5989	  0.0000
128.0000	 48.0000	  1.7566	  0.0165	  0.0000
144.0000	 48.0000	  1.6402	 -0.0425	  0.0000
160.0000	 48.0000	  1.9979	 -0.1017	  0.0000
176.0000	 48.0000	  2.3775	 -0.6011	  0.0000
192.0000	 48.0000	  0.4621	 -0.5012	  0.0000
208.0000	 48.0000	  1.1914	 -0.4895	  0.0000
224.0000	 48.0000	  0.8636	 -0.0027	  0.0000
240.0000	 48.0000	  2.0102	 -0.3820	  0.0000
256.0000	 48.0000	  1.4130	  0.0616	  0.0000
272.0000	 48.0000	  1.5369	 -0.4629	  0.0000
288.0000	 48.0000	  1.3258	 -0.0349	  0.0000
304.0000	 48.0000	  1.5673	 -0.2923	  0.0000
320.0000	 48.0000	  0.8403	 -0.5080	  0.0000
336.0000	 48.0000	  1.5793	 -0.2395	  0.0000
352.0000	 48.0000	  2.2927	  0.0005	  0.0000
368.0000	 48.0000	  1.2477	 -0.1979	  0.0000
384.0000	 48.0000	  0.9228	  0.0009	  0.0000
400.0000	 48.0000	     nan	     nan	  1.0000
416.0000	 48.0000	  0.0000	  0.0000	  0.0000
432.0000	 48.0000	  1.0800	 -0.5112	  0.0000
448.0000	 48.0000	  1.0302	  0.0676	  0.0000
464.0000	 48.0000	  1.4336	 -0.4630	  0.0000
480.0000	 48.0000	  0.9593	 -0.0052	  0.0000
496.0000	 48.0000	  0.3187	 -0.0107	  0.0000
 16.0000	 32.0000	  0.3283	 -0.9490	  0.0000
 32.0000	 32.0000	  0.1992	 -0.9532	  0.0000
 48.0000	 32.0000	  0.0059	 -0.0000	  0.0000
 64.0000	 32.0000	  0.0514	 -0.9842	  0.0000
 80.0000	 32.0000	  0.5000	 -0.0000	  0.0000
 96.0000	 32.0000	  0.3748	 -0.0009	  0.0000
112.0000	 32.0000	  0.0346	  0.0002	  0.0000
128.0000	 32.0000	  0.2352	 -0.0043	  0.0000
144.0000	 32.0000	  0.0170	  0.0002	  0.0000
160.0000	 32.0000	  0.2103	 -0.0033	  0.0000
176.0000	 32.0000	  0.0006	 -0.0004	  0.0000
192.0000	 32.0000	  0.4920	 -0.9729	  0.0000
208.0000	 32.0000	  0.0388	 -0.0012	  0.0000
224.0000	 32.0000	  0.2902	 -0.8993	  0.0000
240.0000	 32.0000	  0.0090	 -0.0003	  0.0000
256.0000	 32.0000	  0.8919	 -0.9357	  0.0000
272.0000	 32.0000	  0.0100	 -0.0004	  0.0000
288.0000	 32.0000	  0.4378	  0.0040	  0.0000
304.0000	 32.0000	  0.0766	  0.0180	  0.0000
320.0000	 32.0000	  0.5024	 -0.9451	  0.0000
336.0000	 32.0000	  0.0375	 -0.0000	  0.0000
352.0000	 32.0000	  0.2736	 -0.9358	  0.0000
368.0000	 32.0000	  0.0220	 -0.0002	  0.0000
384.0000	 32.0000	  0.4065	 -0.8575	  0.0000
400.0000	 32.0000	  0.0536	  0.0007	  0.0000
416.0000	 32.0000	  0.2043	 -0.0121	  0.0000
432.0000	 32.0000	  0.1058	 -0.0047	  0.0000
448.0000	 32.0000	  0.5081	 -0.9469	  0.0000
464.0000	 32.0000	  0.0379	  0.0011	  0.0000
480.0000	 32.0000	  0.3484	 -0.0008	  0.0000
496.0000	 32.0000	  0.0664	  0.0038	  0.0000
 16.0000	 16.0000	  0.0000	 -0.0000	  0.0000
 32.0000	 16.0000	  0.0000	 -0.0000	  0.0000
 48.0000	 16.0000	  0.0000	 -0.0000	  0.0000
 64.0000	 16.0000	  0.0000	 -0.0000	  0.0000
 80.0000	 16.0000	  0.0000	 -0.0000	  0.0000
 96.0000	 16.0000	  0.0000	 -0.0000	  0.0000
112.0000	 16.0000	  0.0000	 -0.0000	  0.0000
128.0000	 16.0000	  0.0000	 -0.0000	  0.0000
144.0000	 16.0000	  0.0000	 -0.0000	  0.0000
160.0000	 16.0000	  0.0000	 -0.0000	  0.0000
176.0000	 16.0000	  0.0000	 -0.0000	  0.0000
192.0000	 16.0000	  0.0000	 -0.0000	  0.0000
208.0000	 16.0000	  0.0000	 -0.0000	  0.0000
224.0000	 16.0000	  0.2826	  0.0186	  0.0000
240.0000	 16.0000	  0.0000	 -0.0000	  0.0000
256.0000	 16.0000	  0.0000	 -0.0000	  0.0000
272.0000	 16.0000	  0.0000	 -0.0000	  0.0000
288.0000	 16.0000	  0.0000	 -0.0000	  0.0000
304.0000	 16.0000	  0.0000	 -0.0000	  0.0000
320.0000	 16.0000	  0.4654	  0.0143	  0.0000
336.0000	 16.0000	  0.0000	 -0.0000	  0.0000
352.0000	 16.0000	  0.2737	  0.0097	  0.0000
368.0000	 16.0000	  0.0000	 -0.0000	  0.0000
384.0000	 16.0000	  0.3596	 -0.8740	  0.0000
400.0000	 16.0000	  0.0000	 -0.0000	  0.0000
416.0000	 16.0000	  0.0000	 -0.0000	  0.0000
432.0000	 16.0000	  0.0000	 -0.0000	  0.0000
448.0000	 16.0000	  0.0000	 -0.0000	  0.0000
464.0000	 16.0000	  0.0000	 -0.0000	  0.0000
480.0000	 16.0000	  0.0000	 -0.0000	  0.0000
496.0000	 16.0000	  0.0000	 -0.0000	  0.0000
