 16.0000	 16.0000	  0.0059	 -0.0341	  0.0000
 32.0000	 16.0000	  0.0285	 -0.0518	  0.0000
 48.0000	 16.0000	  0.2406	 -0.0057	  0.0000
 64.0000	 16.0000	 -0.0201	 -0.0042	  0.0000
 80.0000	 16.0000	  0.0099	 -0.0086	  0.0000
 96.0000	 16.0000	 -0.0010	 -0.0065	  0.0000
112.0000	 16.0000	  0.0129	 -0.0000	  0.0000
128.0000	 16.0000	  0.0020	 -0.0027	  0.0000
144.0000	 16.0000	 -0.0736	 -0.0063	  0.0000
160.0000	 16.0000	 -0.0027	 -0.0030	  0.0000
176.0000	 16.0000	 -0.0360	 -0.0167	  0.0000
192.0000	 16.0000	  0.1190	 -0.1645	  0.0000
208.0000	 16.0000	  0.0084	 -0.0646	  0.0000
224.0000	 16.0000	 -0.0188	 -0.0210	  0.0000
240.0000	 16.0000	 -0.0104	 -0.0140	  0.0000
256.0000	 16.0000	 -0.0193	 -0.0222	  0.0000
272.0000	 16.0000	  0.3119	 -0.0221	  0.0000
288.0000	 16.0000	  0.0113	 -0.0124	  0.0000
304.0000	 16.0000	 -0.1415	 -0.0080	  0.0000
320.0000	 16.0000	  0.1206	 -0.0000	  0.0000
336.0000	 16.0000	 -0.0084	 -0.0016	  0.0000
352.0000	 16.0000	 -0.1775	 -0.0018	  0.0000
368.0000	 16.0000	  0.0699	 -0.0029	  0.0000
384.0000	 16.0000	 -0.0041	 -0.0106	  0.0000
400.0000	 16.0000	 -0.0728	 -0.0128	  0.0000
416.0000	 16.0000	  0.0226	 -0.0051	  0.0000
432.0000	 16.0000	  0.0188	 -0.0056	  0.0000
448.0000	 16.0000	  0.1103	 -0.0101	  0.0000
464.0000	 16.0000	 -0.0240	 -0.0061	  0.0000
480.0000	 16.0000	 -0.1867	  0.0011	  0.0000
496.0000	 16.0000	 -0.0008	  0.0013	  0.0000
 16.0000	 32.0000	  0.0001	  0.0014	  0.0000
 32.0000	 32.0000	  0.1307	 -0.0264	  0.0000
 48.0000	 32.0000	  0.1183	 -0.1740	  0.0000
 64.0000	 32.0000	 -0.0320	 -0.1003	  0.0000
 80.0000	 32.0000	  0.0677	 -0.0084	  0.0000
 96.0000	 32.0000	  0.1104	  0.0244	  0.0000
112.0000	 32.0000	  0.1154	  0.0230	  0.0000
128.0000	 32.0000	 -0.0426	  0.0545	  0.0000
144.0000	 32.0000	 -0.0037	  0.0077	  0.0000
160.0000	 32.0000	  0.1239	  0.0286	  0.0000
176.0000	 32.0000	  0.1182	  0.0862	  0.0000
192.0000	 32.0000	  0.1472	 -0.0794	  0.0000
208.0000	 32.0000	  0.0260	 -0.0238	  0.0000
224.0000	 32.0000	  0.0170	 -0.0043	  0.0000
240.0000	 32.0000	  0.0504	 -0.0185	  0.0000
256.0000	 32.0000	  0.1171	 -0.2327	  0.0000
272.0000	 32.0000	  0.4420	 -0.2559	  0.0000
288.0000	 32.0000	  0.1277	 -0.0005	  0.0000
304.0000	 32.0000	 -0.1376	 -0.0000	  0.0000
320.0000	 32.0000	 -0.0396	  0.0135	  0.0000
336.0000	 32.0000	  0.0142	  0.0141	  0.0000
352.0000	 32.0000	  0.0674	  0.0032	  0.0000
368.0000	 32.0000	  0.0877	 -0.0570	  0.0000
384.0000	 32.0000	  0.1077	 -0.0838	  0.0000
400.0000	 32.0000	  0.1534	  0.0785	  0.0000
416.0000	 32.0000	 -0.0642	  0.0977	  0.0000
432.0000	 32.0000	 -0.1126	  0.0034	  0.0000
448.0000	 32.0000	  0.1939	 -0.0391	  0.0000
464.0000	 32.0000	  0.1541	 -0.0428	  0.0000
480.0000	 32.0000	 -0.0024	 -0.0411	  0.0000
496.0000	 32.0000	  0.0820	 -0.1726	  0.0000
 16.0000	 48.0000	  1.4828	  0.1332	  0.0000
 32.0000	 48.0000	  0.6634	  0.0613	  0.0000
 48.0000	 48.0000	  0.5634	 -0.0025	  0.0000
 64.0000	 48.0000	  0.6181	 -0.0480	  0.0000
 80.0000	 48.0000	  1.2746	 -0.0987	  0.0000
 96.0000	 48.0000	     nan	     nan	  1.0000
112.0000	 48.0000	  0.5407	  0.0005	  0.0000
128.0000	 48.0000	  0.6720	 -0.0014	  0.0000
144.0000	 48.0000	  0.4664	 -0.0112	  0.0000
160.0000	 48.0000	  0.4542	 -0.0089	  0.0000
176.0000	 48.0000	  0.7517	  0.0220	  0.0000
192.0000	 48.0000	  0.6476	 -0.0421	  0.0000
208.0000	 48.0000	  0.5387	 -0.0293	  0.0000
224.0000	 48.0000	  0.4038	  0.0396	  0.0000
240.0000	 48.0000	  1.7417	 -0.0346	  0.0000
256.0000	 48.0000	  1.2891	  0.0469	  0.0000
272.0000	 48.0000	  0.5317	  0.0266	  0.0000
288.0000	 48.0000	  0.9469	  0.0027	  0.0000
304.0000	 48.0000	  0.7842	 -0.0162	  0.0000
320.0000	 48.0000	  0.0025	 -0.0125	  0.0000
336.0000	 48.0000	  0.0603	  0.0018	  0.0000
352.0000	 48.0000	  0.8783	 -0.0084	  0.0000
368.0000	 48.0000	  0.6796	  0.0883	  0.0000
384.0000	 48.0000	  0.5082	  0.1602	  0.0000
400.0000	 48.0000	  0.5862	  0.0927	  0.0000
416.0000	 48.0000	  0.1961	 -0.0080	  0.0000
432.0000	 48.0000	  0.2668	 -0.0090	  0.0000
448.0000	 48.0000	  0.4861	 -0.0158	  0.0000
464.0000	 48.0000	  0.4460	 -0.0031	  0.0000
480.0000	 48.0000	  0.7537	  0.0304	  0.0000
496.0000	 48.0000	  0.4201	  0.0009	  0.0000
 16.0000	 64.0000	  2.5217	 -0.0319	  0.0000
 32.0000	 64.0000	     nan	     nan	  1.0000
 48.0000	 64.0000	  1.8536	  0.0631	  0.0000
 64.0000	 64.0000	  1.9209	 -0.0143	  0.0000
 80.0000	 64.0000	  3.1316	  0.0760	  0.0000
 96.0000	 64.0000	  4.0182	 -0.2892	  0.0000
112.0000	 64.0000	  3.5236	 -0.3914	  0.0000
128.0000	 64.0000	  2.0944	  0.0112	  0.0000
144.0000	 64.0000	  1.9345	  0.2231	  0.0000
160.0000	 64.0000	  1.8754	  0.3579	  0.0000
176.0000	 64.0000	  3.2998	 -0.1451	  0.0000
192.0000	 64.0000	  3.2164	 -0.0518	  0.0000
208.0000	 64.0000	  2.7914	  0.0262	  0.0000
224.0000	 64.0000	  3.1537	  0.0019	  0.0000
240.0000	 64.0000	  2.3813	 -0.0635	  0.0000
256.0000	 64.0000	  2.0919	  0.0036	  0.0000
272.0000	 64.0000	     nan	     nan	  1.0000
288.0000	 64.0000	  2.3468	 -0.1348	  0.0000
304.0000	 64.0000	  2.4606	 -0.1377	  0.0000
320.0000	 64.0000	     nan	     nan	  1.0000
336.0000	 64.0000	  3.4121	  0.0135	  0.0000
352.0000	 64.0000	  3.3069	 -0.0126	  0.0000
368.0000	 64.0000	  3.5379	 -0.0579	  0.0000
384.0000	 64.0000	  3.8351	 -0.0312	  0.0000
400.0000	 64.0000	  3.2874	 -0.1125	  0.0000
416.0000	 64.0000	  3.1442	 -0.1123	  0.0000
432.0000	 64.0000	  1.9847	  0.0003	  0.0000
448.0000	 64.0000	  2.4631	  0.0146	  0.0000
464.0000	 64.0000	  2.7297	 -0.1198	  0.0000
480.0000	 64.0000	  2.5132	 -0.0604	  0.0000
496.0000	 64.0000	  3.5190	 -0.0296	  0.0000
 16.0000	 80.0000	     nan	     nan	  1.0000
 32.0000	 80.0000	  5.3639	 -0.0172	  0.0000
 48.0000	 80.0000	  5.2156	 -0.0214	  0.0000
 64.0000	 80.0000	  4.4082	 -0.0074	  0.0000
 80.0000	 80.0000	  4.7702	 -0.0857	  0.0000
 96.0000	 80.0000	  4.9847	 -0.0506	  0.0000
112.0000	 80.0000	  5.3494	  0.0004	  0.0000
128.0000	 80.0000	  5.6825	 -0.0098	  0.0000
144.0000	 80.0000	  4.6342	 -0.0221	  0.0000
160.0000	 80.0000	     nan	     nan	  1.0000
176.0000	 80.0000	  4.4285	  0.0044	  0.0000
192.0000	 80.0000	  4.1331	 -0.0024	  0.0000
208.0000	 80.0000	  3.8367	  0.0202	  0.0000
224.0000	 80.0000	  5.3136	  0.0268	  0.0000
240.0000	 80.0000	  5.2306	  0.0633	  0.0000
256.0000	 80.0000	  5.0523	  0.0610	  0.0000
272.0000	 80.0000	  5.8506	 -0.0622	  0.0000
288.0000	 80.0000	  5.5130	  0.0332	  0.0000
304.0000	 80.0000	  4.1179	  0.1006	  0.0000
320.0000	 80.0000	     nan	     nan	  1.0000
336.0000	 80.0000	     nan	     nan	  1.0000
352.0000	 80.0000	  4.2742	 -0.0124	  0.0000
368.0000	 80.0000	  5.2440	 -0.0078	  0.0000
384.0000	 80.0000	  5.1251	 -0.0198	  0.0000
400.0000	 80.0000	  4.7506	 -0.0173	  0.0000
416.0000	 80.0000	  5.1692	 -0.0030	  0.0000
432.0000	 80.0000	  5.8642	  0.0121	  0.0000
448.0000	 80.0000	  5.4200	 -0.0045	  0.0000
464.0000	 80.0000	  5.4015	 -0.0158	  0.0000
480.0000	 80.0000	  5.0560	 -0.1018	  0.0000
496.0000	 80.0000	  3.8604	 -0.0242	  0.0000
 16.0000	 96.0000	  7.1712	 -0.0218	  0.0000
 32.0000	 96.0000	  6.3187	  0.0096	  0.0000
 48.0000	 96.0000	  6.4476	  0.0063	  0.0000
 64.0000	 96.0000	  7.0615	 -0.0262	  0.0000
 80.0000	 96.0000	  6.9298	 -0.0373	  0.0000
 96.0000	 96.0000	  6.0255	  0.1011	  0.0000
112.0000	 96.0000	  5.8004	  0.1186	  0.0000
128.0000	 96.0000	  6.4966	 -0.0025	  0.0000
144.0000	 96.0000	  6.7544	 -0.0196	  0.0000
160.0000	 96.0000	  7.3555	 -0.1728	  0.0000
176.0000	 96.0000	  7.0458	 -0.0687	  0.0000
192.0000	 96.0000	  6.8377	 -0.0297	  0.0000
208.0000	 96.0000	  7.0668	 -0.0012	  0.0000
224.0000	 96.0000	  6.4796	  0.0203	  0.0000
240.0000	 96.0000	  6.4381	 -0.0021	  0.0000
256.0000	 96.0000	  6.4267	  0.0540	  0.0000
272.0000	 96.0000	  6.0692	 -0.0366	  0.0000
288.0000	 96.0000	  6.3130	 -0.1145	  0.0000
304.0000	 96.0000	  7.6887	 -0.1317	  0.0000
320.0000	 96.0000	  7.9501	 -0.3307	  0.0000
336.0000	 96.0000	     nan	     nan	  1.0000
352.0000	 96.0000	  5.5182	  0.1075	  0.0000
368.0000	 96.0000	  5.6686	  0.1173	  0.0000
384.0000	 96.0000	  5.5242	  0.0956	  0.0000
400.0000	 96.0000	  5.1461	  0.1845	  0.0000
416.0000	 96.0000	  5.6936	  0.1318	  0.0000
432.0000	 96.0000	  7.0415	  0.0016	  0.0000
448.0000	 96.0000	  6.5669	  0.0248	  0.0000
464.0000	 96.0000	  6.3668	 -0.0584	  0.0000
480.0000	 96.0000	  7.1689	 -0.0833	  0.0000
496.0000	 96.0000	  7.4025	 -0.0689	  0.0000
 16.0000	112.0000	  7.9801	  0.0791	  0.0000
 32.0000	112.0000	  8.7027	 -0.0280	  0.0000
 48.0000	112.0000	  8.7645	 -0.1248	  0.0000
 64.0000	112.0000	  7.9925	 -0.1061	  0.0000
 80.0000	112.0000	  7.9917	 -0.0390	  0.0000
 96.0000	112.0000	  8.5001	  0.0340	  0.0000
112.0000	112.0000	  8.7297	  0.0081	  0.0000
128.0000	112.0000	  8.6448	  0.0101	  0.0000
144.0000	112.0000	  8.6996	  0.0025	  0.0000
160.0000	112.0000	  8.2973	 -0.0157	  0.0000
176.0000	112.0000	  7.6957	  0.0213	  0.0000
192.0000	112.0000	  7.7362	  0.0261	  0.0000
208.0000	112.0000	  8.0227	  0.0002	  0.0000
224.0000	112.0000	  8.5973	 -0.1311	  0.0000
240.0000	112.0000	  8.8178	 -0.1526	  0.0000
256.0000	112.0000	  8.5543	 -0.0063	  0.0000
272.0000	112.0000	  8.1633	  0.1419	  0.0000
288.0000	112.0000	  8.5140	  0.0590	  0.0000
304.0000	112.0000	  8.4794	  0.0439	  0.0000
320.0000	112.0000	  8.4845	  0.0097	  0.0000
336.0000	112.0000	  8.8031	  0.0154	  0.0000
352.0000	112.0000	  8.9282	 -0.0014	  0.0000
368.0000	112.0000	  8.8526	 -0.0041	  0.0000
384.0000	112.0000	  8.6304	 -0.0096	  0.0000
400.0000	112.0000	  8.5248	 -0.0090	  0.0000
416.0000	112.0000	     nan	     nan	  1.0000
432.0000	112.0000	  7.9177	  0.0007	  0.0000
448.0000	112.0000	  8.2553	 -0.0073	  0.0000
464.0000	112.0000	  8.3490	  0.0146	  0.0000
480.0000	112.0000	  7.7911	  0.0308	  0.0000
496.0000	112.0000	  7.6810	  0.0173	  0.0000
 16.0000	128.0000	  9.8351	 -0.0056	  0.0000
 32.0000	128.0000	 10.0047	 -0.2308	  0.0000
 48.0000	128.0000	 10.0675	 -0.1670	  0.0000
 64.0000	128.0000	  9.8960	 -0.0116	  0.0000
 80.0000	128.0000	  9.9293	 -0.0058	  0.0000
 96.0000	128.0000	 10.3484	 -0.0032	  0.0000
112.0000	128.0000	  9.3493	  0.0080	  0.0000
128.0000	128.0000	  9.3660	  0.0089	  0.0000
144.0000	128.0000	  9.8181	  0.0271	  0.0000
160.0000	128.0000	  9.6886	  0.0267	  0.0000
176.0000	128.0000	  9.6346	 -0.0155	  0.0000
192.0000	128.0000	  9.8878	 -0.0321	  0.0000
208.0000	128.0000	 10.2687	 -0.0283	  0.0000
224.0000	128.0000	 10.0166	 -0.1393	  0.0000
240.0000	128.0000	  9.8076	 -0.2057	  0.0000
256.0000	128.0000	  9.6014	 -0.1642	  0.0000
272.0000	128.0000	 10.3257	 -0.0840	  0.0000
288.0000	128.0000	  9.9073	 -0.0578	  0.0000
304.0000	128.0000	  9.3376	  0.0960	  0.0000
320.0000	128.0000	  9.2965	  0.2181	  0.0000
336.0000	128.0000	  9.6349	  0.0944	  0.0000
352.0000	128.0000	  9.6107	 -0.0003	  0.0000
368.0000	128.0000	  9.8250	  0.0273	  0.0000
384.0000	128.0000	 10.3434	  0.0512	  0.0000
400.0000	128.0000	  9.8977	 -0.0534	  0.0000
416.0000	128.0000	 10.1058	 -0.0567	  0.0000
432.0000	128.0000	 10.5330	 -0.0047	  0.0000
448.0000	128.0000	  9.7406	 -0.0015	  0.0000
464.0000	128.0000	  9.4695	 -0.0080	  0.0000
480.0000	128.0000	  9.6416	  0.0329	  0.0000
496.0000	128.0000	  9.3308	  0.1081	  0.0000
 16.0000	144.0000	 10.7885	 -0.0131	  0.0000
 32.0000	144.0000	 11.0057	  0.0107	  0.0000
 48.0000	144.0000	 10.9443	  0.1239	  0.0000
 64.0000	144.0000	 10.3044	  0.2645	  0.0000
 80.0000	144.0000	 10.4194	  0.1173	  0.0000
 96.0000	144.0000	 10.8617	  0.0026	  0.0000
112.0000	144.0000	 11.2123	 -0.0709	  0.0000
128.0000	144.0000	 11.2608	 -0.0415	  0.0000
144.0000	144.0000	 11.1207	 -0.1780	  0.0000
160.0000	144.0000	 10.7350	 -0.2159	  0.0000
176.0000	144.0000	 10.4596	  0.0797	  0.0000
192.0000	144.0000	 10.8426	 -0.0605	  0.0000
208.0000	144.0000	 11.1232	 -0.0407	  0.0000
224.0000	144.0000	 11.4909	 -0.0091	  0.0000
240.0000	144.0000	 11.1013	  0.0029	  0.0000
256.0000	144.0000	 10.7543	 -0.0329	  0.0000
272.0000	144.0000	 11.2482	 -0.0506	  0.0000
288.0000	144.0000	 10.8542	  0.0123	  0.0000
304.0000	144.0000	 11.0025	  0.0920	  0.0000
320.0000	144.0000	 11.3871	  0.0069	  0.0000
336.0000	144.0000	 10.8077	 -0.0961	  0.0000
352.0000	144.0000	 10.8146	 -0.1205	  0.0000
368.0000	144.0000	 10.9292	  0.0136	  0.0000
384.0000	144.0000	 11.1645	  0.0162	  0.0000
400.0000	144.0000	 11.3898	 -0.0011	  0.0000
416.0000	144.0000	 11.0226	  0.0046	  0.0000
432.0000	144.0000	 10.9433	  0.0108	  0.0000
448.0000	144.0000	 11.5607	  0.0257	  0.0000
464.0000	144.0000	 11.2662	  0.0329	  0.0000
480.0000	144.0000	 11.3873	 -0.0311	  0.0000
496.0000	144.0000	 11.4457	 -0.0886	  0.0000
 16.0000	160.0000	 12.7910	 -0.1863	  0.0000
 32.0000	160.0000	 12.1638	  0.0868	  0.0000
 48.0000	160.0000	 11.8819	  0.1982	  0.0000
 64.0000	160.0000	 12.5567	 -0.1355	  0.0000
 80.0000	160.0000	 12.8577	 -0.3578	  0.0000
 96.0000	160.0000	 12.7366	 -0.3194	  0.0000
112.0000	160.0000	 12.5889	 -0.0047	  0.0000
128.0000	160.0000	 12.4804	 -0.0266	  0.0000
144.0000	160.0000	 12.3969	 -0.0731	  0.0000
160.0000	160.0000	 12.4727	 -0.0647	  0.0000
176.0000	160.0000	     nan	     nan	  1.0000
192.0000	160.0000	 12.3483	  0.0597	  0.0000
208.0000	160.0000	 12.2775	  0.0538	  0.0000
224.0000	160.0000	 12.4407	  0.1038	  0.0000
240.0000	160.0000	 12.3825	  0.0684	  0.0000
256.0000	160.0000	 12.4395	 -0.0282	  0.0000
272.0000	160.0000	 12.2485	  0.0600	  0.0000
288.0000	160.0000	 12.1941	  0.0955	  0.0000
304.0000	160.0000	 12.2799	  0.0075	  0.0000
320.0000	160.0000	 12.2957	 -0.0287	  0.0000
336.0000	160.0000	 12.4279	 -0.0351	  0.0000
352.0000	160.0000	 12.4729	  0.0081	  0.0000
368.0000	160.0000	 12.0896	  0.0195	  0.0000
384.0000	160.0000	 11.9422	  0.0019	  0.0000
400.0000	160.0000	 12.2583	  0.0078	  0.0000
416.0000	160.0000	 12.2028	  0.0435	  0.0000
432.0000	160.0000	 12.0742	  0.0476	  0.0000
448.0000	160.0000	 11.9550	 -0.0084	  0.0000
464.0000	160.0000	 11.8822	  0.0058	  0.0000
480.0000	160.0000	 12.0018	  0.0173	  0.0000
496.0000	160.0000	 11.9526	 -0.0031	  0.0000
 16.0000	176.0000	 13.0267	 -0.0039	  0.0000
 32.0000	176.0000	 12.8655	 -0.0226	  0.0000
 48.0000	176.0000	 13.1700	 -0.1588	  0.0000
 64.0000	176.0000	 13.1749	 -0.1075	  0.0000
 80.0000	176.0000	 13.4001	 -0.0502	  0.0000
 96.0000	176.0000	 13.4515	 -0.0139	  0.0000
112.0000	176.0000	 12.9571	  0.0569	  0.0000
128.0000	176.0000	 12.8237	  0.0629	  0.0000
144.0000	176.0000	 12.7707	  0.1855	  0.0000
160.0000	176.0000	 12.8871	  0.2402	  0.0000
176.0000	176.0000	 13.4614	  0.0304	  0.0000
192.0000	176.0000	 13.0108	 -0.0088	  0.0000
208.0000	176.0000	 13.0452	 -0.0199	  0.0000
224.0000	176.0000	 13.3512	  0.0140	  0.0000
240.0000	176.0000	 13.2593	  0.0191	  0.0000
256.0000	176.0000	 13.2932	  0.0089	  0.0000
272.0000	176.0000	 13.1690	  0.0584	  0.0000
288.0000	176.0000	 13.1787	  0.0991	  0.0000
304.0000	176.0000	 13.2711	 -0.0007	  0.0000
320.0000	176.0000	 13.3478	 -0.0880	  0.0000
336.0000	176.0000	 13.1901	 -0.0132	  0.0000
352.0000	176.0000	 12.9404	  0.1287	  0.0000
368.0000	176.0000	 13.1990	  0.0017	  0.0000
384.0000	176.0000	 13.2960	  0.0034	  0.0000
400.0000	176.0000	 13.0358	  0.0310	  0.0000
416.0000	176.0000	 13.1160	 -0.0206	  0.0000
432.0000	176.0000	 13.3112	 -0.0435	  0.0000
448.0000	176.0000	 13.1530	  0.0021	  0.0000
464.0000	176.0000	 12.9602	  0.0038	  0.0000
480.0000	176.0000	 13.1979	  0.2674	  0.0000
496.0000	176.0000	     nan	     nan	  1.0000
 16.0000	192.0000	 13.9425	  0.1129	  0.0000
 32.0000	192.0000	 14.0915	  0.0354	  0.0000
 48.0000	192.0000	 14.1311	  0.0004	  0.0000
 64.0000	192.0000	 14.2090	  0.0436	  0.0000
 80.0000	192.0000	 14.1877	  0.0948	  0.0000
 96.0000	192.0000	 13.9457	  0.1570	  0.0000
112.0000	192.0000	 14.0740	 -0.0041	  0.0000
128.0000	192.0000	 14.4713	  0.0797	  0.0000
144.0000	192.0000	 14.1844	  0.0634	  0.0000
160.0000	192.0000	 14.2076	 -0.0176	  0.0000
176.0000	192.0000	 14.1562	 -0.0167	  0.0000
192.0000	192.0000	 13.7566	 -0.0149	  0.0000
208.0000	192.0000	 13.9605	 -0.0153	  0.0000
224.0000	192.0000	 13.7791	  0.1841	  0.0000
240.0000	192.0000	 13.6157	  0.1270	  0.0000
256.0000	192.0000	 13.9447	  0.0434	  0.0000
272.0000	192.0000	 14.0953	  0.0160	  0.0000
288.0000	192.0000	 13.8757	  0.0069	  0.0000
304.0000	192.0000	 14.1612	  0.0102	  0.0000
320.0000	192.0000	 14.1319	  0.0079	  0.0000
336.0000	192.0000	 14.0906	 -0.0022	  0.0000
352.0000	192.0000	 14.1898	  0.0122	  0.0000
368.0000	192.0000	 14.3809	  0.0047	  0.0000
384.0000	192.0000	 14.1772	 -0.0107	  0.0000
400.0000	192.0000	 13.9741	  0.0218	  0.0000
416.0000	192.0000	 14.1205	  0.0467	  0.0000
432.0000	192.0000	 14.0585	 -0.0310	  0.0000
448.0000	192.0000	 13.9295	 -0.0585	  0.0000
464.0000	192.0000	 14.2312	 -0.0026	  0.0000
480.0000	192.0000	 14.2654	 -0.0208	  0.0000
496.0000	192.0000	 13.9130	  0.0014	  0.0000
 16.0000	208.0000	 14.6430	 -0.0817	  0.0000
 32.0000	208.0000	 14.7243	 -0.0996	  0.0000
 48.0000	208.0000	 14.5339	  0.1553	  0.0000
 64.0000	208.0000	 14.5449	  0.1032	  0.0000
 80.0000	208.0000	 14.5528	  0.0831	  0.0000
 96.0000	208.0000	 14.0757	 -0.0393	  0.0000
112.0000	208.0000	 14.5928	 -0.0180	  0.0000
128.0000	208.0000	 14.7290	 -0.0186	  0.0000
144.0000	208.0000	 14.6667	 -0.0329	  0.0000
160.0000	208.0000	 14.5915	  0.0174	  0.0000
176.0000	208.0000	 14.7174	 -0.0343	  0.0000
192.0000	208.0000	 14.8212	 -0.0836	  0.0000
208.0000	208.0000	 14.8006	  0.0469	  0.0000
224.0000	208.0000	 14.8721	  0.0744	  0.0000
240.0000	208.0000	     nan	     nan	  1.0000
256.0000	208.0000	 14.6705	  0.0382	  0.0000
272.0000	208.0000	 14.5379	  0.0150	  0.0000
288.0000	208.0000	 14.5692	  0.0030	  0.0000
304.0000	208.0000	 14.7478	 -0.0299	  0.0000
320.0000	208.0000	 14.7295	  0.0391	  0.0000
336.0000	208.0000	 14.6316	  0.1166	  0.0000
352.0000	208.0000	 14.3914	  0.0141	  0.0000
368.0000	208.0000	 14.5812	  0.0003	  0.0000
384.0000	208.0000	 14.5356	  0.0184	  0.0000
400.0000	208.0000	 14.3053	 -0.0179	  0.0000
416.0000	208.0000	 14.4133	  0.0023	  0.0000
432.0000	208.0000	 14.5329	 -0.0108	  0.0000
448.0000	208.0000	 14.7820	  0.0008	  0.0000
464.0000	208.0000	 14.8111	 -0.0015	  0.0000
480.0000	208.0000	 14.7134	 -0.0154	  0.0000
496.0000	208.0000	     nan	     nan	  1.0000
 16.0000	224.0000	 15.1238	 -0.0003	  0.0000
 32.0000	224.0000	 15.0978	  0.0145	  0.0000
 48.0000	224.0000	 15.2160	  0.0251	  0.0000
 64.0000	224.0000	 15.1801	  0.0186	  0.0000
 80.0000	224.0000	 15.1558	  0.0196	  0.0000
 96.0000	224.0000	 15.2515	 -0.2322	  0.0000
112.0000	224.0000	 15.2209	 -0.1312	  0.0000
128.0000	224.0000	 15.1079	  0.0075	  0.0000
144.0000	224.0000	 15.1763	  0.0147	  0.0000
160.0000	224.0000	 15.0857	  0.0150	  0.0000
176.0000	224.0000	 14.9514	  0.0135	  0.0000
192.0000	224.0000	 15.0245	  0.0115	  0.0000
208.0000	224.0000	 15.0189	  0.0093	  0.0000
224.0000	224.0000	 15.0152	  0.0096	  0.0000
240.0000	224.0000	 15.4295	  0.0026	  0.0000
256.0000	224.0000	 15.3227	 -0.0240	  0.0000
272.0000	224.0000	 15.1532	 -0.0349	  0.0000
288.0000	224.0000	 15.1027	 -0.0247	  0.0000
304.0000	224.0000	 14.9891	  0.0698	  0.0000
320.0000	224.0000	 15.0030	  0.0463	  0.0000
336.0000	224.0000	 15.0842	 -0.0007	  0.0000
352.0000	224.0000	 15.3407	 -0.0018	  0.0000
368.0000	224.0000	 15.1172	 -0.0073	  0.0000
384.0000	224.0000	 15.2503	 -0.0132	  0.0000
400.0000	224.0000	 15.1974	  0.0049	  0.0000
416.0000	224.0000	 15.0518	 -0.0149	  0.0000
432.0000	224.0000	 15.2891	 -0.0631	  0.0000
448.0000	224.0000	 15.1917	 -0.0151	  0.0000
464.0000	224.0000	 15.1529	  0.0162	  0.0000
480.0000	224.0000	 15.2008	 -0.0598	  0.0000
496.0000	224.0000	 15.3395	 -0.1630	  0.0000
 16.0000	240.0000	 15.3458	 -0.0445	  0.0000
 32.0000	240.0000	 15.3772	  0.1372	  0.0000
 48.0000	240.0000	 15.3456	  0.0197	  0.0000
 64.0000	240.0000	 15.3601	  0.0111	  0.0000
 80.0000	240.0000	 15.4357	  0.0034	  0.0000
 96.0000	240.0000	 15.3948	 -0.0034	  0.0000
112.0000	240.0000	 15.5140	  0.0377	  0.0000
128.0000	240.0000	 15.3758	  0.0096	  0.0000
144.0000	240.0000	 15.3154	  0.0161	  0.0000
160.0000	240.0000	 15.3167	 -0.0207	  0.0000
176.0000	240.0000	 15.3927	  0.0805	  0.0000
192.0000	240.0000	 15.4111	  0.2027	  0.0000
208.0000	240.0000	 14.9723	  0.0085	  0.0000
224.0000	240.0000	 15.3906	  0.0140	  0.0000
240.0000	240.0000	 15.5384	 -0.0192	  0.0000
256.0000	240.0000	 15.3612	 -0.0060	  0.0000
272.0000	240.0000	 15.2726	 -0.0145	  0.0000
288.0000	240.0000	 15.3620	 -0.0175	  0.0000
304.0000	240.0000	 15.4352	 -0.0589	  0.0000
320.0000	240.0000	 15.4872	 -0.0434	  0.0000
336.0000	240.0000	 15.4405	  0.0064	  0.0000
352.0000	240.0000	 15.4753	 -0.0013	  0.0000
368.0000	240.0000	 15.4111	  0.0023	  0.0000
384.0000	240.0000	 15.4428	  0.0155	  0.0000
400.0000	240.0000	 15.3370	  0.0209	  0.0000
416.0000	240.0000	 15.3444	 -0.0003	  0.0000
432.0000	240.0000	 15.4077	 -0.0131	  0.0000
448.0000	240.0000	 15.3022	 -0.0094	  0.0000
464.0000	240.0000	 15.3587	 -0.0119	  0.0000
480.0000	240.0000	 15.4168	 -0.0447	  0.0000
496.0000	240.0000	 15.3827	 -0.0518	  0.0000
 16.0000	256.0000	 15.4524	  0.0203	  0.0000
 32.0000	256.0000	 15.3387	  0.0120	  0.0000
 48.0000	256.0000	 15.4763	 -0.0633	  0.0000
 64.0000	256.0000	 15.4618	 -0.0345	  0.0000
 80.0000	256.0000	 15.4762	 -0.0786	  0.0000
 96.0000	256.0000	 15.4211	 -0.0051	  0.0000
112.0000	256.0000	 15.4308	  0.1154	  0.0000
128.0000	256.0000	 15.6231	 -0.1399	  0.0000
144.0000	256.0000	 15.4260	 -0.0911	  0.0000
160.0000	256.0000	 15.3850	 -0.0586	  0.0000
176.0000	256.0000	 15.6516	  0.0279	  0.0000
192.0000	256.0000	 15.6655	 -0.0596	  0.0000
208.0000	256.0000	 15.2806	  0.0982	  0.0000
224.0000	256.0000	 15.2911	  0.0485	  0.0000
240.0000	256.0000	 15.4777	  0.0069	  0.0000
256.0000	256.0000	     nan	     nan	  1.0000
272.0000	256.0000	 15.5134	  0.1502	  0.0000
288.0000	256.0000	 15.5210	 -0.0227	  0.0000
304.0000	256.0000	 15.4946	 -0.0612	  0.0000
320.0000	256.0000	 15.5163	 -0.0094	  0.0000
336.0000	256.0000	 15.4714	 -0.0023	  0.0000
352.0000	256.0000	 15.4504	 -0.0093	  0.0000
368.0000	256.0000	 15.4757	 -0.0001	  0.0000
384.0000	256.0000	 15.4650	 -0.2047	  0.0000
400.0000	256.0000	 15.5245	 -0.0614	  0.0000
416.0000	256.0000	 15.4529	  0.0077	  0.0000
432.0000	256.0000	 15.3822	  0.0763	  0.0000
448.0000	256.0000	 15.4215	  0.1557	  0.0000
464.0000	256.0000	 15.4466	  0.0321	  0.0000
480.0000	256.0000	 15.4837	  0.1125	  0.0000
496.0000	256.0000	 15.4550	  0.1322	  0.0000
 16.0000	272.0000	 15.3957	  0.1755	  0.0000
 32.0000	272.0000	 15.2640	  0.0133	  0.0000
 48.0000	272.0000	 15.4220	 -0.0053	  0.0000
 64.0000	272.0000	 15.4040	  0.0036	  0.0000
 80.0000	272.0000	 15.4068	 -0.0039	  0.0000
 96.0000	272.0000	 15.3425	 -0.0170	  0.0000
112.0000	272.0000	 15.1278	  0.0478	  0.0000
128.0000	272.0000	 15.4296	  0.0607	  0.0000
144.0000	272.0000	 15.3561	  0.0355	  0.0000
160.0000	272.0000	 15.3358	  0.0094	  0.0000
176.0000	272.0000	 15.4723	 -0.0226	  0.0000
192.0000	272.0000	 15.5814	 -0.0751	  0.0000
208.0000	272.0000	 15.3843	  0.0421	  0.0000
224.0000	272.0000	 15.2882	 -0.0436	  0.0000
240.0000	272.0000	 15.3699	 -0.1747	  0.0000
256.0000	272.0000	 15.2662	 -0.1964	  0.0000
272.0000	272.0000	 15.3788	 -0.1107	  0.0000
288.0000	272.0000	 15.3409	 -0.0071	  0.0000
304.0000	272.0000	 15.3212	  0.0267	  0.0000
320.0000	272.0000	 15.3569	  0.0359	  0.0000
336.0000	272.0000	 15.3400	 -0.0088	  0.0000
352.0000	272.0000	 15.3411	  0.0131	  0.0000
368.0000	272.0000	 15.4728	  0.0321	  0.0000
384.0000	272.0000	 15.4049	 -0.0242	  0.0000
400.0000	272.0000	 15.3685	 -0.0877	  0.0000
416.0000	272.0000	 15.3746	 -0.1125	  0.0000
432.0000	272.0000	 15.4467	 -0.0581	  0.0000
448.0000	272.0000	 15.3672	 -0.0156	  0.0000
464.0000	272.0000	 15.2625	  0.0136	  0.0000
480.0000	272.0000	 15.3987	  0.0912	  0.0000
496.0000	272.0000	 15.4670	  0.1566	  0.0000
 16.0000	288.0000	 15.1643	  0.0216	  0.0000
 32.0000	288.0000	 15.0949	  0.0146	  0.0000
 48.0000	288.0000	 15.1919	  0.0367	  0.0000
 64.0000	288.0000	 15.2515	  0.0512	  0.0000
 80.0000	288.0000	 15.2027	  0.1578	  0.0000
 96.0000	288.0000	 15.2202	  0.1535	  0.0000
112.0000	288.0000	 15.0428	 -0.0150	  0.0000
128.0000	288.0000	 15.1536	  0.0627	  0.0000
144.0000	288.0000	 15.2430	  0.1391	  0.0000
160.0000	288.0000	 15.1704	  0.0848	  0.0000
176.0000	288.0000	 15.0565	 -0.1303	  0.0000
192.0000	288.0000	 14.9230	 -0.1024	  0.0000
208.0000	288.0000	 15.0474	  0.0057	  0.0000
224.0000	288.0000	 15.1030	 -0.0107	  0.0000
240.0000	288.0000	 15.1120	 -0.0330	  0.0000
256.0000	288.0000	 15.2493	 -0.0085	  0.0000
272.0000	288.0000	 15.1887	 -0.0023	  0.0000
288.0000	288.0000	 15.1556	  0.0191	  0.0000
304.0000	288.0000	 15.1987	  0.0209	  0.0000
320.0000	288.0000	 15.1560	  0.0105	  0.0000
336.0000	288.0000	 15.0854	  0.0220	  0.0000
352.0000	288.0000	 15.1304	  0.0636	  0.0000
368.0000	288.0000	 15.2880	  0.0667	  0.0000
384.0000	288.0000	 15.2593	  0.1491	  0.0000
400.0000	288.0000	 15.1586	  0.0360	  0.0000
416.0000	288.0000	 15.1586	 -0.0429	  0.0000
432.0000	288.0000	 15.3007	 -0.0118	  0.0000
448.0000	288.0000	 15.2159	  0.0222	  0.0000
464.0000	288.0000	 15.0481	  0.0161	  0.0000
480.0000	288.0000	 15.0557	  0.0034	  0.0000
496.0000	288.0000	 14.9847	  0.0017	  0.0000
 16.0000	304.0000	 14.6970	  0.0276	  0.0000
 32.0000	304.0000	 14.6977	  0.0188	  0.0000
 48.0000	304.0000	 14.6726	  0.0035	  0.0000
 64.0000	304.0000	 14.6648	 -0.0006	  0.0000
 80.0000	304.0000	 14.3467	  0.0117	  0.0000
 96.0000	304.0000	 14.5679	  0.1010	  0.0000
112.0000	304.0000	 14.6875	 -0.0129	  0.0000
128.0000	304.0000	 14.6183	 -0.0721	  0.0000
144.0000	304.0000	 14.5216	 -0.1285	  0.0000
160.0000	304.0000	 14.4213	  0.0310	  0.0000
176.0000	304.0000	 14.7252	  0.0025	  0.0000
192.0000	304.0000	 14.7525	  0.0010	  0.0000
208.0000	304.0000	 14.7731	  0.0079	  0.0000
224.0000	304.0000	 14.8523	  0.0437	  0.0000
240.0000	304.0000	 14.9551	  0.1643	  0.0000
256.0000	304.0000	 15.0458	  0.4722	  0.0000
272.0000	304.0000	 14.9614	  0.1957	  0.0000
288.0000	304.0000	 14.9956	  0.0033	  0.0000
304.0000	304.0000	     nan	     nan	  1.0000
320.0000	304.0000	 14.7547	 -0.0477	  0.0000
336.0000	304.0000	 14.8788	 -0.0160	  0.0000
352.0000	304.0000	 14.8014	  0.0371	  0.0000
368.0000	304.0000	 14.6031	  0.0042	  0.0000
384.0000	304.0000	     nan	     nan	  1.0000
400.0000	304.0000	 14.8433	  0.0990	  0.0000
416.0000	304.0000	 14.5960	  0.0036	  0.0000
432.0000	304.0000	 14.5310	 -0.0372	  0.0000
448.0000	304.0000	 14.5718	  0.0309	  0.0000
464.0000	304.0000	 14.5780	  0.0253	  0.0000
480.0000	304.0000	 14.7367	  0.0117	  0.0000
496.0000	304.0000	 14.5828	  0.0004	  0.0000
 16.0000	320.0000	 14.6716	  0.0053	  0.0000
 32.0000	320.0000	 14.4610	 -0.0055	  0.0000
 48.0000	320.0000	 14.1017	 -0.0027	  0.0000
 64.0000	320.0000	 13.9165	  0.0037	  0.0000
 80.0000	320.0000	 14.0906	 -0.1370	  0.0000
 96.0000	320.0000	 14.1183	 -0.1300	  0.0000
112.0000	320.0000	 14.1765	 -0.0137	  0.0000
128.0000	320.0000	 14.3068	 -0.0129	  0.0000
144.0000	320.0000	 14.3331	  0.0181	  0.0000
160.0000	320.0000	 14.2529	  0.0203	  0.0000
176.0000	320.0000	 14.3464	  0.1218	  0.0000
192.0000	320.0000	 14.1818	  0.0541	  0.0000
208.0000	320.0000	 13.9339	 -0.0860	  0.0000
224.0000	320.0000	 13.9243	 -0.0229	  0.0000
240.0000	320.0000	     nan	     nan	  1.0000
256.0000	320.0000	 -0.3039	-24.4589	  0.0000
272.0000	320.0000	  0.2323	-24.6236	  0.0000
288.0000	320.0000	 13.8436	 -0.1167	  0.0000
304.0000	320.0000	 13.7766	 -0.0862	  0.0000
320.0000	320.0000	 13.9269	 -0.0315	  0.0000
336.0000	320.0000	 14.1012	 -0.0117	  0.0000
352.0000	320.0000	 14.0927	  0.0121	  0.0000
368.0000	320.0000	 14.0251	  0.0172	  0.0000
384.0000	320.0000	 13.9215	  0.0318	  0.0000
400.0000	320.0000	 14.1322	  0.0240	  0.0000
416.0000	320.0000	 14.0862	 -0.0447	  0.0000
432.0000	320.0000	 14.0615	 -0.0698	  0.0000
448.0000	320.0000	 14.0594	  0.0055	  0.0000
464.0000	320.0000	 14.1366	 -0.0156	  0.0000
480.0000	320.0000	 14.2428	 -0.0247	  0.0000
496.0000	320.0000	 14.0559	 -0.0164	  0.0000
 16.0000	336.0000	 12.8047	 -0.2141	  0.0000
 32.0000	336.0000	 12.8515	 -0.1554	  0.0000
 48.0000	336.0000	 13.0370	 -0.1039	  0.0000
 64.0000	336.0000	 13.1758	 -0.0232	  0.0000
 80.0000	336.0000	 13.1505	 -0.0290	  0.0000
 96.0000	336.0000	 13.2973	 -0.0848	  0.0000
112.0000	336.0000	 13.2773	 -0.0430	  0.0000
128.0000	336.0000	 13.5528	  0.1846	  0.0000
144.0000	336.0000	 13.7014	  0.1741	  0.0000
160.0000	336.0000	     nan	     nan	  1.0000
176.0000	336.0000	 12.7930	 -0.2666	  0.0000
192.0000	336.0000	 13.1035	 -0.1396	  0.0000
208.0000	336.0000	 13.4283	 -0.0433	  0.0000
224.0000	336.0000	 13.5088	  0.0159	  0.0000
240.0000	336.0000	 13.4030	 -0.0312	  0.0000
256.0000	336.0000	 12.9792	 -0.0298	  0.0000
272.0000	336.0000	 12.8517	 -0.0112	  0.0000
288.0000	336.0000	 13.4924	 -0.0284	  0.0000
304.0000	336.0000	 13.6047	 -0.0161	  0.0000
320.0000	336.0000	 13.2836	  0.0325	  0.0000
336.0000	336.0000	 13.1127	  0.0432	  0.0000
352.0000	336.0000	 13.2450	 -0.0440	  0.0000
368.0000	336.0000	 13.8380	  0.0372	  0.0000
384.0000	336.0000	 13.5601	  0.0167	  0.0000
400.0000	336.0000	 13.2227	  0.0162	  0.0000
416.0000	336.0000	 13.3467	  0.0853	  0.0000
432.0000	336.0000	 13.3191	  0.1106	  0.0000
448.0000	336.0000	 13.6082	 -0.0035	  0.0000
464.0000	336.0000	 13.5291	 -0.0006	  0.0000
480.0000	336.0000	 13.5972	 -0.0111	  0.0000
496.0000	336.0000	 13.7950	 -0.0212	  0.0000
 16.0000	352.0000	 12.1039	 -0.1477	  0.0000
 32.0000	352.0000	 12.4095	 -0.1217	  0.0000
 48.0000	352.0000	 12.3592	  0.0004	  0.0000
 64.0000	352.0000	 12.3368	  0.0323	  0.0000
 80.0000	352.0000	 12.8259	  0.1216	  0.0000
 96.0000	352.0000	 12.5336	  0.0851	  0.0000
112.0000	352.0000	 12.3090	  0.0285	  0.0000
128.0000	352.0000	 11.8612	 -0.0330	  0.0000
144.0000	352.0000	 11.8397	 -0.0080	  0.0000
160.0000	352.0000	 11.9916	 -0.0033	  0.0000
176.0000	352.0000	 12.4046	 -0.0339	  0.0000
192.0000	352.0000	 12.2278	  0.0081	  0.0000
208.0000	352.0000	 12.0911	  0.0810	  0.0000
224.0000	352.0000	 12.5606	  0.1835	  0.0000
240.0000	352.0000	 12.8365	  0.0192	  0.0000
256.0000	352.0000	 12.4732	  0.0027	  0.0000
272.0000	352.0000	 12.4776	  0.0039	  0.0000
288.0000	352.0000	 12.5850	  0.1288	  0.0000
304.0000	352.0000	 12.1301	  0.1055	  0.0000
320.0000	352.0000	 12.5437	  0.0759	  0.0000
336.0000	352.0000	 12.6432	  0.0015	  0.0000
352.0000	352.0000	 12.4937	  0.0009	  0.0000
368.0000	352.0000	     nan	     nan	  1.0000
384.0000	352.0000	 12.5395	 -0.0074	  0.0000
400.0000	352.0000	 12.5864	  0.0169	  0.0000
416.0000	352.0000	 12.7414	  0.1102	  0.0000
432.0000	352.0000	 12.6848	  0.1109	  0.0000
448.0000	352.0000	 11.9371	 -0.0164	  0.0000
464.0000	352.0000	 12.0511	 -0.0148	  0.0000
480.0000	352.0000	 11.9062	 -0.1881	  0.0000
496.0000	352.0000	     nan	     nan	  1.0000
 16.0000	368.0000	 11.4183	 -0.0126	  0.0000
 32.0000	368.0000	 11.4960	  0.0380	  0.0000
 48.0000	368.0000	 11.1547	  0.0536	  0.0000
 64.0000	368.0000	 10.9598	 -0.0538	  0.0000
 80.0000	368.0000	 11.0649	 -0.1346	  0.0000
 96.0000	368.0000	 11.9154	  0.1592	  0.0000
112.0000	368.0000	 11.2834	 -0.0500	  0.0000
128.0000	368.0000	 10.8618	 -0.0739	  0.0000
144.0000	368.0000	 11.1683	 -0.0040	  0.0000
160.0000	368.0000	 11.1111	 -0.0166	  0.0000
176.0000	368.0000	 10.8423	 -0.1189	  0.0000
192.0000	368.0000	 11.3948	 -0.0013	  0.0000
208.0000	368.0000	 11.4423	  0.0509	  0.0000
224.0000	368.0000	 11.0688	  0.0028	  0.0000
240.0000	368.0000	 11.1957	 -0.0023	  0.0000
256.0000	368.0000	 11.6695	 -0.0169	  0.0000
272.0000	368.0000	 11.1606	  0.0160	  0.0000
288.0000	368.0000	 11.1642	 -0.0041	  0.0000
304.0000	368.0000	 11.7389	  0.0343	  0.0000
320.0000	368.0000	 10.8507	 -0.0021	  0.0000
336.0000	368.0000	 10.6428	 -0.0235	  0.0000
352.0000	368.0000	 10.8683	 -0.0853	  0.0000
368.0000	368.0000	     nan	     nan	  1.0000
384.0000	368.0000	 10.5407	 -0.0822	  0.0000
400.0000	368.0000	 10.6124	  0.0087	  0.0000
416.0000	368.0000	 11.1860	  0.0005	  0.0000
432.0000	368.0000	 11.5205	  0.0081	  0.0000
448.0000	368.0000	 11.2615	 -0.0624	  0.0000
464.0000	368.0000	 11.3204	 -0.0553	  0.0000
480.0000	368.0000	 10.8179	 -0.0943	  0.0000
496.0000	368.0000	 10.7006	 -0.1310	  0.0000
 16.0000	384.0000	  9.7566	  0.1124	  0.0000
 32.0000	384.0000	 10.1583	  0.2265	  0.0000
 48.0000	384.0000	 10.3818	  0.0090	  0.0000
 64.0000	384.0000	 10.5109	 -0.0103	  0.0000
 80.0000	384.0000	 10.0534	 -0.0294	  0.0000
 96.0000	384.0000	  9.3438	 -0.0253	  0.0000
112.0000	384.0000	  9.9340	 -0.0150	  0.0000
128.0000	384.0000	 10.2663	 -0.0025	  0.0000
144.0000	384.0000	 10.1739	  0.0131	  0.0000
160.0000	384.0000	  9.9529	 -0.0191	  0.0000
176.0000	384.0000	  9.7438	 -0.0848	  0.0000
192.0000	384.0000	  9.3151	 -0.0994	  0.0000
208.0000	384.0000	  9.5328	 -0.0779	  0.0000
224.0000	384.0000	 10.3699	  0.0210	  0.0000
240.0000	384.0000	 10.0984	  0.0142	  0.0000
256.0000	384.0000	  9.9374	 -0.0031	  0.0000
272.0000	384.0000	  9.8478	 -0.0509	  0.0000
288.0000	384.0000	  9.6697	 -0.0665	  0.0000
304.0000	384.0000	  9.4476	  0.0445	  0.0000
320.0000	384.0000	 10.1172	 -0.0311	  0.0000
336.0000	384.0000	 10.2664	 -0.0374	  0.0000
352.0000	384.0000	 10.0645	  0.0096	  0.0000
368.0000	384.0000	  9.8865	  0.0133	  0.0000
384.0000	384.0000	  9.3959	 -0.0447	  0.0000
400.0000	384.0000	  9.4020	 -0.0319	  0.0000
416.0000	384.0000	  9.4567	 -0.0710	  0.0000
432.0000	384.0000	  9.3598	 -0.1405	  0.0000
448.0000	384.0000	  9.9784	  0.0024	  0.0000
464.0000	384.0000	  9.7002	 -0.0117	  0.0000
480.0000	384.0000	  9.5000	 -0.0691	  0.0000
496.0000	384.0000	  9.6325	  0.0518	  0.0000
 16.0000	400.0000	  9.1034	  0.0772	  0.0000
 32.0000	400.0000	  8.2177	 -0.0837	  0.0000
 48.0000	400.0000	  7.3305	 -0.1436	  0.0000
 64.0000	400.0000	  8.3556	  0.0833	  0.0000
 80.0000	400.0000	  7.9357	 -0.0215	  0.0000
 96.0000	400.0000	  8.2714	 -0.0112	  0.0000
112.0000	400.0000	  8.8575	  0.1305	  0.0000
128.0000	400.0000	  8.6912	  0.2661	  0.0000
144.0000	400.0000	  8.6546	  0.0330	  0.0000
160.0000	400.0000	  8.7416	  0.0732	  0.0000
176.0000	400.0000	  8.7071	  0.1259	  0.0000
192.0000	400.0000	  8.1399	  0.0766	  0.0000
208.0000	400.0000	  7.8688	  0.0809	  0.0000
224.0000	400.0000	  8.4645	 -0.0242	  0.0000
240.0000	400.0000	  8.9043	  0.0040	  0.0000
256.0000	400.0000	  8.7011	  0.0114	  0.0000
272.0000	400.0000	  9.0555	 -0.0348	  0.0000
288.0000	400.0000	  9.1398	 -0.0082	  0.0000
304.0000	400.0000	  9.0244	  0.0356	  0.0000
320.0000	400.0000	  8.4976	  0.0045	  0.0000
336.0000	400.0000	  8.4950	  0.2091	  0.0000
352.0000	400.0000	  9.3869	  0.1232	  0.0000
368.0000	400.0000	  9.4202	  0.0632	  0.0000
384.0000	400.0000	  9.0274	  0.0630	  0.0000
400.0000	400.0000	  8.4836	  0.0030	  0.0000
416.0000	400.0000	  8.3537	 -0.0062	  0.0000
432.0000	400.0000	  8.3310	 -0.0212	  0.0000
448.0000	400.0000	  8.8619	 -0.0207	  0.0000
464.0000	400.0000	  8.7916	 -0.0063	  0.0000
480.0000	400.0000	  8.4785	  0.0539	  0.0000
496.0000	400.0000	  8.0957	  0.0513	  0.0000
 16.0000	416.0000	  7.2871	  0.0209	  0.0000
 32.0000	416.0000	  6.4092	  0.0770	  0.0000
 48.0000	416.0000	  6.2229	  0.0484	  0.0000
 64.0000	416.0000	  5.8330	 -0.0153	  0.0000
 80.0000	416.0000	  6.8975	 -0.0417	  0.0000
 96.0000	416.0000	  6.9360	 -0.0283	  0.0000
112.0000	416.0000	  6.2813	 -0.0299	  0.0000
128.0000	416.0000	  6.0463	 -0.0639	  0.0000
144.0000	416.0000	  6.7724	 -0.1416	  0.0000
160.0000	416.0000	  7.1083	 -0.1273	  0.0000
176.0000	416.0000	  6.2719	  0.0454	  0.0000
192.0000	416.0000	  6.3519	 -0.0134	  0.0000
208.0000	416.0000	  6.5268	  0.0029	  0.0000
224.0000	416.0000	  6.8827	  0.0087	  0.0000
240.0000	416.0000	  6.5201	  0.0001	  0.0000
256.0000	416.0000	  5.9674	 -0.0343	  0.0000
272.0000	416.0000	  5.8240	 -0.0547	  0.0000
288.0000	416.0000	     nan	     nan	  1.0000
304.0000	416.0000	  6.5719	 -0.0068	  0.0000
320.0000	416.0000	  6.6295	 -0.0046	  0.0000
336.0000	416.0000	  6.7126	  0.0215	  0.0000
352.0000	416.0000	  7.5647	  0.0517	  0.0000
368.0000	416.0000	     nan	     nan	  1.0000
384.0000	416.0000	  6.2355	  0.0021	  0.0000
400.0000	416.0000	  7.1556	  0.0115	  0.0000
416.0000	416.0000	  7.3727	  0.0198	  0.0000
432.0000	416.0000	  6.2899	  0.0246	  0.0000
448.0000	416.0000	  5.7773	  0.0148	  0.0000
464.0000	416.0000	  6.0390	 -0.0050	  0.0000
480.0000	416.0000	  6.0861	  0.0142	  0.0000
496.0000	416.0000	  6.1815	  0.0194	  0.0000
 16.0000	432.0000	  4.4349	 -0.1689	  0.0000
 32.0000	432.0000	  4.8634	 -0.0540	  0.0000
 48.0000	432.0000	  4.8387	 -0.1472	  0.0000
 64.0000	432.0000	  4.6846	 -0.1028	  0.0000
 80.0000	432.0000	  5.3213	  0.0403	  0.0000
 96.0000	432.0000	  6.1908	  0.1134	  0.0000
112.0000	432.0000	  5.3713	  0.0121	  0.0000
128.0000	432.0000	  5.1080	  0.0177	  0.0000
144.0000	432.0000	  4.5671	  0.0483	  0.0000
160.0000	432.0000	  4.4033	  0.0913	  0.0000
176.0000	432.0000	  5.1622	 -0.0203	  0.0000
192.0000	432.0000	  5.5944	  0.0895	  0.0000
208.0000	432.0000	  5.8716	  0.1118	  0.0000
224.0000	432.0000	  4.0074	 -0.0256	  0.0000
240.0000	432.0000	  4.7001	 -0.0688	  0.0000
256.0000	432.0000	  5.8623	 -0.0123	  0.0000
272.0000	432.0000	  5.2577	  0.0008	  0.0000
288.0000	432.0000	  4.2149	  0.0161	  0.0000
304.0000	432.0000	  5.4111	 -0.0082	  0.0000
320.0000	432.0000	  4.8692	 -0.0164	  0.0000
336.0000	432.0000	     nan	     nan	  1.0000
352.0000	432.0000	  4.8100	 -0.0668	  0.0000
368.0000	432.0000	  4.4069	 -0.1189	  0.0000
384.0000	432.0000	  4.8670	  0.0115	  0.0000
400.0000	432.0000	  4.4288	  0.0018	  0.0000
416.0000	432.0000	  4.2291	  0.0123	  0.0000
432.0000	432.0000	  5.3996	 -0.0731	  0.0000
448.0000	432.0000	  5.3277	 -0.0364	  0.0000
464.0000	432.0000	  5.4726	  0.0145	  0.0000
480.0000	432.0000	  5.2817	 -0.0027	  0.0000
496.0000	432.0000	  4.8334	  0.0022	  0.0000
 16.0000	448.0000	     nan	     nan	  1.0000
 32.0000	448.0000	  3.6343	  0.0249	  0.0000
 48.0000	448.0000	  3.2286	  0.0174	  0.0000
 64.0000	448.0000	  3.1596	  0.0285	  0.0000
 80.0000	448.0000	  3.4160	  0.0451	  0.0000
 96.0000	448.0000	  1.4398	 -0.2010	  0.0000
112.0000	448.0000	  1.8309	 -0.1428	  0.0000
128.0000	448.0000	  3.0664	  0.0055	  0.0000
144.0000	448.0000	  3.8594	  0.0519	  0.0000
160.0000	448.0000	  3.1809	 -0.0109	  0.0000
176.0000	448.0000	  2.3734	 -0.3072	  0.0000
192.0000	448.0000	  1.2854	 -0.7251	  0.0000
208.0000	448.0000	  2.5661	 -0.0174	  0.0000
224.0000	448.0000	  2.7947	  0.0187	  0.0000
240.0000	448.0000	  2.4711	  0.0128	  0.0000
256.0000	448.0000	  1.9310	  0.0637	  0.0000
272.0000	448.0000	  2.3046	  0.0832	  0.0000
288.0000	448.0000	  2.2844	  0.0269	  0.0000
304.0000	448.0000	  2.2690	  0.0042	  0.0000
320.0000	448.0000	  2.6920	 -0.0061	  0.0000
336.0000	448.0000	  2.1573	 -0.0468	  0.0000
352.0000	448.0000	  2.4825	 -0.0403	  0.0000
368.0000	448.0000	  2.7427	 -0.0540	  0.0000
384.0000	448.0000	  3.1647	 -0.0466	  0.0000
400.0000	448.0000	  3.2358	 -0.1156	  0.0000
416.0000	448.0000	  2.7832	 -0.0839	  0.0000
432.0000	448.0000	  2.4333	 -0.0011	  0.0000
448.0000	448.0000	  1.9672	 -0.0724	  0.0000
464.0000	448.0000	  2.5549	 -0.0560	  0.0000
480.0000	448.0000	  3.1132	  0.0030	  0.0000
496.0000	448.0000	  2.9469	  0.0028	  0.0000
 16.0000	464.0000	  0.8276	  0.0423	  0.0000
 32.0000	464.0000	  0.1492	 -0.0060	  0.0000
 48.0000	464.0000	  0.4079	  0.0010	  0.0000
 64.0000	464.0000	     nan	     nan	  1.0000
 80.0000	464.0000	  0.7474	 -0.1387	  0.0000
 96.0000	464.0000	  0.4345	  0.0006	  0.0000
112.0000	464.0000	  0.8682	 -0.0067	  0.0000
128.0000	464.0000	  1.0084	 -0.0261	  0.0000
144.0000	464.0000	  1.0409	 -0.1409	  0.0000
160.0000	464.0000	  0.9022	  0.0191	  0.0000
176.0000	464.0000	  0.5704	 -0.0628	  0.0000
192.0000	464.0000	  0.4575	 -0.2613	  0.0000
208.0000	464.0000	  0.9032	 -0.0064	  0.0000
224.0000	464.0000	  1.4586	 -0.0527	  0.0000
240.0000	464.0000	  1.9370	 -0.0125	  0.0000
256.0000	464.0000	  1.6141	  0.0517	  0.0000
272.0000	464.0000	  0.9365	  0.0018	  0.0000
288.0000	464.0000	  0.6273	  0.0375	  0.0000
304.0000	464.0000	  0.6581	 -0.0189	  0.0000
320.0000	464.0000	  1.2354	  0.0234	  0.0000
336.0000	464.0000	  1.5524	 -0.0738	  0.0000
352.0000	464.0000	  1.7001	 -0.0400	  0.0000
368.0000	464.0000	  1.2874	 -0.0808	  0.0000
384.0000	464.0000	  1.5499	 -0.0629	  0.0000
400.0000	464.0000	  0.9247	 -0.1241	  0.0000
416.0000	464.0000	  1.1567	 -0.0877	  0.0000
432.0000	464.0000	  1.5716	  0.1182	  0.0000
448.0000	464.0000	  0.8842	  0.1155	  0.0000
464.0000	464.0000	  0.7034	  0.0447	  0.0000
480.0000	464.0000	  0.7234	  0.0294	  0.0000
496.0000	464.0000	  0.3038	 -0.0400	  0.0000
 16.0000	480.0000	  0.0695	 -0.0130	  0.0000
 32.0000	480.0000	  0.0401	 -0.0039	  0.0000
 48.0000	480.0000	  0.0840	  0.0053	  0.0000
 64.0000	480.0000	 -0.0009	 -0.0580	  0.0000
 80.0000	480.0000	 -0.0332	 -0.0358	  0.0000
 96.0000	480.0000	  0.0654	  0.0290	  0.0000
112.0000	480.0000	  0.1842	  0.0992	  0.0000
128.0000	480.0000	  0.1981	  0.0196	  0.0000
144.0000	480.0000	  0.0001	 -0.4974	  0.0000
160.0000	480.0000	  0.1963	 -0.2380	  0.0000
176.0000	480.0000	  0.1939	  0.0533	  0.0000
192.0000	480.0000	  0.0595	  0.0079	  0.0000
208.0000	480.0000	 -0.0500	 -0.1117	  0.0000
224.0000	480.0000	 -0.0011	 -0.0142	  0.0000
240.0000	480.0000	 -0.0104	 -0.0017	  0.0000
256.0000	480.0000	 -0.0066	  0.0322	  0.0000
272.0000	480.0000	  0.0081	  0.0070	  0.0000
288.0000	480.0000	  0.0178	 -0.0027	  0.0000
304.0000	480.0000	  0.0547	 -0.0336	  0.0000
320.0000	480.0000	  0.0750	 -0.0279	  0.0000
336.0000	480.0000	  0.1850	  0.0177	  0.0000
352.0000	480.0000	  0.1516	  0.0234	  0.0000
368.0000	480.0000	  0.1445	  0.1628	  0.0000
384.0000	480.0000	  0.1526	  0.1525	  0.0000
400.0000	480.0000	  0.0667	  0.1013	  0.0000
416.0000	480.0000	  0.0871	  0.0882	  0.0000
432.0000	480.0000	  0.0586	  0.0173	  0.0000
448.0000	480.0000	  0.1017	  0.0486	  0.0000
464.0000	480.0000	  0.1555	  0.0733	  0.0000
480.0000	480.0000	  0.0401	  0.0060	  0.0000
496.0000	480.0000	 -0.0072	 -0.0082	  0.0000
 16.0000	496.0000	  0.0066	  0.0063	  0.0000
 32.0000	496.0000	 -0.0104	  0.0114	  0.0000
 48.0000	496.0000	  0.0650	  0.0264	  0.0000
 64.0000	496.0000	 -0.0005	  0.0226	  0.0000
 80.0000	496.0000	 -0.0705	  0.0033	  0.0000
 96.0000	496.0000	 -0.0007	  0.0009	  0.0000
112.0000	496.0000	 -0.0023	  0.0028	  0.0000
128.0000	496.0000	  0.0636	  0.0011	  0.0000
144.0000	496.0000	 -0.0006	  0.0192	  0.0000
160.0000	496.0000	  0.0094	  0.0248	  0.0000
176.0000	496.0000	  0.0500	  0.1669	  0.0000
192.0000	496.0000	  0.0891	  0.0754	  0.0000
208.0000	496.0000	 -0.0336	  0.0088	  0.0000
224.0000	496.0000	 -0.1950	 -0.0000	  0.0000
240.0000	496.0000	  0.0740	  0.0031	  0.0000
256.0000	496.0000	 -0.0096	  0.0631	  0.0000
272.0000	496.0000	 -0.0465	  0.0537	  0.0000
288.0000	496.0000	  0.0142	  0.0061	  0.0000
304.0000	496.0000	 -0.0157	  0.0094	  0.0000
320.0000	496.0000	 -0.0186	  0.0063	  0.0000
336.0000	496.0000	 -0.0000	  0.0001	  0.0000
352.0000	496.0000	 -0.0082	  0.0011	  0.0000
368.0000	496.0000	  0.1007	  0.4813	  0.0000
384.0000	496.0000	  0.0070	  0.1302	  0.0000
400.0000	496.0000	 -0.0061	  0.0662	  0.0000
416.0000	496.0000	  0.0067	  0.0552	  0.0000
432.0000	496.0000	  0.0378	  0.0056	  0.0000
448.0000	496.0000	 -0.0420	  0.0058	  0.0000
464.0000	496.0000	 -0.0624	  0.0003	  0.0000
480.0000	496.0000	  0.0379	  0.0000	  0.0000
496.0000	496.0000	 -0.0060	  0.0103	  0.0000
