 16.0000	 16.0000	  0.0007	 -0.0000	  1.2298
 32.0000	 16.0000	 -0.0001	 -0.0000	  1.2064
 48.0000	 16.0000	  0.0816	 -0.0003	  1.7476
 64.0000	 16.0000	  0.0007	 -0.0055	  3.7579
 80.0000	 16.0000	  0.0396	 -0.0496	  4.9580
 96.0000	 16.0000	  0.1311	 -0.0869	  4.6800
112.0000	 16.0000	 -0.0731	 -0.1298	  1.8202
128.0000	 16.0000	 -0.0526	 -0.1182	  4.0647
144.0000	 16.0000	 -0.0065	 -0.1200	  3.2990
160.0000	 16.0000	 -0.0804	 -0.1013	  1.8145
176.0000	 16.0000	 -0.0058	 -0.0023	  2.9340
192.0000	 16.0000	  0.0675	 -0.0000	  1.7393
208.0000	 16.0000	 -0.0094	 -0.0000	  1.9916
224.0000	 16.0000	 -0.1072	 -0.0048	  1.3582
240.0000	 16.0000	  0.0723	 -0.0086	  1.3744
256.0000	 16.0000	  0.0298	 -0.0767	  2.8784
272.0000	 16.0000	 -0.0187	 -0.0823	  3.5382
288.0000	 16.0000	  0.0611	 -0.0399	  1.6213
304.0000	 16.0000	 -0.0002	 -0.0079	  3.1393
320.0000	 16.0000	 -0.0364	 -0.0068	  3.6918
336.0000	 16.0000	 -0.0021	 -0.0070	  1.5863
352.0000	 16.0000	  0.0594	 -0.0038	  2.3947
368.0000	 16.0000	  0.0696	 -0.0035	  4.2294
384.0000	 16.0000	 -0.0362	 -0.0756	  2.9261
400.0000	 16.0000	 -0.2734	 -0.2494	  1.9376
416.0000	 16.0000	  0.1730	 -0.0003	  3.8252
432.0000	 16.0000	  0.0758	 -0.0013	  4.1347
448.0000	 16.0000	 -0.1941	 -0.0016	  2.8211
464.0000	 16.0000	  0.0092	 -0.0029	  4.2000
480.0000	 16.0000	  0.0837	 -0.0268	  3.3038
496.0000	 16.0000	 -0.1408	 -0.0303	  3.2907
 16.0000	 32.0000	  0.3729	 -0.0681	  1.7319
 32.0000	 32.0000	  0.2360	 -0.0315	  1.3635
 48.0000	 32.0000	 -0.0715	  0.0236	  2.4987
 64.0000	 32.0000	  0.0189	  0.0233	  2.9243
 80.0000	 32.0000	  0.1041	  0.0505	  4.1347
 96.0000	 32.0000	  0.0442	  0.0530	  3.2516
112.0000	 32.0000	 -0.0082	 -0.0037	  3.0523
128.0000	 32.0000	  0.1027	 -0.0030	  3.9781
144.0000	 32.0000	 -0.0090	  0.0569	  3.6629
160.0000	 32.0000	 -0.2134	  0.0968	  2.3666
176.0000	 32.0000	  0.0380	 -0.0012	  3.4023
192.0000	 32.0000	  0.1190	  0.0490	  1.9072
208.0000	 32.0000	  0.1448	  0.1286	  2.4350
224.0000	 32.0000	 -0.0500	  0.1016	  2.4534
240.0000	 32.0000	  0.1301	  0.0030	  2.9549
256.0000	 32.0000	  0.0931	  0.0358	  4.6471
272.0000	 32.0000	 -0.0570	  0.0297	  4.0543
288.0000	 32.0000	 -0.0689	  0.0006	  2.2381
304.0000	 32.0000	  0.0019	 -0.0004	  1.6872
320.0000	 32.0000	  0.0004	  0.0004	  1.9324
336.0000	 32.0000	 -0.0000	  0.0013	  2.3796
352.0000	 32.0000	  0.0480	 -0.0070	  2.6432
368.0000	 32.0000	  0.0043	  0.0040	  3.2672
384.0000	 32.0000	 -0.0650	  0.0157	  2.9013
400.0000	 32.0000	  0.0027	 -0.0124	  1.4571
416.0000	 32.0000	 -0.0001	  0.0090	  2.8004
432.0000	 32.0000	  0.0202	  0.0152	  3.1629
448.0000	 32.0000	  0.0829	  0.3064	  1.3886
464.0000	 32.0000	  0.3246	  0.2063	  2.8688
480.0000	 32.0000	  0.1857	 -0.0948	  2.3760
496.0000	 32.0000	 -0.0243	 -0.1430	  4.0362
 16.0000	 48.0000	  0.8384	  0.0261	  2.2737
 32.0000	 48.0000	  0.9773	 -0.0080	  1.4262
 48.0000	 48.0000	  1.3556	 -0.0619	  1.0785
 64.0000	 48.0000	  0.8856	  0.0440	  1.9268
 80.0000	 48.0000	  0.8491	  0.1116	  2.2863
 96.0000	 48.0000	  0.7333	  0.1346	  2.5017
112.0000	 48.0000	  0.2013	  0.1423	  2.8053
128.0000	 48.0000	  0.3310	  0.1168	  2.9743
144.0000	 48.0000	  0.4002	  0.1486	  1.9444
160.0000	 48.0000	 -0.0007	  0.3618	  1.3269
176.0000	 48.0000	  1.3936	 -0.0302	  1.4349
192.0000	 48.0000	  1.2294	 -0.0159	  1.7538
208.0000	 48.0000	  0.5964	  0.1128	  1.7224
224.0000	 48.0000	  0.1674	  0.0086	  1.3670
240.0000	 48.0000	  0.5535	 -0.0877	  2.9985
256.0000	 48.0000	  0.4116	  0.0450	  2.8890
272.0000	 48.0000	  0.2020	  0.1012	  2.4356
288.0000	 48.0000	  0.2558	  0.0364	  2.0150
304.0000	 48.0000	  0.1068	  0.0185	  1.4406
320.0000	 48.0000	  0.3075	 -0.0128	  1.0488
336.0000	 48.0000	  0.4162	 -0.0189	  1.6204
352.0000	 48.0000	  0.9331	 -0.0404	  2.5178
368.0000	 48.0000	  1.3142	 -0.0138	  2.2789
384.0000	 48.0000	  2.0110	  0.0602	  2.0937
400.0000	 48.0000	  1.7067	  0.0363	  2.2357
416.0000	 48.0000	  0.5421	  0.0091	  1.6178
432.0000	 48.0000	  1.4759	  0.0932	  2.3863
448.0000	 48.0000	  1.6634	 -0.0324	  1.7846
464.0000	 48.0000	  0.9939	  0.0092	  1.8651
480.0000	 48.0000	  1.2940	 -0.0153	  3.3790
496.0000	 48.0000	  1.1850	 -0.0210	  3.3921
 16.0000	 64.0000	  3.6936	 -0.0829	  1.3367
 32.0000	 64.0000	  3.7333	 -0.0836	  1.4678
 48.0000	 64.0000	  3.6983	 -0.0307	  1.6935
 64.0000	 64.0000	  2.8372	 -0.0868	  1.6463
 80.0000	 64.0000	  1.2625	  0.0168	  1.9529
 96.0000	 64.0000	  1.6783	  0.1224	  1.7888
112.0000	 64.0000	-24.8701	 -0.4811	  1.0796
128.0000	 64.0000	  2.9947	 -0.0603	  2.1231
144.0000	 64.0000	  3.4113	 -0.0306	  2.5218
160.0000	 64.0000	  3.7164	 -0.0063	  1.9596
176.0000	 64.0000	  3.5095	 -0.0267	  2.6137
192.0000	 64.0000	  3.0252	 -0.0457	  2.1345
208.0000	 64.0000	  3.9490	  0.0228	  2.0911
224.0000	 64.0000	  3.8398	  0.0245	  1.8077
240.0000	 64.0000	  1.9246	  0.0192	  1.5568
256.0000	 64.0000	  2.7110	 -0.0007	  1.8610
272.0000	 64.0000	  2.9977	 -0.0527	  1.4121
288.0000	 64.0000	  2.3591	 -0.0229	  1.6712
304.0000	 64.0000	-12.9142	 26.2173	  1.0268
320.0000	 64.0000	  3.5433	  0.0372	  1.4648
336.0000	 64.0000	  3.7130	 -0.1245	  1.9138
352.0000	 64.0000	  2.6041	 -0.0727	  2.6639
368.0000	 64.0000	  2.3634	  0.0250	  2.9403
384.0000	 64.0000	  2.4671	  0.0025	  2.5656
400.0000	 64.0000	  2.8030	 -0.0253	  2.8607
416.0000	 64.0000	  3.2467	  0.0188	  2.4383
432.0000	 64.0000	  3.0782	 -0.0640	  2.6423
448.0000	 64.0000	  3.0911	 -0.1076	  2.2787
464.0000	 64.0000	  3.1949	 -0.1658	  1.6997
480.0000	 64.0000	  1.8217	  0.0789	  2.4776
496.0000	 64.0000	  1.8414	  0.0721	  2.6612
 16.0000	 80.0000	  5.5199	 -0.2153	  1.8616
 32.0000	 80.0000	  5.5347	 -0.2382	  2.0345
 48.0000	 80.0000	  4.8099	  0.0574	  2.1664
 64.0000	 80.0000	  5.1119	  0.0575	  2.3979
 80.0000	 80.0000	  5.9194	 -0.0022	  1.8896
 96.0000	 80.0000	  5.6892	 -0.0935	  2.2071
112.0000	 80.0000	  5.6680	 -0.2446	  2.2257
128.0000	 80.0000	  5.3581	  0.0874	  1.7751
144.0000	 80.0000	  5.1082	  0.0520	  2.9695
160.0000	 80.0000	  4.5705	 -0.0284	  2.2547
176.0000	 80.0000	  4.6632	  0.0014	  3.4598
192.0000	 80.0000	  5.4949	  0.0396	  2.8693
208.0000	 80.0000	  5.1447	  0.0157	  2.9656
224.0000	 80.0000	  4.4103	  0.0403	  2.5320
240.0000	 80.0000	  5.3998	  0.0814	  1.4866
256.0000	 80.0000	  4.6739	 -0.0133	  2.2102
272.0000	 80.0000	  4.4473	 -0.0033	  1.5668
288.0000	 80.0000	  4.7932	  0.0016	  1.7720
304.0000	 80.0000	 32.9884	 -4.8132	  1.0216
320.0000	 80.0000	  5.4077	 -0.0204	  2.5067
336.0000	 80.0000	  5.4144	 -0.0131	  2.7401
352.0000	 80.0000	  4.0347	  0.0588	  1.7906
368.0000	 80.0000	  4.0732	  0.0431	  2.2224
384.0000	 80.0000	  4.7471	 -0.0036	  2.2636
400.0000	 80.0000	  4.0760	 -0.0062	  1.9469
416.0000	 80.0000	  3.7896	  0.0052	  1.8569
432.0000	 80.0000	  3.6818	 -0.0365	  2.9984
448.0000	 80.0000	  3.7526	 -0.0329	  2.8525
464.0000	 80.0000	  4.9812	 -0.0166	  2.2258
480.0000	 80.0000	  5.1877	  0.0060	  2.4728
496.0000	 80.0000	  5.5490	 -0.0983	  1.5430
 16.0000	 96.0000	  6.5136	 -0.0345	  1.3629
 32.0000	 96.0000	  6.9442	 -0.0097	  2.1733
 48.0000	 96.0000	  6.3973	 -0.0099	  2.4342
 64.0000	 96.0000	  5.9909	 -0.0034	  2.5201
 80.0000	 96.0000	  6.2146	  0.0252	  1.9878
 96.0000	 96.0000	  6.0533	  0.0261	  1.7889
112.0000	 96.0000	  6.4849	  0.0045	  2.4454
128.0000	 96.0000	  6.5663	 -0.0290	  2.3116
144.0000	 96.0000	  6.1504	  0.0024	  2.7964
160.0000	 96.0000	  6.1730	  0.0109	  2.5257
176.0000	 96.0000	  5.9400	  0.1326	  2.2120
192.0000	 96.0000	  6.2078	  0.0706	  3.1085
208.0000	 96.0000	  6.3904	 -0.0010	  2.6818
224.0000	 96.0000	  7.1978	 -0.0163	  1.6422
240.0000	 96.0000	  7.1352	  0.0099	  1.7719
256.0000	 96.0000	  6.5394	  0.0291	  2.1021
272.0000	 96.0000	  7.0225	 -0.1722	  2.4505
288.0000	 96.0000	  7.3741	 -0.2718	  1.9110
304.0000	 96.0000	  7.8081	  0.0002	  1.3081
320.0000	 96.0000	  6.8740	  0.0029	  2.7598
336.0000	 96.0000	  6.6640	  0.0337	  2.8312
352.0000	 96.0000	  7.1997	  0.1593	  1.9465
368.0000	 96.0000	  6.3197	  0.0857	  1.4491
384.0000	 96.0000	  6.6715	  0.0585	  1.9629
400.0000	 96.0000	  7.4191	  0.0331	  1.7670
416.0000	 96.0000	  7.5840	 -0.0120	  1.7029
432.0000	 96.0000	  7.5116	 -0.0178	  1.4065
448.0000	 96.0000	  7.0243	 -0.0032	  1.3611
464.0000	 96.0000	  6.9007	  0.0210	  1.6898
480.0000	 96.0000	  6.6314	  0.0409	  1.4025
496.0000	 96.0000	  6.2147	  0.0038	  1.0352
 16.0000	112.0000	  8.4284	 -0.0013	  2.1745
 32.0000	112.0000	  8.1770	  0.0025	  2.7458
 48.0000	112.0000	  8.2785	 -0.1152	  1.8884
 64.0000	112.0000	  8.3996	 -0.2128	  1.0077
 80.0000	112.0000	  9.0785	 -0.0562	  1.9705
 96.0000	112.0000	  9.0421	 -0.1676	  3.0013
112.0000	112.0000	  8.7202	 -0.1500	  3.1224
128.0000	112.0000	  8.8027	 -0.1972	  1.5385
144.0000	112.0000	  9.0268	 -0.1914	  2.3575
160.0000	112.0000	  9.1348	 -0.0987	  1.8988
176.0000	112.0000	  9.0987	 -0.1615	  2.0828
192.0000	112.0000	  8.1755	  0.0383	  2.1870
208.0000	112.0000	  8.0312	  0.0312	  2.2149
224.0000	112.0000	  8.2336	 -0.0211	  2.3010
240.0000	112.0000	  8.1779	 -0.0448	  1.8723
256.0000	112.0000	  7.8670	  0.1201	  1.4234
272.0000	112.0000	  8.6172	  0.0067	  2.9980
288.0000	112.0000	  8.7808	  0.0142	  3.4461
304.0000	112.0000	  8.3463	  0.0094	  2.8265
320.0000	112.0000	  7.8981	  0.0009	  1.6053
336.0000	112.0000	  8.2401	 -0.0043	  3.2476
352.0000	112.0000	  8.5649	  0.0041	  3.2359
368.0000	112.0000	  8.5045	 -0.0012	  1.7228
384.0000	112.0000	  8.2480	 -0.0113	  2.0403
400.0000	112.0000	  8.0958	  0.0789	  2.3054
416.0000	112.0000	  7.8984	  0.0684	  3.2769
432.0000	112.0000	  7.8250	  0.0096	  3.2256
448.0000	112.0000	  7.7447	  0.1575	  1.9217
464.0000	112.0000	  8.0501	  0.0564	  2.3900
480.0000	112.0000	  8.4644	 -0.0848	  2.2544
496.0000	112.0000	-11.2334	 18.3776	  1.0065
 16.0000	128.0000	 10.0018	  0.0023	  4.3865
 32.0000	128.0000	  9.6769	  0.0485	  2.8450
 48.0000	128.0000	  9.5543	  0.0560	  1.8178
 64.0000	128.0000	 10.3924	 -0.0039	  2.7505
 80.0000	128.0000	 10.2206	  0.0418	  3.5821
 96.0000	128.0000	  9.3624	 -0.0390	  3.2849
112.0000	128.0000	  9.2878	 -0.0167	  2.6031
128.0000	128.0000	  9.8468	 -0.0146	  3.1161
144.0000	128.0000	  9.5612	 -0.0153	  2.8354
160.0000	128.0000	  9.6744	 -0.0435	  2.4640
176.0000	128.0000	  9.6998	 -0.0501	  2.4006
192.0000	128.0000	  8.7153	  0.0184	  1.4240
208.0000	128.0000	  9.5381	  0.0003	  1.7736
224.0000	128.0000	  9.6612	  0.0147	  1.7163
240.0000	128.0000	 10.3717	 -0.1597	  1.4603
256.0000	128.0000	 10.4792	 -0.3047	  1.8320
272.0000	128.0000	  9.4777	  0.1159	  1.8824
288.0000	128.0000	  9.6265	 -0.0143	  3.2511
304.0000	128.0000	 10.0083	 -0.1449	  2.4973
320.0000	128.0000	 10.0800	 -0.0102	  1.4737
336.0000	128.0000	  9.1476	  0.0028	  2.4197
352.0000	128.0000	  8.9307	  0.0004	  1.9825
368.0000	128.0000	  9.6706	 -0.0099	  1.2651
384.0000	128.0000	 10.2615	 -0.0482	  1.7760
400.0000	128.0000	  9.9395	 -0.1490	  1.7476
416.0000	128.0000	  9.6759	 -0.1245	  1.7467
432.0000	128.0000	 10.5210	 -0.1426	  2.2605
448.0000	128.0000	 10.4761	 -0.0966	  3.0492
464.0000	128.0000	  9.9041	 -0.0042	  2.3667
480.0000	128.0000	  9.7867	  0.0309	  2.5629
496.0000	128.0000	  9.8140	  0.0427	  2.1267
 16.0000	144.0000	 10.4568	  0.1224	  3.0230
 32.0000	144.0000	 10.7103	 -0.0168	  2.0171
 48.0000	144.0000	 11.1523	 -0.0028	  1.5690
 64.0000	144.0000	 10.7520	 -0.0066	  2.9110
 80.0000	144.0000	 10.9842	  0.0245	  2.9541
 96.0000	144.0000	 11.1116	  0.1847	  2.0662
112.0000	144.0000	 10.8033	  0.2477	  2.1495
128.0000	144.0000	 11.0593	  0.1614	  2.2538
144.0000	144.0000	 11.1798	  0.1376	  2.1986
160.0000	144.0000	 10.8784	  0.1188	  1.6610
176.0000	144.0000	 11.2050	  0.1119	  2.2088
192.0000	144.0000	 11.8666	 -0.0409	  1.7711
208.0000	144.0000	 11.4024	 -0.0325	  2.4471
224.0000	144.0000	 10.3401	  0.1020	  1.4215
240.0000	144.0000	 11.1996	 -0.0091	  2.2829
256.0000	144.0000	 11.1957	 -0.0017	  3.0347
272.0000	144.0000	 11.2180	  0.0308	  1.8268
288.0000	144.0000	 11.0521	  0.0058	  2.1324
304.0000	144.0000	 11.2189	 -0.0257	  2.3629
320.0000	144.0000	 11.5027	 -0.0639	  2.0374
336.0000	144.0000	 11.4394	  0.0067	  2.2113
352.0000	144.0000	 11.7461	 -0.0450	  2.8074
368.0000	144.0000	 11.5205	 -0.0356	  3.7160
384.0000	144.0000	 10.8352	  0.0117	  2.5360
400.0000	144.0000	 11.0742	  0.0150	  2.4835
416.0000	144.0000	 11.6413	 -0.0347	  1.8469
432.0000	144.0000	 11.2326	 -0.0067	  2.6211
448.0000	144.0000	 10.8800	  0.0117	  2.9304
464.0000	144.0000	 10.6113	  0.0107	  1.9976
480.0000	144.0000	 10.8845	 -0.0168	  1.5122
496.0000	144.0000	 10.9102	 -0.0043	  1.3806
 16.0000	160.0000	 12.5983	 -0.0178	  1.9211
 32.0000	160.0000	 12.4057	  0.0644	  2.2300
 48.0000	160.0000	 12.0372	  0.1071	  1.9809
 64.0000	160.0000	 11.6239	  0.0480	  1.4297
 80.0000	160.0000	 12.2918	 -0.0523	  1.7085
 96.0000	160.0000	 12.2583	 -0.0020	  2.4879
112.0000	160.0000	 12.3732	  0.0243	  1.8242
128.0000	160.0000	 12.2311	 -0.0125	  2.0559
144.0000	160.0000	 12.1711	 -0.0186	  2.3310
160.0000	160.0000	 12.6028	 -0.1966	  2.5993
176.0000	160.0000	 12.5940	 -0.0650	  3.4850
192.0000	160.0000	 12.3983	 -0.0093	  3.6203
208.0000	160.0000	 12.2384	  0.0025	  1.9624
224.0000	160.0000	  5.0360	 -6.0613	  1.0616
240.0000	160.0000	 12.3021	  0.0354	  2.8277
256.0000	160.0000	 12.2183	  0.0935	  3.7465
272.0000	160.0000	 12.3374	  0.1395	  1.9810
288.0000	160.0000	 12.4415	  0.2059	  1.9019
304.0000	160.0000	 12.0298	  0.1559	  1.8954
320.0000	160.0000	 12.0690	 -0.0032	  2.0656
336.0000	160.0000	 11.9582	 -0.0084	  1.8143
352.0000	160.0000	 12.1115	 -0.0766	  3.7650
368.0000	160.0000	 12.1919	 -0.0618	  4.4353
384.0000	160.0000	 11.8710	  0.0256	  1.6243
400.0000	160.0000	 12.0014	  0.0297	  2.5917
416.0000	160.0000	 12.1816	 -0.0045	  2.3985
432.0000	160.0000	 12.5576	 -0.0294	  3.4182
448.0000	160.0000	 12.6367	 -0.0272	  4.3007
464.0000	160.0000	 12.7553	 -0.0868	  2.7629
480.0000	160.0000	 12.7474	 -0.0815	  2.2734
496.0000	160.0000	-27.8181	-18.9148	  1.1143
 16.0000	176.0000	 13.2271	  0.0324	  3.1961
 32.0000	176.0000	 13.1310	 -0.0107	  2.6201
 48.0000	176.0000	 13.1495	 -0.0165	  2.7842
 64.0000	176.0000	 13.1968	 -0.0087	  1.9851
 80.0000	176.0000	 13.5465	 -0.0070	  1.1917
 96.0000	176.0000	 13.2984	  0.0052	  2.3853
112.0000	176.0000	 13.3549	 -0.0099	  2.7200
128.0000	176.0000	 13.6810	 -0.0307	  1.9803
144.0000	176.0000	 13.6885	  0.0110	  1.9076
160.0000	176.0000	 13.4250	  0.0549	  3.2964
176.0000	176.0000	 13.3282	  0.0234	  2.9720
192.0000	176.0000	 13.1093	  0.0047	  2.7986
208.0000	176.0000	 12.8471	 -0.0036	  1.5829
224.0000	176.0000	 13.6695	 -0.0101	  1.9938
240.0000	176.0000	 13.3202	  0.0182	  2.0094
256.0000	176.0000	 13.1157	 -0.0246	  2.9386
272.0000	176.0000	 13.1935	 -0.0418	  2.7006
288.0000	176.0000	 13.4158	 -0.0838	  2.5318
304.0000	176.0000	 13.5160	 -0.1409	  2.4403
320.0000	176.0000	 13.2577	  0.0439	  2.0394
336.0000	176.0000	 13.5293	 -0.0169	  1.7885
352.0000	176.0000	 13.3790	  0.0257	  3.2845
368.0000	176.0000	 13.2579	  0.0106	  3.5825
384.0000	176.0000	 13.3772	 -0.0201	  2.4630
400.0000	176.0000	 13.2007	 -0.0377	  1.8733
416.0000	176.0000	 13.0776	 -0.0423	  2.0053
432.0000	176.0000	 13.0233	  0.0004	  4.5893
448.0000	176.0000	 12.9408	  0.0072	  4.2123
464.0000	176.0000	 13.2109	  0.0064	  2.9005
480.0000	176.0000	 13.2083	  0.0082	  3.3238
496.0000	176.0000	 13.0313	  0.0055	  1.8544
 16.0000	192.0000	 13.7782	 -0.1193	  2.3278
 32.0000	192.0000	 14.0183	 -0.1774	  1.3007
 48.0000	192.0000	 13.8770	  0.0181	  3.1291
 64.0000	192.0000	 14.0207	  0.0170	  2.7075
 80.0000	192.0000	 14.0026	 -0.0292	  2.0264
 96.0000	192.0000	 13.9757	 -0.0527	  2.0648
112.0000	192.0000	 14.0464	  0.0058	  2.7470
128.0000	192.0000	 13.9058	 -0.0107	  2.2729
144.0000	192.0000	 14.1654	  0.0545	  3.1307
160.0000	192.0000	 14.1981	  0.1237	  2.9663
176.0000	192.0000	 13.9716	  0.0728	  3.3218
192.0000	192.0000	 13.9829	  0.0234	  2.0036
208.0000	192.0000	 14.2047	 -0.0229	  1.4169
224.0000	192.0000	 14.1720	 -0.1022	  2.9549
240.0000	192.0000	 13.9968	  0.0023	  3.0124
256.0000	192.0000	 13.7693	  0.1587	  2.0067
272.0000	192.0000	 13.6467	  0.0676	  1.5410
288.0000	192.0000	 13.9768	 -0.0449	  2.9299
304.0000	192.0000	 14.0997	 -0.0653	  2.8397
320.0000	192.0000	 14.0762	 -0.0041	  2.0418
336.0000	192.0000	 14.1976	 -0.0057	  3.1819
352.0000	192.0000	 14.1774	 -0.0021	  3.4968
368.0000	192.0000	 13.8749	 -0.0062	  2.5406
384.0000	192.0000	 13.9235	  0.0026	  2.5255
400.0000	192.0000	 14.1700	  0.0306	  2.9647
416.0000	192.0000	 14.1587	 -0.0608	  2.6030
432.0000	192.0000	 14.0339	 -0.0254	  1.9985
448.0000	192.0000	 13.8199	  0.2018	  1.7432
464.0000	192.0000	 13.8414	  0.0851	  2.1924
480.0000	192.0000	 13.7673	  0.0683	  2.7729
496.0000	192.0000	  0.8816	-12.6981	  1.0373
 16.0000	208.0000	 14.5976	  0.0115	  3.0650
 32.0000	208.0000	 14.7967	  0.0309	  2.1147
 48.0000	208.0000	 14.8111	  0.0121	  3.0058
 64.0000	208.0000	 14.6410	 -0.0117	  2.7489
 80.0000	208.0000	 14.5783	 -0.0074	  2.7023
 96.0000	208.0000	 14.6536	 -0.0042	  3.0424
112.0000	208.0000	 14.6702	 -0.0730	  2.1177
128.0000	208.0000	 14.6443	 -0.1841	  1.5531
144.0000	208.0000	 14.7306	 -0.2646	  1.8656
160.0000	208.0000	 14.6479	 -0.1759	  2.5274
176.0000	208.0000	 14.3064	  0.0131	  1.6754
192.0000	208.0000	 14.5356	 -0.0107	  1.8912
208.0000	208.0000	 14.5513	  0.0213	  2.2302
224.0000	208.0000	 14.6500	  0.0381	  2.0683
240.0000	208.0000	 14.6980	 -0.0069	  1.9143
256.0000	208.0000	 14.8906	 -0.0697	  2.5072
272.0000	208.0000	 14.9135	 -0.0546	  2.4324
288.0000	208.0000	 14.6272	  0.0397	  3.3626
304.0000	208.0000	 14.5755	  0.0550	  2.8606
320.0000	208.0000	 14.5202	  0.0306	  2.1180
336.0000	208.0000	 14.4888	  0.0010	  2.7244
352.0000	208.0000	 14.5684	  0.0143	  2.2533
368.0000	208.0000	 14.6504	  0.0345	  1.4514
384.0000	208.0000	 14.5953	  0.0195	  2.3168
400.0000	208.0000	 14.5558	  0.0060	  4.7242
416.0000	208.0000	 14.6485	  0.0045	  3.4420
432.0000	208.0000	 14.7374	 -0.0035	  3.1819
448.0000	208.0000	 14.6111	 -0.0120	  2.5844
464.0000	208.0000	 14.6417	 -0.0125	  1.5887
480.0000	208.0000	 14.7815	  0.0039	  2.6633
496.0000	208.0000	 14.8125	  0.0076	  1.7662
 16.0000	224.0000	 14.9917	  0.1063	  3.7140
 32.0000	224.0000	 15.0808	  0.1151	  2.7010
 48.0000	224.0000	 15.0327	 -0.0025	  2.8937
 64.0000	224.0000	 15.1611	 -0.0475	  2.1967
 80.0000	224.0000	 15.1068	  0.0045	  3.0456
 96.0000	224.0000	 14.9213	  0.0598	  2.6001
112.0000	224.0000	 15.1851	  0.0137	  2.2488
128.0000	224.0000	 15.1161	 -0.0627	  2.9978
144.0000	224.0000	 15.0778	 -0.0657	  4.1380
160.0000	224.0000	 15.1115	  0.0283	  2.4507
176.0000	224.0000	 15.2760	  0.0476	  1.0800
192.0000	224.0000	 15.1571	 -0.0058	  1.6342
208.0000	224.0000	 15.1033	  0.0140	  2.1866
224.0000	224.0000	 15.1279	  0.2972	  2.3119
240.0000	224.0000	 15.1625	  0.2265	  2.3782
256.0000	224.0000	 15.1546	 -0.0016	  2.6680
272.0000	224.0000	 15.0196	 -0.0089	  2.3108
288.0000	224.0000	 14.9010	  0.1196	  2.2918
304.0000	224.0000	 15.0568	  0.1759	  1.3446
320.0000	224.0000	 15.0042	 -0.1049	  1.8790
336.0000	224.0000	 15.1125	 -0.0469	  3.6363
352.0000	224.0000	 15.2012	  0.0076	  2.8080
368.0000	224.0000	 14.9217	  0.0242	  2.3751
384.0000	224.0000	 14.9529	  0.0297	  2.4751
400.0000	224.0000	 15.1239	 -0.0094	  2.9502
416.0000	224.0000	 15.1587	  0.0702	  3.1603
432.0000	224.0000	 15.0363	  0.0381	  3.9142
448.0000	224.0000	 14.9079	 -0.0359	  3.2247
464.0000	224.0000	 14.8482	 -0.0591	  1.3822
480.0000	224.0000	 15.0758	 -0.0256	  2.9212
496.0000	224.0000	 14.9617	 -0.0354	  2.4927
 16.0000	240.0000	 15.4441	  0.0178	  3.1532
 32.0000	240.0000	 15.5239	 -0.0156	  2.6900
 48.0000	240.0000	 15.4068	 -0.0126	  2.2024
 64.0000	240.0000	 15.3748	 -0.0018	  2.6581
 80.0000	240.0000	 15.3547	  0.0014	  2.6470
 96.0000	240.0000	  3.8973	  3.9638	  1.0949
112.0000	240.0000	 15.6117	 -0.0061	  1.7054
128.0000	240.0000	 15.3418	  0.0099	  3.4185
144.0000	240.0000	 15.2109	  0.0397	  4.0854
160.0000	240.0000	 15.2721	  0.0032	  1.9868
176.0000	240.0000	 15.3677	 -0.1672	  1.4924
192.0000	240.0000	 15.3131	  0.0150	  1.5820
208.0000	240.0000	 15.4697	 -0.1145	  1.7960
224.0000	240.0000	 15.4428	 -0.1821	  1.9297
240.0000	240.0000	 15.3465	 -0.0072	  2.9575
256.0000	240.0000	 15.4456	  0.0249	  3.0670
272.0000	240.0000	 15.4180	  0.0011	  2.0133
288.0000	240.0000	 15.3095	  0.0099	  1.0644
304.0000	240.0000	 15.8612	  0.0065	  1.7304
320.0000	240.0000	 15.4182	 -0.0095	  1.9559
336.0000	240.0000	 15.3016	 -0.0116	  4.0194
352.0000	240.0000	 15.2807	 -0.0123	  2.7770
368.0000	240.0000	 15.1987	 -0.0181	  2.0748
384.0000	240.0000	 15.4519	 -0.0118	  1.9919
400.0000	240.0000	 15.4084	  0.0044	  2.1485
416.0000	240.0000	 15.3346	  0.0010	  2.4659
432.0000	240.0000	 15.4332	  0.0092	  2.7715
448.0000	240.0000	 15.3970	  0.0165	  2.7523
464.0000	240.0000	 15.2931	 -0.0765	  1.8941
480.0000	240.0000	 15.5172	 -0.0047	  2.8713
496.0000	240.0000	 15.1763	 -0.0229	  2.0157
 16.0000	256.0000	 15.5464	 -0.0329	  2.8733
 32.0000	256.0000	 15.5285	  0.0061	  2.5126
 48.0000	256.0000	 15.4659	  0.0005	  1.7667
 64.0000	256.0000	 15.4591	  0.0430	  2.6912
 80.0000	256.0000	 15.4182	 -0.0231	  2.2087
 96.0000	256.0000	 15.4874	 -0.0548	  1.9400
112.0000	256.0000	 15.4867	  0.0332	  2.6950
128.0000	256.0000	 15.5102	  0.0171	  1.8463
144.0000	256.0000	 15.5127	  0.0252	  2.0397
160.0000	256.0000	 15.4322	  0.0033	  2.0294
176.0000	256.0000	 15.4340	  0.0025	  2.6994
192.0000	256.0000	 15.4804	  0.0102	  1.5047
208.0000	256.0000	 15.6511	  0.0207	  1.5224
224.0000	256.0000	 15.5002	 -0.0238	  2.0959
240.0000	256.0000	 15.4698	 -0.1850	  3.3830
256.0000	256.0000	 15.4620	 -0.1026	  3.4000
272.0000	256.0000	 15.3976	 -0.0241	  3.0462
288.0000	256.0000	 15.3930	 -0.0477	  1.6975
304.0000	256.0000	 15.5649	  0.0296	  2.5147
320.0000	256.0000	 15.4629	  0.0566	  3.0135
336.0000	256.0000	 15.3690	  0.0420	  2.7513
352.0000	256.0000	 15.5043	 -0.0032	  1.9521
368.0000	256.0000	 15.4756	 -0.0004	  2.2406
384.0000	256.0000	 15.4855	  0.0101	  2.2845
400.0000	256.0000	 15.5046	  0.0019	  2.4949
416.0000	256.0000	 15.4850	  0.0879	  1.2306
432.0000	256.0000	 15.6122	 -0.0687	  2.6469
448.0000	256.0000	 15.4717	  0.0560	  2.6807
464.0000	256.0000	 15.3126	 -0.0568	  1.6119
480.0000	256.0000	 15.4940	 -0.0388	  2.2698
496.0000	256.0000	 15.4754	  0.0471	  1.5070
 16.0000	272.0000	 15.3140	 -0.1006	  2.2750
 32.0000	272.0000	 15.4439	 -0.1358	  1.9597
 48.0000	272.0000	 15.3134	  0.0124	  2.7539
 64.0000	272.0000	 15.1965	  0.0112	  2.7210
 80.0000	272.0000	 15.4285	  0.0256	  2.5236
 96.0000	272.0000	 15.4804	  0.0775	  2.6157
112.0000	272.0000	 15.4333	  0.0649	  2.4641
128.0000	272.0000	 15.5359	 -0.0265	  2.5720
144.0000	272.0000	 15.3995	  0.0459	  2.6457
160.0000	272.0000	 15.2674	  0.1479	  2.3048
176.0000	272.0000	 15.3921	  0.0330	  4.7611
192.0000	272.0000	 15.3602	 -0.0334	  3.9965
208.0000	272.0000	 15.3783	  0.0729	  1.5564
224.0000	272.0000	 15.5074	  0.0615	  2.6676
240.0000	272.0000	 15.4517	 -0.0279	  3.5320
256.0000	272.0000	 15.2025	 -0.0133	  2.3404
272.0000	272.0000	 14.9838	  0.0209	  1.1687
288.0000	272.0000	 15.3699	  0.0012	  2.8799
304.0000	272.0000	 15.3957	 -0.0149	  4.0612
320.0000	272.0000	 15.2941	 -0.0244	  3.3073
336.0000	272.0000	 15.2395	 -0.0172	  2.9199
352.0000	272.0000	 15.4222	  0.0222	  2.5478
368.0000	272.0000	 15.3409	  0.0049	  3.2178
384.0000	272.0000	 15.4438	 -0.0127	  2.3137
400.0000	272.0000	 15.4094	  0.0309	  2.6658
416.0000	272.0000	 15.2706	  0.0343	  1.7668
432.0000	272.0000	 15.4031	  0.0235	  1.1644
448.0000	272.0000	 15.3711	 -0.2298	  1.3070
464.0000	272.0000	 15.3334	 -0.0977	  1.2017
480.0000	272.0000	 15.4664	  0.0717	  2.5013
496.0000	272.0000	 15.4608	 -0.0105	  1.5246
 16.0000	288.0000	 15.2045	 -0.0367	  2.5519
 32.0000	288.0000	 15.1458	 -0.0121	  2.4595
 48.0000	288.0000	 15.0835	  0.0110	  3.1034
 64.0000	288.0000	 15.0907	  0.0011	  2.8112
 80.0000	288.0000	 15.1084	  0.1519	  1.7709
 96.0000	288.0000	 15.1743	  0.1385	  1.6418
112.0000	288.0000	 15.0042	 -0.0564	  3.3706
128.0000	288.0000	 15.1164	 -0.0408	  3.3197
144.0000	288.0000	 15.2685	  0.0975	  1.9208
160.0000	288.0000	 15.0175	  0.0386	  2.3664
176.0000	288.0000	 15.1832	 -0.0117	  3.2831
192.0000	288.0000	 15.1522	 -0.0361	  5.0573
208.0000	288.0000	 15.0555	 -0.0397	  3.4347
224.0000	288.0000	 15.2025	  0.0210	  3.0661
240.0000	288.0000	 15.1876	  0.0964	  3.4310
256.0000	288.0000	 14.9800	  0.0755	  3.9193
272.0000	288.0000	 14.9580	 -0.0481	  1.7847
288.0000	288.0000	 15.3353	  0.0004	  1.8950
304.0000	288.0000	 15.2223	 -0.0114	  2.9729
320.0000	288.0000	 15.1096	 -0.0145	  4.1190
336.0000	288.0000	 15.1027	 -0.0391	  2.6532
352.0000	288.0000	 15.2634	 -0.0066	  1.7460
368.0000	288.0000	 15.1935	 -0.0113	  3.0231
384.0000	288.0000	 15.1039	 -0.0214	  3.5156
400.0000	288.0000	 14.9958	 -0.0249	  3.5441
416.0000	288.0000	 14.9351	 -0.1473	  2.6417
432.0000	288.0000	 15.1098	 -0.1644	  1.5838
448.0000	288.0000	 15.1876	 -0.1261	  2.1636
464.0000	288.0000	 15.0209	 -0.0209	  2.1355
480.0000	288.0000	 15.0066	  0.1693	  1.7078
496.0000	288.0000	 14.9738	  0.0145	  1.0842
 16.0000	304.0000	 15.2161	  0.2672	  1.2709
 32.0000	304.0000	 14.9231	  0.0713	  1.9143
 48.0000	304.0000	 14.7558	 -0.0598	  2.0550
 64.0000	304.0000	 14.7300	 -0.0221	  1.6872
 80.0000	304.0000	 14.5635	 -0.0106	  2.5516
 96.0000	304.0000	 14.7019	 -0.0168	  2.4391
112.0000	304.0000	 14.8811	  0.0220	  3.2506
128.0000	304.0000	 14.6360	 -0.0258	  3.4146
144.0000	304.0000	 14.5440	 -0.0863	  2.2318
160.0000	304.0000	 14.7663	  0.0005	  2.9067
176.0000	304.0000	 14.6401	 -0.0394	  2.6079
192.0000	304.0000	 14.7073	 -0.0789	  3.2621
208.0000	304.0000	 14.8587	 -0.0563	  4.0201
224.0000	304.0000	 14.8403	 -0.0080	  2.3788
240.0000	304.0000	 14.7037	  0.0139	  2.5783
256.0000	304.0000	 14.7945	  0.0550	  3.1002
272.0000	304.0000	 14.7526	  0.0423	  2.4605
288.0000	304.0000	 14.6788	 -0.0555	  2.4871
304.0000	304.0000	 14.7169	 -0.0279	  3.2723
320.0000	304.0000	 14.7884	  0.0232	  2.2881
336.0000	304.0000	 14.7936	  0.0355	  1.8023
352.0000	304.0000	 14.5447	  0.0338	  1.4304
368.0000	304.0000	 15.0077	  0.0605	  2.2245
384.0000	304.0000	 14.8945	  0.0012	  3.3527
400.0000	304.0000	 14.6721	 -0.0143	  3.0748
416.0000	304.0000	 14.3280	 -0.2103	  2.3971
432.0000	304.0000	 14.4847	 -0.1935	  3.1129
448.0000	304.0000	 14.8300	  0.0445	  2.6063
464.0000	304.0000	 14.7857	  0.1527	  1.2355
480.0000	304.0000	 14.4874	  0.0013	  2.2154
496.0000	304.0000	 14.3853	  0.0062	  1.2009
 16.0000	320.0000	 13.6282	  0.0099	  1.1094
 32.0000	320.0000	 14.0324	 -0.0008	  1.2533
 48.0000	320.0000	 14.0542	 -0.0007	  2.0213
 64.0000	320.0000	 13.9847	 -0.0061	  2.9531
 80.0000	320.0000	 14.1412	 -0.0121	  3.6430
 96.0000	320.0000	 14.2610	 -0.0062	  2.6044
112.0000	320.0000	 14.1158	  0.0795	  1.6732
128.0000	320.0000	 14.1021	  0.0187	  4.6978
144.0000	320.0000	 14.1847	 -0.0248	  4.2539
160.0000	320.0000	 14.2968	 -0.1338	  2.7014
176.0000	320.0000	 13.9488	 -0.0863	  1.9785
192.0000	320.0000	 13.9625	  0.0687	  1.7804
208.0000	320.0000	 14.0058	  0.0383	  2.5078
224.0000	320.0000	 13.9769	 -0.0619	  2.3979
240.0000	320.0000	 13.9169	 -0.0171	  3.0623
256.0000	320.0000	 14.0108	  0.0272	  2.9456
272.0000	320.0000	 14.2011	  0.0443	  3.2783
288.0000	320.0000	 14.2970	  0.0851	  3.1333
304.0000	320.0000	 14.3609	  0.0845	  3.0982
320.0000	320.0000	 14.0022	 -0.0330	  2.9362
336.0000	320.0000	 14.0306	 -0.0612	  2.5694
352.0000	320.0000	 13.8720	  0.0035	  3.2346
368.0000	320.0000	 13.7117	  0.0294	  2.9758
384.0000	320.0000	 14.0968	  0.0175	  2.4352
400.0000	320.0000	 14.0995	  0.0065	  3.1566
416.0000	320.0000	 14.1246	  0.0331	  3.0696
432.0000	320.0000	 14.1901	  0.0394	  3.3557
448.0000	320.0000	 14.1783	  0.1307	  2.5766
464.0000	320.0000	 13.7862	  0.4300	  1.3371
480.0000	320.0000	 14.3432	  0.0040	  1.9014
496.0000	320.0000	 14.3991	  0.0077	  1.9054
 16.0000	336.0000	 12.9972	 -0.0415	  2.6028
 32.0000	336.0000	 13.1011	 -0.0149	  3.3427
 48.0000	336.0000	 13.2922	  0.0661	  2.6724
 64.0000	336.0000	 13.3094	  0.0776	  2.6889
 80.0000	336.0000	 13.2284	  0.0091	  2.3055
 96.0000	336.0000	 13.1972	  0.0260	  2.0633
112.0000	336.0000	 13.2022	 -0.0114	  1.7456
128.0000	336.0000	 13.4783	  0.0733	  3.8671
144.0000	336.0000	 13.5058	  0.0724	  3.3961
160.0000	336.0000	 13.1809	 -0.0196	  2.9226
176.0000	336.0000	 13.0944	  0.0308	  2.9915
192.0000	336.0000	 13.2111	  0.0976	  3.2424
208.0000	336.0000	 13.3244	  0.0905	  1.9903
224.0000	336.0000	 13.4437	  0.0270	  2.8832
240.0000	336.0000	 13.5731	  0.0142	  3.1601
256.0000	336.0000	 13.4011	  0.0154	  2.6987
272.0000	336.0000	 13.3802	 -0.0226	  2.9912
288.0000	336.0000	 13.4007	 -0.0220	  2.1662
304.0000	336.0000	 13.2461	  0.0398	  1.8340
320.0000	336.0000	 13.5128	  0.0394	  1.9994
336.0000	336.0000	 13.4410	 -0.1132	  2.2657
352.0000	336.0000	 13.2752	 -0.1270	  2.5654
368.0000	336.0000	 13.2798	 -0.0270	  3.4861
384.0000	336.0000	 13.1624	  0.0039	  4.6158
400.0000	336.0000	 13.2450	  0.0443	  3.6836
416.0000	336.0000	 13.3628	  0.0966	  2.6425
432.0000	336.0000	 13.2908	  0.0650	  2.8576
448.0000	336.0000	 13.2205	 -0.0439	  1.7180
464.0000	336.0000	 12.9315	 -0.2550	  1.0432
480.0000	336.0000	-37.9081	-32.5880	  1.1970
496.0000	336.0000	 -3.6406	 42.3863	  1.1710
 16.0000	352.0000	 12.3954	  0.0090	  2.2807
 32.0000	352.0000	 12.2085	  0.0102	  4.2277
 48.0000	352.0000	 12.0719	 -0.0659	  3.9223
 64.0000	352.0000	 12.1757	 -0.1237	  2.8487
 80.0000	352.0000	 12.2342	 -0.1943	  2.1655
 96.0000	352.0000	 12.2670	 -0.1907	  2.3586
112.0000	352.0000	 12.2225	 -0.0275	  2.1620
128.0000	352.0000	 12.3296	 -0.0528	  2.6363
144.0000	352.0000	 12.8392	  0.1021	  2.6089
160.0000	352.0000	 12.7948	  0.1360	  2.7255
176.0000	352.0000	 12.6976	  0.1065	  2.4517
192.0000	352.0000	 12.4455	  0.0145	  2.5134
208.0000	352.0000	 12.4292	  0.0684	  1.7884
224.0000	352.0000	 12.8160	  0.1738	  1.8491
240.0000	352.0000	 12.9700	  0.1202	  1.9667
256.0000	352.0000	 12.4640	  0.0058	  3.0651
272.0000	352.0000	 12.5024	  0.0254	  2.8421
288.0000	352.0000	 12.3851	  0.0110	  1.7964
304.0000	352.0000	 12.1555	 -0.0099	  2.5313
320.0000	352.0000	 12.3417	 -0.0060	  2.7461
336.0000	352.0000	 12.2096	  0.0360	  2.8984
352.0000	352.0000	 12.2032	  0.0029	  2.5258
368.0000	352.0000	 12.4140	 -0.0183	  2.8608
384.0000	352.0000	 12.4347	  0.0124	  2.9917
400.0000	352.0000	 12.5627	 -0.0214	  3.4732
416.0000	352.0000	 12.7004	  0.0107	  1.3916
432.0000	352.0000	 12.3340	 -0.0684	  3.1126
448.0000	352.0000	 12.0958	 -0.0648	  2.9514
464.0000	352.0000	 11.8774	 -0.1665	  1.4188
480.0000	352.0000	 11.3072	 -0.6458	  1.0255
496.0000	352.0000	-26.3039	-17.8645	  1.2628
 16.0000	368.0000	 11.5141	  0.0028	  1.1226
 32.0000	368.0000	 11.4907	 -0.0308	  2.5657
 48.0000	368.0000	 11.5150	  0.0126	  3.1350
 64.0000	368.0000	 11.3202	 -0.1420	  1.7245
 80.0000	368.0000	 10.8903	 -0.1029	  1.9931
 96.0000	368.0000	 10.9450	 -0.0503	  2.1596
112.0000	368.0000	 11.7523	  0.0482	  1.5591
128.0000	368.0000	 11.2665	 -0.0563	  1.8078
144.0000	368.0000	 10.9380	  0.0224	  2.6941
160.0000	368.0000	 11.2764	  0.0712	  2.3272
176.0000	368.0000	 11.0758	  0.0559	  1.6528
192.0000	368.0000	 10.8795	  0.0139	  2.6306
208.0000	368.0000	 10.8152	  0.0042	  2.5877
224.0000	368.0000	 11.0144	 -0.0020	  2.0695
240.0000	368.0000	 10.9526	  0.0070	  3.1755
256.0000	368.0000	 11.1018	 -0.0493	  3.3722
272.0000	368.0000	 11.4609	 -0.1147	  1.6797
288.0000	368.0000	 11.1126	  0.0022	  1.1936
304.0000	368.0000	 11.7234	 -0.0118	  2.5084
320.0000	368.0000	 12.0420	 -0.0217	  2.6272
336.0000	368.0000	 11.9343	  0.1369	  2.1185
352.0000	368.0000	 11.4717	  0.0489	  2.3257
368.0000	368.0000	 11.2249	 -0.0158	  3.0477
384.0000	368.0000	 11.4182	  0.0022	  2.6974
400.0000	368.0000	 11.2808	 -0.0231	  1.7389
416.0000	368.0000	-14.6555	 -1.0485	  1.0881
432.0000	368.0000	 11.4572	 -0.0572	  2.2993
448.0000	368.0000	 11.3922	 -0.0311	  2.9754
464.0000	368.0000	 11.0813	  0.0284	  1.8496
480.0000	368.0000	 11.1240	 -0.0231	  1.2444
496.0000	368.0000	-26.0097	  8.2380	  1.0253
 16.0000	384.0000	  9.6320	  0.0098	  2.7002
 32.0000	384.0000	  9.9369	  0.0058	  2.2600
 48.0000	384.0000	 -9.1570	 -8.0806	  1.0010
 64.0000	384.0000	  9.7539	  0.0398	  1.6590
 80.0000	384.0000	 10.0472	  0.0529	  2.5652
 96.0000	384.0000	  9.5783	  0.0756	  2.3821
112.0000	384.0000	  8.8890	 -0.0883	  2.3823
128.0000	384.0000	  9.5687	 -0.0714	  1.4283
144.0000	384.0000	 10.1696	 -0.0833	  3.1616
160.0000	384.0000	  9.6646	 -0.1169	  2.7766
176.0000	384.0000	  9.6044	 -0.0100	  2.7307
192.0000	384.0000	  9.6553	  0.0023	  3.6354
208.0000	384.0000	  9.7893	  0.0210	  2.5029
224.0000	384.0000	 10.5173	 -0.0069	  1.9161
240.0000	384.0000	 10.5503	 -0.0213	  1.9552
256.0000	384.0000	 10.2897	 -0.0187	  2.5017
272.0000	384.0000	  9.6541	  0.0477	  1.9877
288.0000	384.0000	  9.5406	  0.0233	  1.4116
304.0000	384.0000	 33.5191	 26.4912	  1.1903
320.0000	384.0000	 -8.1915	 36.2969	  1.0894
336.0000	384.0000	  9.4171	  0.0047	  1.8380
352.0000	384.0000	  9.7673	  0.0899	  3.3668
368.0000	384.0000	 10.1786	  0.0963	  2.4620
384.0000	384.0000	 10.7396	  0.0265	  1.8683
400.0000	384.0000	 10.5761	  0.0052	  1.4301
416.0000	384.0000	  9.5634	 -0.1179	  1.7755
432.0000	384.0000	  9.6942	  0.0077	  1.7298
448.0000	384.0000	 10.5693	  0.3330	  1.4221
464.0000	384.0000	 10.1030	  0.0331	  1.9600
480.0000	384.0000	  9.7644	 -0.0009	  1.9021
496.0000	384.0000	-34.0577	-19.2296	  1.0266
 16.0000	400.0000	  9.0250	  0.0381	  2.7898
 32.0000	400.0000	  8.0486	 -0.0482	  1.8918
 48.0000	400.0000	  7.3271	 -0.1603	  1.5838
 64.0000	400.0000	  8.6117	  0.1997	  1.7525
 80.0000	400.0000	  8.1818	  0.0028	  1.8991
 96.0000	400.0000	  8.4047	 -0.0042	  2.1840
112.0000	400.0000	  8.4866	  0.0102	  2.9144
128.0000	400.0000	  8.5268	  0.0022	  1.7169
144.0000	400.0000	  8.8272	 -0.0242	  1.9616
160.0000	400.0000	  8.4066	  0.0931	  2.7721
176.0000	400.0000	  8.6823	  0.0434	  2.2284
192.0000	400.0000	  8.9280	  0.0020	  3.1783
208.0000	400.0000	  8.3374	  0.0067	  3.5243
224.0000	400.0000	  7.5971	  0.0162	  2.4281
240.0000	400.0000	  7.8311	 -0.0173	  1.9006
256.0000	400.0000	  8.2463	 -0.0188	  2.8932
272.0000	400.0000	  8.0988	 -0.0357	  2.8137
288.0000	400.0000	  7.9487	 -0.0650	  2.4019
304.0000	400.0000	  7.6368	 -0.0269	  2.2084
320.0000	400.0000	  7.6620	 -0.0789	  2.5578
336.0000	400.0000	  8.6411	 -0.1497	  2.0337
352.0000	400.0000	  9.0969	  0.0145	  2.4576
368.0000	400.0000	  8.3856	 -0.0159	  3.1105
384.0000	400.0000	  7.8121	 -0.0332	  2.5201
400.0000	400.0000	 27.2135	-22.7550	  1.0608
416.0000	400.0000	  8.7524	 -0.0108	  2.5895
432.0000	400.0000	  8.3162	 -0.0371	  3.5913
448.0000	400.0000	  7.6854	 -0.0507	  2.2999
464.0000	400.0000	  8.4235	 -0.0463	  2.4287
480.0000	400.0000	  8.6039	  0.0061	  3.5831
496.0000	400.0000	  7.9726	  0.0157	  1.8980
 16.0000	416.0000	  6.3955	 -0.0140	  2.0052
 32.0000	416.0000	  6.8421	  0.0030	  2.6896
 48.0000	416.0000	  6.3346	 -0.0315	  1.9895
 64.0000	416.0000	  6.3842	 -0.0357	  1.8947
 80.0000	416.0000	  6.6495	  0.0150	  2.0994
 96.0000	416.0000	  6.7686	  0.0497	  2.3717
112.0000	416.0000	  6.8751	  0.0897	  2.2664
128.0000	416.0000	  6.3582	 -0.0057	  2.6567
144.0000	416.0000	  6.0353	 -0.0289	  2.4346
160.0000	416.0000	  6.2485	 -0.0373	  2.1514
176.0000	416.0000	  6.1262	 -0.0483	  2.3938
192.0000	416.0000	  5.8871	 -0.0360	  1.2618
208.0000	416.0000	  7.0557	  0.0230	  2.1763
224.0000	416.0000	  6.7538	  0.0190	  2.8265
240.0000	416.0000	  6.7159	 -0.0260	  2.2415
256.0000	416.0000	  7.1976	 -0.0200	  2.5159
272.0000	416.0000	  7.2429	  0.0083	  2.2580
288.0000	416.0000	  6.8245	 -0.0183	  2.1297
304.0000	416.0000	  6.9579	 -0.0068	  2.9313
320.0000	416.0000	  7.1182	  0.0607	  3.3787
336.0000	416.0000	  6.6959	  0.0854	  2.0643
352.0000	416.0000	  6.3492	 -0.0798	  1.4347
368.0000	416.0000	  7.3860	 -0.0003	  2.9418
384.0000	416.0000	  7.2482	  0.0288	  3.3609
400.0000	416.0000	  6.0962	 -0.0066	  2.3863
416.0000	416.0000	  6.2559	  0.0814	  1.5843
432.0000	416.0000	  7.4030	  0.0960	  1.8991
448.0000	416.0000	  7.0436	 -0.0175	  2.1165
464.0000	416.0000	  6.9574	  0.0077	  2.1483
480.0000	416.0000	  6.9972	  0.0597	  2.2119
496.0000	416.0000	  6.7972	  0.0666	  2.2356
 16.0000	432.0000	  4.6579	 -0.0226	  2.8717
 32.0000	432.0000	  4.4684	 -0.0211	  1.9500
 48.0000	432.0000	  4.3881	 -0.0001	  2.7317
 64.0000	432.0000	  4.7311	  0.0087	  2.3599
 80.0000	432.0000	  5.8964	  0.1143	  2.2531
 96.0000	432.0000	  5.9900	  0.0523	  2.4631
112.0000	432.0000	  5.5337	 -0.0662	  1.6436
128.0000	432.0000	  5.7030	 -0.0861	  2.3355
144.0000	432.0000	  5.6758	 -0.0249	  2.3230
160.0000	432.0000	  5.0500	 -0.0688	  2.3839
176.0000	432.0000	  4.4610	 -0.0434	  2.4984
192.0000	432.0000	  4.3047	 -0.0274	  2.3263
208.0000	432.0000	  5.0556	 -0.0179	  2.2758
224.0000	432.0000	  5.2728	 -0.0310	  2.3836
240.0000	432.0000	  5.1077	  0.0488	  2.0157
256.0000	432.0000	  5.0280	  0.1022	  2.0915
272.0000	432.0000	  3.3576	 -0.2238	  1.7753
288.0000	432.0000	  4.7371	 -0.0099	  2.0352
304.0000	432.0000	  4.9305	  0.0077	  2.2506
320.0000	432.0000	  5.4512	 -0.2153	  1.6435
336.0000	432.0000	  5.2914	 -0.1954	  1.7802
352.0000	432.0000	  4.5618	  0.0416	  2.2814
368.0000	432.0000	  4.7971	 -0.0435	  1.7362
384.0000	432.0000	  4.1720	 -0.1716	  1.8806
400.0000	432.0000	  5.0380	  0.0403	  2.1452
416.0000	432.0000	  4.7591	  0.0119	  2.5724
432.0000	432.0000	  4.5448	 -0.0250	  2.5943
448.0000	432.0000	  5.0094	 -0.0183	  1.7403
464.0000	432.0000	  4.2945	 -0.1713	  1.1507
480.0000	432.0000	  5.0481	  0.0001	  2.1184
496.0000	432.0000	  5.1607	 -0.0279	  1.0520
 16.0000	448.0000	  3.7648	 -0.0056	  2.5056
 32.0000	448.0000	  3.7316	 -0.0291	  2.3976
 48.0000	448.0000	  3.6723	 -0.1485	  1.6775
 64.0000	448.0000	  3.7908	 -0.1523	  1.5241
 80.0000	448.0000	 23.8410	-36.0541	  1.0901
 96.0000	448.0000	  3.8274	 25.6065	  1.1919
112.0000	448.0000	  2.8063	  0.1159	  1.9413
128.0000	448.0000	  2.4209	  0.1441	  2.0197
144.0000	448.0000	  2.1584	 -0.0137	  1.6466
160.0000	448.0000	  2.4903	 -0.0168	  2.0971
176.0000	448.0000	  2.7456	  0.0294	  2.3524
192.0000	448.0000	  2.6800	  0.0394	  2.4362
208.0000	448.0000	  3.9366	  0.1644	  1.2132
224.0000	448.0000	  2.9521	  0.0370	  1.6807
240.0000	448.0000	  3.3888	 -0.0964	  2.3585
256.0000	448.0000	  2.9977	 -0.0825	  2.8151
272.0000	448.0000	  2.4016	 -0.0146	  2.4784
288.0000	448.0000	  2.9130	 -0.0855	  2.4750
304.0000	448.0000	  3.6514	 -0.0720	  1.6072
320.0000	448.0000	  2.6794	  0.0240	  2.6810
336.0000	448.0000	  2.5119	  0.0493	  2.3388
352.0000	448.0000	  2.9822	 -0.0132	  1.9444
368.0000	448.0000	  3.2532	 -0.0026	  2.3519
384.0000	448.0000	  2.8324	  0.0221	  2.6616
400.0000	448.0000	  2.8761	  0.0126	  1.4544
416.0000	448.0000	  4.2096	  0.0176	  2.4843
432.0000	448.0000	  3.6251	 -0.0180	  2.7809
448.0000	448.0000	  2.4661	  0.0990	  3.0440
464.0000	448.0000	  2.1042	 -0.0665	  1.8451
480.0000	448.0000	  3.5284	  0.0463	  1.1795
496.0000	448.0000	  2.4088	 -0.0198	  2.2842
 16.0000	464.0000	  1.1962	  0.0393	  2.2538
 32.0000	464.0000	  0.4668	 -0.1238	  2.7305
 48.0000	464.0000	  0.4282	 -0.0854	  3.1631
 64.0000	464.0000	  0.6806	  0.0237	  1.5164
 80.0000	464.0000	  0.1171	 -0.0223	  2.3777
 96.0000	464.0000	  0.1792	 -0.0269	  1.8957
112.0000	464.0000	  1.0933	 -0.0090	  2.5445
128.0000	464.0000	  1.3239	 -0.0129	  3.1363
144.0000	464.0000	  1.9792	 -0.0014	  1.7157
160.0000	464.0000	  0.6480	 -0.0064	  1.7046
176.0000	464.0000	  0.4757	 -0.0071	  2.0783
192.0000	464.0000	  1.4242	  0.0052	  1.9378
208.0000	464.0000	  1.0475	 -0.0518	  3.2666
224.0000	464.0000	  1.2630	 -0.0421	  2.0822
240.0000	464.0000	  1.6354	  0.1461	  2.4124
256.0000	464.0000	  1.0440	  0.0234	  2.7945
272.0000	464.0000	  0.7821	  0.0442	  2.7178
288.0000	464.0000	  0.7372	  0.0378	  2.6532
304.0000	464.0000	  0.9034	  0.0518	  2.4895
320.0000	464.0000	  1.4598	 -0.0624	  2.0387
336.0000	464.0000	  0.8601	 -0.0881	  2.8413
352.0000	464.0000	  0.5060	 -0.0678	  2.8494
368.0000	464.0000	  0.9058	 -0.0238	  2.5321
384.0000	464.0000	  0.9762	 -0.1164	  2.6405
400.0000	464.0000	  0.5030	 -0.2921	  2.0044
416.0000	464.0000	  0.0359	 -0.1846	  1.9478
432.0000	464.0000	  0.6814	  0.0180	  1.7847
448.0000	464.0000	  1.4071	  0.1230	  2.1287
464.0000	464.0000	  0.9446	  0.0184	  2.2122
480.0000	464.0000	  0.3063	 -0.1376	  2.3619
496.0000	464.0000	  1.3079	  0.0275	  2.0150
 16.0000	480.0000	  0.0705	 -0.0005	  1.6351
 32.0000	480.0000	  0.0747	  0.0521	  4.2124
 48.0000	480.0000	  0.0738	  0.0885	  4.8389
 64.0000	480.0000	  0.0759	  0.1147	  2.4607
 80.0000	480.0000	  0.0624	  0.0063	  3.2888
 96.0000	480.0000	  0.0514	  0.0011	  2.6810
112.0000	480.0000	  0.1357	  0.0081	  2.6184
128.0000	480.0000	  0.1103	 -0.0900	  3.2604
144.0000	480.0000	 -0.0827	 -0.4526	  1.8630
160.0000	480.0000	  0.0413	 -0.0377	  2.9531
176.0000	480.0000	  0.0256	  0.0963	  3.0225
192.0000	480.0000	  0.0677	 -0.0291	  2.8068
208.0000	480.0000	  0.1798	  0.0093	  3.5254
224.0000	480.0000	  0.2345	  0.0070	  2.1804
240.0000	480.0000	  0.2767	 -0.0990	  2.3386
256.0000	480.0000	  0.0525	 -0.0425	  3.7080
272.0000	480.0000	  0.0015	 -0.0024	  3.1127
288.0000	480.0000	  0.1958	  0.0323	  3.5997
304.0000	480.0000	  0.3373	  0.0888	  1.8274
320.0000	480.0000	  0.2092	  0.0000	  2.4960
336.0000	480.0000	  0.0646	 -0.0003	  3.2405
352.0000	480.0000	  0.0137	 -0.0023	  4.3676
368.0000	480.0000	  0.0628	 -0.0040	  3.7042
384.0000	480.0000	  0.2075	 -0.0017	  3.7435
400.0000	480.0000	  0.0177	 -0.0027	  3.9871
416.0000	480.0000	 -0.1095	 -0.1409	  3.0503
432.0000	480.0000	  0.0217	 -0.1347	  3.5409
448.0000	480.0000	  0.1246	  0.0687	  2.9128
464.0000	480.0000	  0.0845	  0.0430	  2.5082
480.0000	480.0000	 -0.0166	 -0.0603	  2.6223
496.0000	480.0000	  0.0293	 -0.0794	  2.0388
 16.0000	496.0000	  0.0023	  0.0680	  1.6666
 32.0000	496.0000	  0.0023	  0.1618	  2.8064
 48.0000	496.0000	  0.0047	  0.0938	  3.5487
 64.0000	496.0000	  0.0142	  0.0041	  3.4221
 80.0000	496.0000	  0.0436	  0.0121	  2.6677
 96.0000	496.0000	 -0.0128	  0.0101	  3.3771
112.0000	496.0000	  0.0022	  0.0003	  3.6178
128.0000	496.0000	  0.0019	  0.0024	  4.1922
144.0000	496.0000	 -0.0378	  0.0060	  4.3102
160.0000	496.0000	  0.1020	  0.0131	  3.0512
176.0000	496.0000	  0.0709	  0.0135	  2.4996
192.0000	496.0000	 -0.0941	  0.0002	  3.2208
208.0000	496.0000	  0.0327	  0.0287	  4.2041
224.0000	496.0000	  0.0882	  0.0489	  2.5838
240.0000	496.0000	 -0.0585	  0.0054	  2.3592
256.0000	496.0000	 -0.1242	  0.0043	  2.8006
272.0000	496.0000	 -0.0690	  0.0042	  3.3163
288.0000	496.0000	  0.2208	 -0.0000	  2.6989
304.0000	496.0000	  0.0613	  0.0001	  2.7338
320.0000	496.0000	 -0.1555	  0.0006	  2.5663
336.0000	496.0000	  0.1350	  0.0004	  2.3229
352.0000	496.0000	 -0.0010	  0.0593	  2.5546
368.0000	496.0000	 -0.1394	  0.0852	  2.1581
384.0000	496.0000	  0.1665	  0.1906	  2.0714
400.0000	496.0000	  0.0075	  0.1294	  3.2785
416.0000	496.0000	 -0.0667	  0.0408	  3.4521
432.0000	496.0000	  0.0036	  0.0072	  3.3051
448.0000	496.0000	  0.1017	  0.0168	  2.6304
464.0000	496.0000	  0.1112	  0.0211	  4.2240
480.0000	496.0000	 -0.0482	  0.0313	  3.9680
496.0000	496.0000	 -0.2557	  0.0340	  2.2964
