 16.0000	 16.0000	  0.0059	 -0.0341	  3.2124
 32.0000	 16.0000	  0.0285	 -0.0518	  3.1677
 48.0000	 16.0000	  0.2406	 -0.0057	  2.3549
 64.0000	 16.0000	 -0.0201	 -0.0042	  2.9075
 80.0000	 16.0000	  0.0099	 -0.0086	  3.7240
 96.0000	 16.0000	 -0.0010	 -0.0065	  3.5995
112.0000	 16.0000	  0.0129	 -0.0000	  3.6299
128.0000	 16.0000	  0.0020	 -0.0027	  3.2611
144.0000	 16.0000	 -0.0736	 -0.0063	  4.1830
160.0000	 16.0000	 -0.0027	 -0.0030	  2.4083
176.0000	 16.0000	 -0.0360	 -0.0167	  1.4417
192.0000	 16.0000	  0.1190	 -0.1645	  1.2236
208.0000	 16.0000	  0.0084	 -0.0646	  3.2008
224.0000	 16.0000	 -0.0188	 -0.0210	  3.4985
240.0000	 16.0000	 -0.0104	 -0.0140	  2.0772
256.0000	 16.0000	 -0.0193	 -0.0222	  2.6187
272.0000	 16.0000	  0.3119	 -0.0221	  2.6807
288.0000	 16.0000	  0.0113	 -0.0124	  3.1659
304.0000	 16.0000	 -0.1415	 -0.0080	  3.2257
320.0000	 16.0000	  0.1206	 -0.0000	  3.2688
336.0000	 16.0000	 -0.0084	 -0.0016	  3.8500
352.0000	 16.0000	 -0.1775	 -0.0018	  2.4787
368.0000	 16.0000	  0.0699	 -0.0029	  2.4366
384.0000	 16.0000	 -0.0041	 -0.0106	  3.2909
400.0000	 16.0000	 -0.0728	 -0.0128	  3.1727
416.0000	 16.0000	  0.0226	 -0.0051	  3.6330
432.0000	 16.0000	  0.0188	 -0.0056	  3.1691
448.0000	 16.0000	  0.1103	 -0.0101	  3.3608
464.0000	 16.0000	 -0.0240	 -0.0061	  3.0822
480.0000	 16.0000	 -0.1867	  0.0011	  2.5447
496.0000	 16.0000	 -0.0008	  0.0013	  2.9884
 16.0000	 32.0000	  0.0001	  0.0014	  4.8894
 32.0000	 32.0000	  0.1307	 -0.0264	  2.4976
 48.0000	 32.0000	  0.1183	 -0.1740	  2.4480
 64.0000	 32.0000	 -0.0320	 -0.1003	  3.2829
 80.0000	 32.0000	  0.0677	 -0.0084	  2.4641
 96.0000	 32.0000	  0.1104	  0.0244	  2.7597
112.0000	 32.0000	  0.1154	  0.0230	  3.0288
128.0000	 32.0000	 -0.0426	  0.0545	  2.8642
144.0000	 32.0000	 -0.0037	  0.0077	  4.0476
160.0000	 32.0000	  0.1239	  0.0286	  4.1287
176.0000	 32.0000	  0.1182	  0.0862	  1.9108
192.0000	 32.0000	  0.1472	 -0.0794	  2.1928
208.0000	 32.0000	  0.0260	 -0.0238	  3.4167
224.0000	 32.0000	  0.0170	 -0.0043	  2.9173
240.0000	 32.0000	  0.0504	 -0.0185	  1.8299
256.0000	 32.0000	  0.1171	 -0.2327	  2.0063
272.0000	 32.0000	  0.4420	 -0.2559	  2.3645
288.0000	 32.0000	  0.1277	 -0.0005	  2.7023
304.0000	 32.0000	 -0.1376	 -0.0000	  3.3287
320.0000	 32.0000	 -0.0396	  0.0135	  3.6776
336.0000	 32.0000	  0.0142	  0.0141	  3.5660
352.0000	 32.0000	  0.0674	  0.0032	  1.9218
368.0000	 32.0000	  0.0877	 -0.0570	  3.1840
384.0000	 32.0000	  0.1077	 -0.0838	  2.8882
400.0000	 32.0000	  0.1534	  0.0785	  2.2619
416.0000	 32.0000	 -0.0642	  0.0977	  3.6310
432.0000	 32.0000	 -0.1126	  0.0034	  2.8152
448.0000	 32.0000	  0.1939	 -0.0391	  2.2439
464.0000	 32.0000	  0.1541	 -0.0428	  3.2780
480.0000	 32.0000	 -0.0024	 -0.0411	  2.9632
496.0000	 32.0000	  0.0820	 -0.1726	  3.5451
 16.0000	 48.0000	  1.4828	  0.1332	  2.1372
 32.0000	 48.0000	  0.6634	  0.0613	  1.6978
 48.0000	 48.0000	  0.5634	 -0.0025	  2.9181
 64.0000	 48.0000	  0.6181	 -0.0480	  3.0233
 80.0000	 48.0000	  1.2746	 -0.0987	  2.0007
 96.0000	 48.0000	 16.0435	 10.6999	  1.1438
112.0000	 48.0000	  0.5407	  0.0005	  1.1740
128.0000	 48.0000	  0.6720	 -0.0014	  1.5781
144.0000	 48.0000	  0.4664	 -0.0112	  2.4442
160.0000	 48.0000	  0.4542	 -0.0089	  2.4718
176.0000	 48.0000	  0.7517	  0.0220	  2.3193
192.0000	 48.0000	  0.6476	 -0.0421	  2.4988
208.0000	 48.0000	  0.5387	 -0.0293	  2.3652
224.0000	 48.0000	  0.4038	  0.0396	  1.6349
240.0000	 48.0000	  1.7417	 -0.0346	  2.1533
256.0000	 48.0000	  1.2891	  0.0469	  3.0348
272.0000	 48.0000	  0.5317	  0.0266	  1.1039
288.0000	 48.0000	  0.9469	  0.0027	  1.6823
304.0000	 48.0000	  0.7842	 -0.0162	  1.4745
320.0000	 48.0000	  0.0025	 -0.0125	  2.0718
336.0000	 48.0000	  0.0603	  0.0018	  2.5998
352.0000	 48.0000	  0.8783	 -0.0084	  1.5284
368.0000	 48.0000	  0.6796	  0.0883	  2.1031
384.0000	 48.0000	  0.5082	  0.1602	  2.0459
400.0000	 48.0000	  0.5862	  0.0927	  1.9283
416.0000	 48.0000	  0.1961	 -0.0080	  3.0449
432.0000	 48.0000	  0.2668	 -0.0090	  2.7631
448.0000	 48.0000	  0.4861	 -0.0158	  1.8335
464.0000	 48.0000	  0.4460	 -0.0031	  2.3147
480.0000	 48.0000	  0.7537	  0.0304	  2.6958
496.0000	 48.0000	  0.4201	  0.0009	  2.9780
 16.0000	 64.0000	  2.5217	 -0.0319	  2.7815
 32.0000	 64.0000	  3.9502	  0.0305	  1.5579
 48.0000	 64.0000	  1.8536	  0.0631	  1.5620
 64.0000	 64.0000	  1.9209	 -0.0143	  1.9064
 80.0000	 64.0000	  3.1316	  0.0760	  1.7320
 96.0000	 64.0000	  4.0182	 -0.2892	  1.4784
112.0000	 64.0000	  3.5236	 -0.3914	  1.3212
128.0000	 64.0000	  2.0944	  0.0112	  1.5730
144.0000	 64.0000	  1.9345	  0.2231	  1.8676
160.0000	 64.0000	  1.8754	  0.3579	  1.2958
176.0000	 64.0000	  3.2998	 -0.1451	  2.0793
192.0000	 64.0000	  3.2164	 -0.0518	  3.4941
208.0000	 64.0000	  2.7914	  0.0262	  2.0786
224.0000	 64.0000	  3.1537	  0.0019	  2.3897
240.0000	 64.0000	  2.3813	 -0.0635	  2.9523
256.0000	 64.0000	  2.0919	  0.0036	  2.1381
272.0000	 64.0000	 32.4840	-18.3323	  1.2529
288.0000	 64.0000	  2.3468	 -0.1348	  1.5678
304.0000	 64.0000	  2.4606	 -0.1377	  1.5542
320.0000	 64.0000	-19.3441	-21.7516	  1.0103
336.0000	 64.0000	  3.4121	  0.0135	  1.3095
352.0000	 64.0000	  3.3069	 -0.0126	  1.8956
368.0000	 64.0000	  3.5379	 -0.0579	  1.2599
384.0000	 64.0000	  3.8351	 -0.0312	  1.2670
400.0000	 64.0000	  3.2874	 -0.1125	  1.2827
416.0000	 64.0000	  3.1442	 -0.1123	  1.4028
432.0000	 64.0000	  1.9847	  0.0003	  1.3262
448.0000	 64.0000	  2.4631	  0.0146	  1.5598
464.0000	 64.0000	  2.7297	 -0.1198	  1.2471
480.0000	 64.0000	  2.5132	 -0.0604	  1.5068
496.0000	 64.0000	  3.5190	 -0.0296	  1.4907
 16.0000	 80.0000	 -0.9377	-13.1189	  1.2166
 32.0000	 80.0000	  5.3639	 -0.0172	  2.6724
 48.0000	 80.0000	  5.2156	 -0.0214	  2.1425
 64.0000	 80.0000	  4.4082	 -0.0074	  1.6179
 80.0000	 80.0000	  4.7702	 -0.0857	  1.8300
 96.0000	 80.0000	  4.9847	 -0.0506	  2.7356
112.0000	 80.0000	  5.3494	  0.0004	  2.8352
128.0000	 80.0000	  5.6825	 -0.0098	  2.1577
144.0000	 80.0000	  4.6342	 -0.0221	  1.8505
160.0000	 80.0000	 28.8344	 -2.5952	  1.2861
176.0000	 80.0000	  4.4285	  0.0044	  1.9801
192.0000	 80.0000	  4.1331	 -0.0024	  3.3223
208.0000	 80.0000	  3.8367	  0.0202	  2.3142
224.0000	 80.0000	  5.3136	  0.0268	  1.5509
240.0000	 80.0000	  5.2306	  0.0633	  1.5994
256.0000	 80.0000	  5.0523	  0.0610	  1.6366
272.0000	 80.0000	  5.8506	 -0.0622	  3.2009
288.0000	 80.0000	  5.5130	  0.0332	  1.8938
304.0000	 80.0000	  4.1179	  0.1006	  1.5667
320.0000	 80.0000	  2.1460	-44.4482	  1.0316
336.0000	 80.0000	-30.2617	-40.3439	  1.2642
352.0000	 80.0000	  4.2742	 -0.0124	  1.4453
368.0000	 80.0000	  5.2440	 -0.0078	  3.4462
384.0000	 80.0000	  5.1251	 -0.0198	  3.3019
400.0000	 80.0000	  4.7506	 -0.0173	  2.2083
416.0000	 80.0000	  5.1692	 -0.0030	  2.6022
432.0000	 80.0000	  5.8642	  0.0121	  1.5075
448.0000	 80.0000	  5.4200	 -0.0045	  2.3335
464.0000	 80.0000	  5.4015	 -0.0158	  2.7071
480.0000	 80.0000	  5.0560	 -0.1018	  2.1550
496.0000	 80.0000	  3.8604	 -0.0242	  1.7384
 16.0000	 96.0000	  7.1712	 -0.0218	  3.2434
 32.0000	 96.0000	  6.3187	  0.0096	  1.6112
 48.0000	 96.0000	  6.4476	  0.0063	  1.6606
 64.0000	 96.0000	  7.0615	 -0.0262	  2.7825
 80.0000	 96.0000	  6.9298	 -0.0373	  2.3642
 96.0000	 96.0000	  6.0255	  0.1011	  1.8847
112.0000	 96.0000	  5.8004	  0.1186	  1.6238
128.0000	 96.0000	  6.4966	 -0.0025	  1.4168
144.0000	 96.0000	  6.7544	 -0.0196	  1.5902
160.0000	 96.0000	  7.3555	 -0.1728	  1.2471
176.0000	 96.0000	  7.0458	 -0.0687	  2.8921
192.0000	 96.0000	  6.8377	 -0.0297	  3.3315
208.0000	 96.0000	  7.0668	 -0.0012	  1.6188
224.0000	 96.0000	  6.4796	  0.0203	  1.7578
240.0000	 96.0000	  6.4381	 -0.0021	  2.5486
256.0000	 96.0000	  6.4267	  0.0540	  1.5820
272.0000	 96.0000	  6.0692	 -0.0366	  4.0096
288.0000	 96.0000	  6.3130	 -0.1145	  3.0519
304.0000	 96.0000	  7.6887	 -0.1317	  2.6247
320.0000	 96.0000	  7.9501	 -0.3307	  2.0834
336.0000	 96.0000	 -6.2837	  0.1795	  1.0737
352.0000	 96.0000	  5.5182	  0.1075	  1.1495
368.0000	 96.0000	  5.6686	  0.1173	  2.4204
384.0000	 96.0000	  5.5242	  0.0956	  2.2807
400.0000	 96.0000	  5.1461	  0.1845	  1.4643
416.0000	 96.0000	  5.6936	  0.1318	  1.9420
432.0000	 96.0000	  7.0415	  0.0016	  2.4296
448.0000	 96.0000	  6.5669	  0.0248	  2.7008
464.0000	 96.0000	  6.3668	 -0.0584	  2.5903
480.0000	 96.0000	  7.1689	 -0.0833	  3.4010
496.0000	 96.0000	  7.4025	 -0.0689	  2.0934
 16.0000	112.0000	  7.9801	  0.0791	  2.4383
 32.0000	112.0000	  8.7027	 -0.0280	  2.2725
 48.0000	112.0000	  8.7645	 -0.1248	  3.0944
 64.0000	112.0000	  7.9925	 -0.1061	  2.6787
 80.0000	112.0000	  7.9917	 -0.0390	  2.4921
 96.0000	112.0000	  8.5001	  0.0340	  1.7808
112.0000	112.0000	  8.7297	  0.0081	  1.9197
128.0000	112.0000	  8.6448	  0.0101	  1.9398
144.0000	112.0000	  8.6996	  0.0025	  1.6254
160.0000	112.0000	  8.2973	 -0.0157	  1.8282
176.0000	112.0000	  7.6957	  0.0213	  2.9510
192.0000	112.0000	  7.7362	  0.0261	  2.1375
208.0000	112.0000	  8.0227	  0.0002	  1.6580
224.0000	112.0000	  8.5973	 -0.1311	  1.8416
240.0000	112.0000	  8.8178	 -0.1526	  1.5027
256.0000	112.0000	  8.5543	 -0.0063	  1.4792
272.0000	112.0000	  8.1633	  0.1419	  1.3588
288.0000	112.0000	  8.5140	  0.0590	  2.0086
304.0000	112.0000	  8.4794	  0.0439	  2.8402
320.0000	112.0000	  8.4845	  0.0097	  2.4075
336.0000	112.0000	  8.8031	  0.0154	  1.8662
352.0000	112.0000	  8.9282	 -0.0014	  2.1241
368.0000	112.0000	  8.8526	 -0.0041	  1.9779
384.0000	112.0000	  8.6304	 -0.0096	  1.5796
400.0000	112.0000	  8.5248	 -0.0090	  1.2013
416.0000	112.0000	-26.8220	 28.7012	  1.0197
432.0000	112.0000	  7.9177	  0.0007	  1.3523
448.0000	112.0000	  8.2553	 -0.0073	  1.7435
464.0000	112.0000	  8.3490	  0.0146	  2.2530
480.0000	112.0000	  7.7911	  0.0308	  2.6677
496.0000	112.0000	  7.6810	  0.0173	  2.4890
 16.0000	128.0000	  9.8351	 -0.0056	  2.1147
 32.0000	128.0000	 10.0047	 -0.2308	  2.3465
 48.0000	128.0000	 10.0675	 -0.1670	  3.3913
 64.0000	128.0000	  9.8960	 -0.0116	  2.8305
 80.0000	128.0000	  9.9293	 -0.0058	  3.5345
 96.0000	128.0000	 10.3484	 -0.0032	  1.9171
112.0000	128.0000	  9.3493	  0.0080	  1.8255
128.0000	128.0000	  9.3660	  0.0089	  2.0362
144.0000	128.0000	  9.8181	  0.0271	  1.8382
160.0000	128.0000	  9.6886	  0.0267	  3.0725
176.0000	128.0000	  9.6346	 -0.0155	  2.5100
192.0000	128.0000	  9.8878	 -0.0321	  2.4312
208.0000	128.0000	 10.2687	 -0.0283	  2.0891
224.0000	128.0000	 10.0166	 -0.1393	  2.2702
240.0000	128.0000	  9.8076	 -0.2057	  2.7439
256.0000	128.0000	  9.6014	 -0.1642	  1.5916
272.0000	128.0000	 10.3257	 -0.0840	  2.0953
288.0000	128.0000	  9.9073	 -0.0578	  3.0314
304.0000	128.0000	  9.3376	  0.0960	  2.4452
320.0000	128.0000	  9.2965	  0.2181	  2.6121
336.0000	128.0000	  9.6349	  0.0944	  2.5889
352.0000	128.0000	  9.6107	 -0.0003	  3.4495
368.0000	128.0000	  9.8250	  0.0273	  2.9432
384.0000	128.0000	 10.3434	  0.0512	  2.6204
400.0000	128.0000	  9.8977	 -0.0534	  1.8815
416.0000	128.0000	 10.1058	 -0.0567	  2.6216
432.0000	128.0000	 10.5330	 -0.0047	  2.0711
448.0000	128.0000	  9.7406	 -0.0015	  1.1350
464.0000	128.0000	  9.4695	 -0.0080	  1.8683
480.0000	128.0000	  9.6416	  0.0329	  2.0563
496.0000	128.0000	  9.3308	  0.1081	  1.4321
 16.0000	144.0000	 10.7885	 -0.0131	  1.8633
 32.0000	144.0000	 11.0057	  0.0107	  3.1218
 48.0000	144.0000	 10.9443	  0.1239	  2.7240
 64.0000	144.0000	 10.3044	  0.2645	  2.3959
 80.0000	144.0000	 10.4194	  0.1173	  2.7656
 96.0000	144.0000	 10.8617	  0.0026	  1.9127
112.0000	144.0000	 11.2123	 -0.0709	  1.6131
128.0000	144.0000	 11.2608	 -0.0415	  1.8471
144.0000	144.0000	 11.1207	 -0.1780	  2.0293
160.0000	144.0000	 10.7350	 -0.2159	  2.0697
176.0000	144.0000	 10.4596	  0.0797	  1.1169
192.0000	144.0000	 10.8426	 -0.0605	  3.2182
208.0000	144.0000	 11.1232	 -0.0407	  2.7547
224.0000	144.0000	 11.4909	 -0.0091	  2.7419
240.0000	144.0000	 11.1013	  0.0029	  3.1989
256.0000	144.0000	 10.7543	 -0.0329	  1.7948
272.0000	144.0000	 11.2482	 -0.0506	  2.8778
288.0000	144.0000	 10.8542	  0.0123	  2.7543
304.0000	144.0000	 11.0025	  0.0920	  2.5485
320.0000	144.0000	 11.3871	  0.0069	  2.5291
336.0000	144.0000	 10.8077	 -0.0961	  2.2552
352.0000	144.0000	 10.8146	 -0.1205	  2.0228
368.0000	144.0000	 10.9292	  0.0136	  2.1169
384.0000	144.0000	 11.1645	  0.0162	  2.2948
400.0000	144.0000	 11.3898	 -0.0011	  2.8091
416.0000	144.0000	 11.0226	  0.0046	  2.8053
432.0000	144.0000	 10.9433	  0.0108	  2.5051
448.0000	144.0000	 11.5607	  0.0257	  1.8102
464.0000	144.0000	 11.2662	  0.0329	  2.1877
480.0000	144.0000	 11.3873	 -0.0311	  1.9466
496.0000	144.0000	 11.4457	 -0.0886	  1.7595
 16.0000	160.0000	 12.7910	 -0.1863	  1.9634
 32.0000	160.0000	 12.1638	  0.0868	  2.4333
 48.0000	160.0000	 11.8819	  0.1982	  2.4900
 64.0000	160.0000	 12.5567	 -0.1355	  1.8665
 80.0000	160.0000	 12.8577	 -0.3578	  1.5659
 96.0000	160.0000	 12.7366	 -0.3194	  1.6329
112.0000	160.0000	 12.5889	 -0.0047	  3.4956
128.0000	160.0000	 12.4804	 -0.0266	  3.4465
144.0000	160.0000	 12.3969	 -0.0731	  3.4870
160.0000	160.0000	 12.4727	 -0.0647	  2.8676
176.0000	160.0000	-19.1180	 -5.3092	  1.0409
192.0000	160.0000	 12.3483	  0.0597	  3.1375
208.0000	160.0000	 12.2775	  0.0538	  3.2196
224.0000	160.0000	 12.4407	  0.1038	  2.9802
240.0000	160.0000	 12.3825	  0.0684	  4.1777
256.0000	160.0000	 12.4395	 -0.0282	  2.1535
272.0000	160.0000	 12.2485	  0.0600	  2.5254
288.0000	160.0000	 12.1941	  0.0955	  2.9867
304.0000	160.0000	 12.2799	  0.0075	  2.0707
320.0000	160.0000	 12.2957	 -0.0287	  2.4311
336.0000	160.0000	 12.4279	 -0.0351	  3.7957
352.0000	160.0000	 12.4729	  0.0081	  2.1614
368.0000	160.0000	 12.0896	  0.0195	  1.4635
384.0000	160.0000	 11.9422	  0.0019	  1.9128
400.0000	160.0000	 12.2583	  0.0078	  2.9357
416.0000	160.0000	 12.2028	  0.0435	  2.9633
432.0000	160.0000	 12.0742	  0.0476	  2.1411
448.0000	160.0000	 11.9550	 -0.0084	  2.1465
464.0000	160.0000	 11.8822	  0.0058	  1.9468
480.0000	160.0000	 12.0018	  0.0173	  1.6313
496.0000	160.0000	 11.9526	 -0.0031	  1.1947
 16.0000	176.0000	 13.0267	 -0.0039	  2.4361
 32.0000	176.0000	 12.8655	 -0.0226	  2.1302
 48.0000	176.0000	 13.1700	 -0.1588	  2.1829
 64.0000	176.0000	 13.1749	 -0.1075	  2.2564
 80.0000	176.0000	 13.4001	 -0.0502	  2.7182
 96.0000	176.0000	 13.4515	 -0.0139	  1.4763
112.0000	176.0000	 12.9571	  0.0569	  1.9992
128.0000	176.0000	 12.8237	  0.0629	  3.9748
144.0000	176.0000	 12.7707	  0.1855	  3.6298
160.0000	176.0000	 12.8871	  0.2402	  3.2185
176.0000	176.0000	 13.4614	  0.0304	  1.2555
192.0000	176.0000	 13.0108	 -0.0088	  3.3736
208.0000	176.0000	 13.0452	 -0.0199	  3.1757
224.0000	176.0000	 13.3512	  0.0140	  2.7072
240.0000	176.0000	 13.2593	  0.0191	  4.2829
256.0000	176.0000	 13.2932	  0.0089	  3.4524
272.0000	176.0000	 13.1690	  0.0584	  2.5723
288.0000	176.0000	 13.1787	  0.0991	  1.5848
304.0000	176.0000	 13.2711	 -0.0007	  1.8639
320.0000	176.0000	 13.3478	 -0.0880	  2.6902
336.0000	176.0000	 13.1901	 -0.0132	  3.1527
352.0000	176.0000	 12.9404	  0.1287	  2.3260
368.0000	176.0000	 13.1990	  0.0017	  1.9167
384.0000	176.0000	 13.2960	  0.0034	  2.4796
400.0000	176.0000	 13.0358	  0.0310	  2.9020
416.0000	176.0000	 13.1160	 -0.0206	  2.7128
432.0000	176.0000	 13.3112	 -0.0435	  2.0850
448.0000	176.0000	 13.1530	  0.0021	  1.9951
464.0000	176.0000	 12.9602	  0.0038	  1.2266
480.0000	176.0000	 13.1979	  0.2674	  1.3128
496.0000	176.0000	 -3.3132	 24.8186	  1.3703
 16.0000	192.0000	 13.9425	  0.1129	  2.8047
 32.0000	192.0000	 14.0915	  0.0354	  2.1419
 48.0000	192.0000	 14.1311	  0.0004	  2.6537
 64.0000	192.0000	 14.2090	  0.0436	  3.4474
 80.0000	192.0000	 14.1877	  0.0948	  4.1082
 96.0000	192.0000	 13.9457	  0.1570	  1.6436
112.0000	192.0000	 14.0740	 -0.0041	  1.4475
128.0000	192.0000	 14.4713	  0.0797	  2.0037
144.0000	192.0000	 14.1844	  0.0634	  2.0653
160.0000	192.0000	 14.2076	 -0.0176	  2.7433
176.0000	192.0000	 14.1562	 -0.0167	  2.9624
192.0000	192.0000	 13.7566	 -0.0149	  1.5480
208.0000	192.0000	 13.9605	 -0.0153	  1.6242
224.0000	192.0000	 13.7791	  0.1841	  1.6807
240.0000	192.0000	 13.6157	  0.1270	  2.9273
256.0000	192.0000	 13.9447	  0.0434	  2.9590
272.0000	192.0000	 14.0953	  0.0160	  2.1491
288.0000	192.0000	 13.8757	  0.0069	  1.1281
304.0000	192.0000	 14.1612	  0.0102	  2.6139
320.0000	192.0000	 14.1319	  0.0079	  3.2108
336.0000	192.0000	 14.0906	 -0.0022	  2.2695
352.0000	192.0000	 14.1898	  0.0122	  1.7220
368.0000	192.0000	 14.3809	  0.0047	  2.2121
384.0000	192.0000	 14.1772	 -0.0107	  3.8582
400.0000	192.0000	 13.9741	  0.0218	  3.9083
416.0000	192.0000	 14.1205	  0.0467	  2.1989
432.0000	192.0000	 14.0585	 -0.0310	  2.7582
448.0000	192.0000	 13.9295	 -0.0585	  2.2262
464.0000	192.0000	 14.2312	 -0.0026	  1.8655
480.0000	192.0000	 14.2654	 -0.0208	  1.6346
496.0000	192.0000	 13.9130	  0.0014	  1.2650
 16.0000	208.0000	 14.6430	 -0.0817	  3.4959
 32.0000	208.0000	 14.7243	 -0.0996	  2.3491
 48.0000	208.0000	 14.5339	  0.1553	  1.9487
 64.0000	208.0000	 14.5449	  0.1032	  3.2524
 80.0000	208.0000	 14.5528	  0.0831	  2.8139
 96.0000	208.0000	 14.0757	 -0.0393	  1.1703
112.0000	208.0000	 14.5928	 -0.0180	  2.6085
128.0000	208.0000	 14.7290	 -0.0186	  3.2605
144.0000	208.0000	 14.6667	 -0.0329	  2.2413
160.0000	208.0000	 14.5915	  0.0174	  2.6782
176.0000	208.0000	 14.7174	 -0.0343	  2.7909
192.0000	208.0000	 14.8212	 -0.0836	  2.1152
208.0000	208.0000	 14.8006	  0.0469	  2.7444
224.0000	208.0000	 14.8721	  0.0744	  2.3628
240.0000	208.0000	 28.7767	 38.3062	  1.2206
256.0000	208.0000	 14.6705	  0.0382	  1.1679
272.0000	208.0000	 14.5379	  0.0150	  1.2970
288.0000	208.0000	 14.5692	  0.0030	  1.0266
304.0000	208.0000	 14.7478	 -0.0299	  2.8001
320.0000	208.0000	 14.7295	  0.0391	  3.4406
336.0000	208.0000	 14.6316	  0.1166	  2.0932
352.0000	208.0000	 14.3914	  0.0141	  1.7697
368.0000	208.0000	 14.5812	  0.0003	  2.6222
384.0000	208.0000	 14.5356	  0.0184	  2.6880
400.0000	208.0000	 14.3053	 -0.0179	  2.5427
416.0000	208.0000	 14.4133	  0.0023	  2.2235
432.0000	208.0000	 14.5329	 -0.0108	  1.6609
448.0000	208.0000	 14.7820	  0.0008	  2.3390
464.0000	208.0000	 14.8111	 -0.0015	  3.2357
480.0000	208.0000	 14.7134	 -0.0154	  1.8634
496.0000	208.0000	-20.7099	-30.5656	  1.2121
 16.0000	224.0000	 15.1238	 -0.0003	  3.3262
 32.0000	224.0000	 15.0978	  0.0145	  2.2200
 48.0000	224.0000	 15.2160	  0.0251	  2.6171
 64.0000	224.0000	 15.1801	  0.0186	  3.5832
 80.0000	224.0000	 15.1558	  0.0196	  1.7025
 96.0000	224.0000	 15.2515	 -0.2322	  1.3435
112.0000	224.0000	 15.2209	 -0.1312	  2.5408
128.0000	224.0000	 15.1079	  0.0075	  3.3630
144.0000	224.0000	 15.1763	  0.0147	  3.0371
160.0000	224.0000	 15.0857	  0.0150	  2.5265
176.0000	224.0000	 14.9514	  0.0135	  2.7467
192.0000	224.0000	 15.0245	  0.0115	  2.1534
208.0000	224.0000	 15.0189	  0.0093	  2.6131
224.0000	224.0000	 15.0152	  0.0096	  2.8951
240.0000	224.0000	 15.4295	  0.0026	  1.8782
256.0000	224.0000	 15.3227	 -0.0240	  2.4784
272.0000	224.0000	 15.1532	 -0.0349	  3.2614
288.0000	224.0000	 15.1027	 -0.0247	  2.7031
304.0000	224.0000	 14.9891	  0.0698	  1.8611
320.0000	224.0000	 15.0030	  0.0463	  1.8080
336.0000	224.0000	 15.0842	 -0.0007	  1.9301
352.0000	224.0000	 15.3407	 -0.0018	  1.3589
368.0000	224.0000	 15.1172	 -0.0073	  2.1589
384.0000	224.0000	 15.2503	 -0.0132	  2.8940
400.0000	224.0000	 15.1974	  0.0049	  2.5343
416.0000	224.0000	 15.0518	 -0.0149	  1.7929
432.0000	224.0000	 15.2891	 -0.0631	  2.0353
448.0000	224.0000	 15.1917	 -0.0151	  3.4232
464.0000	224.0000	 15.1529	  0.0162	  4.0728
480.0000	224.0000	 15.2008	 -0.0598	  3.0787
496.0000	224.0000	 15.3395	 -0.1630	  1.4679
 16.0000	240.0000	 15.3458	 -0.0445	  3.3284
 32.0000	240.0000	 15.3772	  0.1372	  2.2929
 48.0000	240.0000	 15.3456	  0.0197	  2.9039
 64.0000	240.0000	 15.3601	  0.0111	  3.6263
 80.0000	240.0000	 15.4357	  0.0034	  3.0727
 96.0000	240.0000	 15.3948	 -0.0034	  3.1602
112.0000	240.0000	 15.5140	  0.0377	  2.6122
128.0000	240.0000	 15.3758	  0.0096	  2.7904
144.0000	240.0000	 15.3154	  0.0161	  2.7283
160.0000	240.0000	 15.3167	 -0.0207	  2.5935
176.0000	240.0000	 15.3927	  0.0805	  2.5208
192.0000	240.0000	 15.4111	  0.2027	  1.4948
208.0000	240.0000	 14.9723	  0.0085	  1.5558
224.0000	240.0000	 15.3906	  0.0140	  1.7299
240.0000	240.0000	 15.5384	 -0.0192	  2.6320
256.0000	240.0000	 15.3612	 -0.0060	  3.0239
272.0000	240.0000	 15.2726	 -0.0145	  3.3068
288.0000	240.0000	 15.3620	 -0.0175	  2.1758
304.0000	240.0000	 15.4352	 -0.0589	  1.7961
320.0000	240.0000	 15.4872	 -0.0434	  2.1084
336.0000	240.0000	 15.4405	  0.0064	  2.4554
352.0000	240.0000	 15.4753	 -0.0013	  2.7426
368.0000	240.0000	 15.4111	  0.0023	  2.2285
384.0000	240.0000	 15.4428	  0.0155	  2.8222
400.0000	240.0000	 15.3370	  0.0209	  2.5456
416.0000	240.0000	 15.3444	 -0.0003	  3.6786
432.0000	240.0000	 15.4077	 -0.0131	  2.8187
448.0000	240.0000	 15.3022	 -0.0094	  2.7711
464.0000	240.0000	 15.3587	 -0.0119	  3.4968
480.0000	240.0000	 15.4168	 -0.0447	  2.8146
496.0000	240.0000	 15.3827	 -0.0518	  1.4886
 16.0000	256.0000	 15.4524	  0.0203	  4.6804
 32.0000	256.0000	 15.3387	  0.0120	  2.7732
 48.0000	256.0000	 15.4763	 -0.0633	  1.9218
 64.0000	256.0000	 15.4618	 -0.0345	  3.0321
 80.0000	256.0000	 15.4762	 -0.0786	  3.0408
 96.0000	256.0000	 15.4211	 -0.0051	  2.6535
112.0000	256.0000	 15.4308	  0.1154	  2.1487
128.0000	256.0000	 15.6231	 -0.1399	  2.2977
144.0000	256.0000	 15.4260	 -0.0911	  2.3709
160.0000	256.0000	 15.3850	 -0.0586	  2.6285
176.0000	256.0000	 15.6516	  0.0279	  1.9246
192.0000	256.0000	 15.6655	 -0.0596	  2.0535
208.0000	256.0000	 15.2806	  0.0982	  1.4672
224.0000	256.0000	 15.2911	  0.0485	  2.1698
240.0000	256.0000	 15.4777	  0.0069	  2.0189
256.0000	256.0000	-17.2404	-31.7828	  1.0584
272.0000	256.0000	 15.5134	  0.1502	  1.5081
288.0000	256.0000	 15.5210	 -0.0227	  1.4601
304.0000	256.0000	 15.4946	 -0.0612	  2.1873
320.0000	256.0000	 15.5163	 -0.0094	  2.9813
336.0000	256.0000	 15.4714	 -0.0023	  2.4018
352.0000	256.0000	 15.4504	 -0.0093	  3.6136
368.0000	256.0000	 15.4757	 -0.0001	  3.2521
384.0000	256.0000	 15.4650	 -0.2047	  2.6104
400.0000	256.0000	 15.5245	 -0.0614	  2.5825
416.0000	256.0000	 15.4529	  0.0077	  3.6377
432.0000	256.0000	 15.3822	  0.0763	  3.3238
448.0000	256.0000	 15.4215	  0.1557	  1.8099
464.0000	256.0000	 15.4466	  0.0321	  2.2170
480.0000	256.0000	 15.4837	  0.1125	  2.6945
496.0000	256.0000	 15.4550	  0.1322	  1.1667
 16.0000	272.0000	 15.3957	  0.1755	  2.2260
 32.0000	272.0000	 15.2640	  0.0133	  2.8551
 48.0000	272.0000	 15.4220	 -0.0053	  2.5257
 64.0000	272.0000	 15.4040	  0.0036	  2.4966
 80.0000	272.0000	 15.4068	 -0.0039	  2.4153
 96.0000	272.0000	 15.3425	 -0.0170	  2.5005
112.0000	272.0000	 15.1278	  0.0478	  1.8877
128.0000	272.0000	 15.4296	  0.0607	  2.7905
144.0000	272.0000	 15.3561	  0.0355	  3.6574
160.0000	272.0000	 15.3358	  0.0094	  2.8598
176.0000	272.0000	 15.4723	 -0.0226	  1.4230
192.0000	272.0000	 15.5814	 -0.0751	  1.7893
208.0000	272.0000	 15.3843	  0.0421	  2.8431
224.0000	272.0000	 15.2882	 -0.0436	  2.6417
240.0000	272.0000	 15.3699	 -0.1747	  2.1022
256.0000	272.0000	 15.2662	 -0.1964	  1.7061
272.0000	272.0000	 15.3788	 -0.1107	  2.8264
288.0000	272.0000	 15.3409	 -0.0071	  2.7213
304.0000	272.0000	 15.3212	  0.0267	  3.2537
320.0000	272.0000	 15.3569	  0.0359	  3.2410
336.0000	272.0000	 15.3400	 -0.0088	  2.3508
352.0000	272.0000	 15.3411	  0.0131	  2.4614
368.0000	272.0000	 15.4728	  0.0321	  3.4459
384.0000	272.0000	 15.4049	 -0.0242	  2.2683
400.0000	272.0000	 15.3685	 -0.0877	  3.4595
416.0000	272.0000	 15.3746	 -0.1125	  3.7682
432.0000	272.0000	 15.4467	 -0.0581	  2.2841
448.0000	272.0000	 15.3672	 -0.0156	  2.3284
464.0000	272.0000	 15.2625	  0.0136	  2.7172
480.0000	272.0000	 15.3987	  0.0912	  2.1558
496.0000	272.0000	 15.4670	  0.1566	  1.0245
 16.0000	288.0000	 15.1643	  0.0216	  1.4228
 32.0000	288.0000	 15.0949	  0.0146	  2.2436
 48.0000	288.0000	 15.1919	  0.0367	  4.1351
 64.0000	288.0000	 15.2515	  0.0512	  2.0525
 80.0000	288.0000	 15.2027	  0.1578	  2.2714
 96.0000	288.0000	 15.2202	  0.1535	  2.9489
112.0000	288.0000	 15.0428	 -0.0150	  2.8519
128.0000	288.0000	 15.1536	  0.0627	  3.2361
144.0000	288.0000	 15.2430	  0.1391	  2.8205
160.0000	288.0000	 15.1704	  0.0848	  2.5547
176.0000	288.0000	 15.0565	 -0.1303	  1.9527
192.0000	288.0000	 14.9230	 -0.1024	  2.2015
208.0000	288.0000	 15.0474	  0.0057	  3.4676
224.0000	288.0000	 15.1030	 -0.0107	  3.9829
240.0000	288.0000	 15.1120	 -0.0330	  2.9766
256.0000	288.0000	 15.2493	 -0.0085	  2.0559
272.0000	288.0000	 15.1887	 -0.0023	  3.6981
288.0000	288.0000	 15.1556	  0.0191	  3.7596
304.0000	288.0000	 15.1987	  0.0209	  2.8185
320.0000	288.0000	 15.1560	  0.0105	  3.4696
336.0000	288.0000	 15.0854	  0.0220	  3.3021
352.0000	288.0000	 15.1304	  0.0636	  2.2729
368.0000	288.0000	 15.2880	  0.0667	  2.3307
384.0000	288.0000	 15.2593	  0.1491	  1.5796
400.0000	288.0000	 15.1586	  0.0360	  3.2544
416.0000	288.0000	 15.1586	 -0.0429	  2.5822
432.0000	288.0000	 15.3007	 -0.0118	  2.4752
448.0000	288.0000	 15.2159	  0.0222	  2.4639
464.0000	288.0000	 15.0481	  0.0161	  2.1991
480.0000	288.0000	 15.0557	  0.0034	  1.9807
496.0000	288.0000	 14.9847	  0.0017	  1.1896
 16.0000	304.0000	 14.6970	  0.0276	  1.7705
 32.0000	304.0000	 14.6977	  0.0188	  1.7269
 48.0000	304.0000	 14.6726	  0.0035	  4.3746
 64.0000	304.0000	 14.6648	 -0.0006	  1.7045
 80.0000	304.0000	 14.3467	  0.0117	  2.7600
 96.0000	304.0000	 14.5679	  0.1010	  2.7860
112.0000	304.0000	 14.6875	 -0.0129	  2.7111
128.0000	304.0000	 14.6183	 -0.0721	  1.9581
144.0000	304.0000	 14.5216	 -0.1285	  1.9240
160.0000	304.0000	 14.4213	  0.0310	  2.7127
176.0000	304.0000	 14.7252	  0.0025	  3.8500
192.0000	304.0000	 14.7525	  0.0010	  3.5455
208.0000	304.0000	 14.7731	  0.0079	  3.2869
224.0000	304.0000	 14.8523	  0.0437	  3.1974
240.0000	304.0000	 14.9551	  0.1643	  2.4045
256.0000	304.0000	 15.0458	  0.4722	  1.2312
272.0000	304.0000	 14.9614	  0.1957	  2.2975
288.0000	304.0000	 14.9956	  0.0033	  2.4242
304.0000	304.0000	-17.0550	 25.0532	  1.4526
320.0000	304.0000	 14.7547	 -0.0477	  2.7574
336.0000	304.0000	 14.8788	 -0.0160	  3.3606
352.0000	304.0000	 14.8014	  0.0371	  2.7367
368.0000	304.0000	 14.6031	  0.0042	  1.5726
384.0000	304.0000	 -4.6723	 11.6532	  1.1816
400.0000	304.0000	 14.8433	  0.0990	  2.0811
416.0000	304.0000	 14.5960	  0.0036	  2.8951
432.0000	304.0000	 14.5310	 -0.0372	  2.8833
448.0000	304.0000	 14.5718	  0.0309	  1.9877
464.0000	304.0000	 14.5780	  0.0253	  2.6530
480.0000	304.0000	 14.7367	  0.0117	  4.3075
496.0000	304.0000	 14.5828	  0.0004	  1.8845
 16.0000	320.0000	 14.6716	  0.0053	  1.5837
 32.0000	320.0000	 14.4610	 -0.0055	  1.3360
 48.0000	320.0000	 14.1017	 -0.0027	  2.7320
 64.0000	320.0000	 13.9165	  0.0037	  1.7295
 80.0000	320.0000	 14.0906	 -0.1370	  3.1416
 96.0000	320.0000	 14.1183	 -0.1300	  2.6397
112.0000	320.0000	 14.1765	 -0.0137	  2.4706
128.0000	320.0000	 14.3068	 -0.0129	  2.2743
144.0000	320.0000	 14.3331	  0.0181	  3.7537
160.0000	320.0000	 14.2529	  0.0203	  2.8874
176.0000	320.0000	 14.3464	  0.1218	  2.5772
192.0000	320.0000	 14.1818	  0.0541	  2.9962
208.0000	320.0000	 13.9339	 -0.0860	  3.3172
224.0000	320.0000	 13.9243	 -0.0229	  2.2159
240.0000	320.0000	  6.2568	 23.4035	  1.2408
256.0000	320.0000	 -0.3039	-24.4589	  1.0717
272.0000	320.0000	  0.2323	-24.6236	  1.3177
288.0000	320.0000	 13.8436	 -0.1167	  1.6274
304.0000	320.0000	 13.7766	 -0.0862	  3.5577
320.0000	320.0000	 13.9269	 -0.0315	  3.0098
336.0000	320.0000	 14.1012	 -0.0117	  2.1878
352.0000	320.0000	 14.0927	  0.0121	  1.6713
368.0000	320.0000	 14.0251	  0.0172	  3.1640
384.0000	320.0000	 13.9215	  0.0318	  2.8456
400.0000	320.0000	 14.1322	  0.0240	  2.3779
416.0000	320.0000	 14.0862	 -0.0447	  3.1392
432.0000	320.0000	 14.0615	 -0.0698	  2.8356
448.0000	320.0000	 14.0594	  0.0055	  2.2638
464.0000	320.0000	 14.1366	 -0.0156	  3.9281
480.0000	320.0000	 14.2428	 -0.0247	  3.3448
496.0000	320.0000	 14.0559	 -0.0164	  1.9858
 16.0000	336.0000	 12.8047	 -0.2141	  1.8465
 32.0000	336.0000	 12.8515	 -0.1554	  2.6245
 48.0000	336.0000	 13.0370	 -0.1039	  3.2340
 64.0000	336.0000	 13.1758	 -0.0232	  2.4857
 80.0000	336.0000	 13.1505	 -0.0290	  3.2299
 96.0000	336.0000	 13.2973	 -0.0848	  2.9475
112.0000	336.0000	 13.2773	 -0.0430	  2.4970
128.0000	336.0000	 13.5528	  0.1846	  2.0849
144.0000	336.0000	 13.7014	  0.1741	  1.9956
160.0000	336.0000	 -1.1652	-25.1860	  1.0847
176.0000	336.0000	 12.7930	 -0.2666	  1.3337
192.0000	336.0000	 13.1035	 -0.1396	  2.9073
208.0000	336.0000	 13.4283	 -0.0433	  2.7922
224.0000	336.0000	 13.5088	  0.0159	  2.4778
240.0000	336.0000	 13.4030	 -0.0312	  2.0518
256.0000	336.0000	 12.9792	 -0.0298	  2.4419
272.0000	336.0000	 12.8517	 -0.0112	  3.5630
288.0000	336.0000	 13.4924	 -0.0284	  1.7900
304.0000	336.0000	 13.6047	 -0.0161	  3.2374
320.0000	336.0000	 13.2836	  0.0325	  2.8108
336.0000	336.0000	 13.1127	  0.0432	  3.5016
352.0000	336.0000	 13.2450	 -0.0440	  2.2518
368.0000	336.0000	 13.8380	  0.0372	  3.2763
384.0000	336.0000	 13.5601	  0.0167	  2.8110
400.0000	336.0000	 13.2227	  0.0162	  2.8798
416.0000	336.0000	 13.3467	  0.0853	  3.4877
432.0000	336.0000	 13.3191	  0.1106	  2.6379
448.0000	336.0000	 13.6082	 -0.0035	  1.1626
464.0000	336.0000	 13.5291	 -0.0006	  2.9903
480.0000	336.0000	 13.5972	 -0.0111	  2.2888
496.0000	336.0000	 13.7950	 -0.0212	  1.1871
 16.0000	352.0000	 12.1039	 -0.1477	  3.7997
 32.0000	352.0000	 12.4095	 -0.1217	  3.5471
 48.0000	352.0000	 12.3592	  0.0004	  2.8794
 64.0000	352.0000	 12.3368	  0.0323	  2.4251
 80.0000	352.0000	 12.8259	  0.1216	  2.5668
 96.0000	352.0000	 12.5336	  0.0851	  3.4542
112.0000	352.0000	 12.3090	  0.0285	  3.1081
128.0000	352.0000	 11.8612	 -0.0330	  2.4304
144.0000	352.0000	 11.8397	 -0.0080	  1.9298
160.0000	352.0000	 11.9916	 -0.0033	  1.7989
176.0000	352.0000	 12.4046	 -0.0339	  2.1248
192.0000	352.0000	 12.2278	  0.0081	  3.5415
208.0000	352.0000	 12.0911	  0.0810	  2.4274
224.0000	352.0000	 12.5606	  0.1835	  1.4319
240.0000	352.0000	 12.8365	  0.0192	  2.3676
256.0000	352.0000	 12.4732	  0.0027	  3.9616
272.0000	352.0000	 12.4776	  0.0039	  4.4445
288.0000	352.0000	 12.5850	  0.1288	  1.5500
304.0000	352.0000	 12.1301	  0.1055	  2.1883
320.0000	352.0000	 12.5437	  0.0759	  1.8423
336.0000	352.0000	 12.6432	  0.0015	  2.8766
352.0000	352.0000	 12.4937	  0.0009	  1.8574
368.0000	352.0000	-22.2673	  1.1808	  1.0398
384.0000	352.0000	 12.5395	 -0.0074	  1.5907
400.0000	352.0000	 12.5864	  0.0169	  1.8029
416.0000	352.0000	 12.7414	  0.1102	  3.1381
432.0000	352.0000	 12.6848	  0.1109	  2.6101
448.0000	352.0000	 11.9371	 -0.0164	  2.0592
464.0000	352.0000	 12.0511	 -0.0148	  2.4795
480.0000	352.0000	 11.9062	 -0.1881	  1.8777
496.0000	352.0000	-41.3916	-15.9328	  1.0012
 16.0000	368.0000	 11.4183	 -0.0126	  3.4821
 32.0000	368.0000	 11.4960	  0.0380	  3.2714
 48.0000	368.0000	 11.1547	  0.0536	  2.9630
 64.0000	368.0000	 10.9598	 -0.0538	  3.0192
 80.0000	368.0000	 11.0649	 -0.1346	  1.4250
 96.0000	368.0000	 11.9154	  0.1592	  2.2201
112.0000	368.0000	 11.2834	 -0.0500	  3.3192
128.0000	368.0000	 10.8618	 -0.0739	  3.8773
144.0000	368.0000	 11.1683	 -0.0040	  2.4721
160.0000	368.0000	 11.1111	 -0.0166	  2.5165
176.0000	368.0000	 10.8423	 -0.1189	  2.4825
192.0000	368.0000	 11.3948	 -0.0013	  2.4123
208.0000	368.0000	 11.4423	  0.0509	  2.7328
224.0000	368.0000	 11.0688	  0.0028	  2.5389
240.0000	368.0000	 11.1957	 -0.0023	  2.3239
256.0000	368.0000	 11.6695	 -0.0169	  2.5801
272.0000	368.0000	 11.1606	  0.0160	  2.9030
288.0000	368.0000	 11.1642	 -0.0041	  1.7985
304.0000	368.0000	 11.7389	  0.0343	  2.0119
320.0000	368.0000	 10.8507	 -0.0021	  2.4312
336.0000	368.0000	 10.6428	 -0.0235	  2.3871
352.0000	368.0000	 10.8683	 -0.0853	  2.3464
368.0000	368.0000	  3.5976	-14.9667	  1.0284
384.0000	368.0000	 10.5407	 -0.0822	  1.1968
400.0000	368.0000	 10.6124	  0.0087	  1.8932
416.0000	368.0000	 11.1860	  0.0005	  1.9031
432.0000	368.0000	 11.5205	  0.0081	  1.6214
448.0000	368.0000	 11.2615	 -0.0624	  2.5286
464.0000	368.0000	 11.3204	 -0.0553	  2.9127
480.0000	368.0000	 10.8179	 -0.0943	  2.0760
496.0000	368.0000	 10.7006	 -0.1310	  1.5308
 16.0000	384.0000	  9.7566	  0.1124	  3.3066
 32.0000	384.0000	 10.1583	  0.2265	  2.0571
 48.0000	384.0000	 10.3818	  0.0090	  1.9759
 64.0000	384.0000	 10.5109	 -0.0103	  3.0006
 80.0000	384.0000	 10.0534	 -0.0294	  1.8418
 96.0000	384.0000	  9.3438	 -0.0253	  2.6283
112.0000	384.0000	  9.9340	 -0.0150	  3.2005
128.0000	384.0000	 10.2663	 -0.0025	  3.4690
144.0000	384.0000	 10.1739	  0.0131	  2.2566
160.0000	384.0000	  9.9529	 -0.0191	  2.5349
176.0000	384.0000	  9.7438	 -0.0848	  2.1790
192.0000	384.0000	  9.3151	 -0.0994	  2.3720
208.0000	384.0000	  9.5328	 -0.0779	  1.9814
224.0000	384.0000	 10.3699	  0.0210	  2.6055
240.0000	384.0000	 10.0984	  0.0142	  2.2995
256.0000	384.0000	  9.9374	 -0.0031	  1.6222
272.0000	384.0000	  9.8478	 -0.0509	  3.8204
288.0000	384.0000	  9.6697	 -0.0665	  3.2292
304.0000	384.0000	  9.4476	  0.0445	  1.7809
320.0000	384.0000	 10.1172	 -0.0311	  2.8858
336.0000	384.0000	 10.2664	 -0.0374	  2.1821
352.0000	384.0000	 10.0645	  0.0096	  3.4580
368.0000	384.0000	  9.8865	  0.0133	  3.3693
384.0000	384.0000	  9.3959	 -0.0447	  2.8190
400.0000	384.0000	  9.4020	 -0.0319	  2.7952
416.0000	384.0000	  9.4567	 -0.0710	  1.9675
432.0000	384.0000	  9.3598	 -0.1405	  1.8909
448.0000	384.0000	  9.9784	  0.0024	  1.9774
464.0000	384.0000	  9.7002	 -0.0117	  2.6678
480.0000	384.0000	  9.5000	 -0.0691	  2.2420
496.0000	384.0000	  9.6325	  0.0518	  2.1020
 16.0000	400.0000	  9.1034	  0.0772	  3.3242
 32.0000	400.0000	  8.2177	 -0.0837	  2.0657
 48.0000	400.0000	  7.3305	 -0.1436	  1.2628
 64.0000	400.0000	  8.3556	  0.0833	  1.5459
 80.0000	400.0000	  7.9357	 -0.0215	  2.4917
 96.0000	400.0000	  8.2714	 -0.0112	  2.6373
112.0000	400.0000	  8.8575	  0.1305	  2.5517
128.0000	400.0000	  8.6912	  0.2661	  1.8998
144.0000	400.0000	  8.6546	  0.0330	  1.9785
160.0000	400.0000	  8.7416	  0.0732	  2.7360
176.0000	400.0000	  8.7071	  0.1259	  2.0754
192.0000	400.0000	  8.1399	  0.0766	  2.8080
208.0000	400.0000	  7.8688	  0.0809	  2.9834
224.0000	400.0000	  8.4645	 -0.0242	  1.6666
240.0000	400.0000	  8.9043	  0.0040	  1.3021
256.0000	400.0000	  8.7011	  0.0114	  1.3436
272.0000	400.0000	  9.0555	 -0.0348	  2.3556
288.0000	400.0000	  9.1398	 -0.0082	  3.2354
304.0000	400.0000	  9.0244	  0.0356	  1.8881
320.0000	400.0000	  8.4976	  0.0045	  1.3664
336.0000	400.0000	  8.4950	  0.2091	  1.0374
352.0000	400.0000	  9.3869	  0.1232	  2.2739
368.0000	400.0000	  9.4202	  0.0632	  2.8070
384.0000	400.0000	  9.0274	  0.0630	  2.4390
400.0000	400.0000	  8.4836	  0.0030	  2.8228
416.0000	400.0000	  8.3537	 -0.0062	  3.3087
432.0000	400.0000	  8.3310	 -0.0212	  2.6729
448.0000	400.0000	  8.8619	 -0.0207	  1.3446
464.0000	400.0000	  8.7916	 -0.0063	  2.4388
480.0000	400.0000	  8.4785	  0.0539	  2.5326
496.0000	400.0000	  8.0957	  0.0513	  2.3802
 16.0000	416.0000	  7.2871	  0.0209	  1.1488
 32.0000	416.0000	  6.4092	  0.0770	  2.0091
 48.0000	416.0000	  6.2229	  0.0484	  2.4964
 64.0000	416.0000	  5.8330	 -0.0153	  2.3335
 80.0000	416.0000	  6.8975	 -0.0417	  2.9931
 96.0000	416.0000	  6.9360	 -0.0283	  3.3241
112.0000	416.0000	  6.2813	 -0.0299	  2.2398
128.0000	416.0000	  6.0463	 -0.0639	  1.5283
144.0000	416.0000	  6.7724	 -0.1416	  2.1644
160.0000	416.0000	  7.1083	 -0.1273	  1.8440
176.0000	416.0000	  6.2719	  0.0454	  1.8587
192.0000	416.0000	  6.3519	 -0.0134	  2.7392
208.0000	416.0000	  6.5268	  0.0029	  3.1247
224.0000	416.0000	  6.8827	  0.0087	  1.2520
240.0000	416.0000	  6.5201	  0.0001	  1.4564
256.0000	416.0000	  5.9674	 -0.0343	  2.6944
272.0000	416.0000	  5.8240	 -0.0547	  3.4647
288.0000	416.0000	-20.8190	-26.6230	  1.2644
304.0000	416.0000	  6.5719	 -0.0068	  1.1216
320.0000	416.0000	  6.6295	 -0.0046	  1.7834
336.0000	416.0000	  6.7126	  0.0215	  1.0775
352.0000	416.0000	  7.5647	  0.0517	  1.1706
368.0000	416.0000	  8.1996	 15.9430	  1.0852
384.0000	416.0000	  6.2355	  0.0021	  1.3753
400.0000	416.0000	  7.1556	  0.0115	  2.1975
416.0000	416.0000	  7.3727	  0.0198	  1.6047
432.0000	416.0000	  6.2899	  0.0246	  1.9771
448.0000	416.0000	  5.7773	  0.0148	  2.6185
464.0000	416.0000	  6.0390	 -0.0050	  2.9039
480.0000	416.0000	  6.0861	  0.0142	  2.7410
496.0000	416.0000	  6.1815	  0.0194	  1.8454
 16.0000	432.0000	  4.4349	 -0.1689	  2.0805
 32.0000	432.0000	  4.8634	 -0.0540	  1.5666
 48.0000	432.0000	  4.8387	 -0.1472	  2.2298
 64.0000	432.0000	  4.6846	 -0.1028	  2.1875
 80.0000	432.0000	  5.3213	  0.0403	  2.0205
 96.0000	432.0000	  6.1908	  0.1134	  1.8465
112.0000	432.0000	  5.3713	  0.0121	  2.5540
128.0000	432.0000	  5.1080	  0.0177	  2.5608
144.0000	432.0000	  4.5671	  0.0483	  3.7411
160.0000	432.0000	  4.4033	  0.0913	  2.2949
176.0000	432.0000	  5.1622	 -0.0203	  1.4401
192.0000	432.0000	  5.5944	  0.0895	  1.7550
208.0000	432.0000	  5.8716	  0.1118	  2.0404
224.0000	432.0000	  4.0074	 -0.0256	  2.0996
240.0000	432.0000	  4.7001	 -0.0688	  1.2573
256.0000	432.0000	  5.8623	 -0.0123	  2.6882
272.0000	432.0000	  5.2577	  0.0008	  2.9305
288.0000	432.0000	  4.2149	  0.0161	  1.2004
304.0000	432.0000	  5.4111	 -0.0082	  1.4035
320.0000	432.0000	  4.8692	 -0.0164	  1.3250
336.0000	432.0000	 -5.1951	-25.2964	  1.0840
352.0000	432.0000	  4.8100	 -0.0668	  1.6888
368.0000	432.0000	  4.4069	 -0.1189	  1.7015
384.0000	432.0000	  4.8670	  0.0115	  2.6419
400.0000	432.0000	  4.4288	  0.0018	  2.6668
416.0000	432.0000	  4.2291	  0.0123	  1.9952
432.0000	432.0000	  5.3996	 -0.0731	  1.9291
448.0000	432.0000	  5.3277	 -0.0364	  2.2206
464.0000	432.0000	  5.4726	  0.0145	  2.7975
480.0000	432.0000	  5.2817	 -0.0027	  3.1570
496.0000	432.0000	  4.8334	  0.0022	  2.2214
 16.0000	448.0000	  2.0951	  0.0240	  2.1336
 32.0000	448.0000	  3.6343	  0.0249	  1.5989
 48.0000	448.0000	  3.2286	  0.0174	  2.0648
 64.0000	448.0000	  3.1596	  0.0285	  3.4326
 80.0000	448.0000	  3.4160	  0.0451	  1.8418
 96.0000	448.0000	  1.4398	 -0.2010	  1.0789
112.0000	448.0000	  1.8309	 -0.1428	  2.1610
128.0000	448.0000	  3.0664	  0.0055	  1.7761
144.0000	448.0000	  3.8594	  0.0519	  2.5890
160.0000	448.0000	  3.1809	 -0.0109	  2.2986
176.0000	448.0000	  2.3734	 -0.3072	  1.3085
192.0000	448.0000	  1.2854	 -0.7251	  1.1114
208.0000	448.0000	  2.5661	 -0.0174	  1.9295
224.0000	448.0000	  2.7947	  0.0187	  3.2002
240.0000	448.0000	  2.4711	  0.0128	  2.7811
256.0000	448.0000	  1.9310	  0.0637	  2.6401
272.0000	448.0000	  2.3046	  0.0832	  2.1081
288.0000	448.0000	  2.2844	  0.0269	  1.8756
304.0000	448.0000	  2.2690	  0.0042	  1.6666
320.0000	448.0000	  2.6920	 -0.0061	  1.7630
336.0000	448.0000	  2.1573	 -0.0468	  2.7644
352.0000	448.0000	  2.4825	 -0.0403	  2.3019
368.0000	448.0000	  2.7427	 -0.0540	  2.0596
384.0000	448.0000	  3.1647	 -0.0466	  2.0973
400.0000	448.0000	  3.2358	 -0.1156	  2.5491
416.0000	448.0000	  2.7832	 -0.0839	  2.8788
432.0000	448.0000	  2.4333	 -0.0011	  1.9869
448.0000	448.0000	  1.9672	 -0.0724	  2.4295
464.0000	448.0000	  2.5549	 -0.0560	  1.4789
480.0000	448.0000	  3.1132	  0.0030	  1.8770
496.0000	448.0000	  2.9469	  0.0028	  2.1234
 16.0000	464.0000	  0.8276	  0.0423	  3.1513
 32.0000	464.0000	  0.1492	 -0.0060	  2.0670
 48.0000	464.0000	  0.4079	  0.0010	  1.8297
 64.0000	464.0000	  2.3282	  0.0586	  1.8030
 80.0000	464.0000	  0.7474	 -0.1387	  1.4817
 96.0000	464.0000	  0.4345	  0.0006	  2.4022
112.0000	464.0000	  0.8682	 -0.0067	  2.6867
128.0000	464.0000	  1.0084	 -0.0261	  2.1622
144.0000	464.0000	  1.0409	 -0.1409	  1.3286
160.0000	464.0000	  0.9022	  0.0191	  2.1835
176.0000	464.0000	  0.5704	 -0.0628	  2.9434
192.0000	464.0000	  0.4575	 -0.2613	  1.6397
208.0000	464.0000	  0.9032	 -0.0064	  1.8765
224.0000	464.0000	  1.4586	 -0.0527	  2.2813
240.0000	464.0000	  1.9370	 -0.0125	  2.3627
256.0000	464.0000	  1.6141	  0.0517	  2.0854
272.0000	464.0000	  0.9365	  0.0018	  2.0775
288.0000	464.0000	  0.6273	  0.0375	  2.3148
304.0000	464.0000	  0.6581	 -0.0189	  1.8494
320.0000	464.0000	  1.2354	  0.0234	  1.5789
336.0000	464.0000	  1.5524	 -0.0738	  2.8992
352.0000	464.0000	  1.7001	 -0.0400	  2.7077
368.0000	464.0000	  1.2874	 -0.0808	  2.0424
384.0000	464.0000	  1.5499	 -0.0629	  1.8675
400.0000	464.0000	  0.9247	 -0.1241	  2.5554
416.0000	464.0000	  1.1567	 -0.0877	  2.4903
432.0000	464.0000	  1.5716	  0.1182	  2.4593
448.0000	464.0000	  0.8842	  0.1155	  3.5165
464.0000	464.0000	  0.7034	  0.0447	  2.3202
480.0000	464.0000	  0.7234	  0.0294	  1.6986
496.0000	464.0000	  0.3038	 -0.0400	  2.6353
 16.0000	480.0000	  0.0695	 -0.0130	  3.3692
 32.0000	480.0000	  0.0401	 -0.0039	  3.2491
 48.0000	480.0000	  0.0840	  0.0053	  2.9160
 64.0000	480.0000	 -0.0009	 -0.0580	  2.9914
 80.0000	480.0000	 -0.0332	 -0.0358	  3.8489
 96.0000	480.0000	  0.0654	  0.0290	  3.4138
112.0000	480.0000	  0.1842	  0.0992	  2.9728
128.0000	480.0000	  0.1981	  0.0196	  2.4350
144.0000	480.0000	  0.0001	 -0.4974	  1.8783
160.0000	480.0000	  0.1963	 -0.2380	  2.2053
176.0000	480.0000	  0.1939	  0.0533	  3.9209
192.0000	480.0000	  0.0595	  0.0079	  3.7793
208.0000	480.0000	 -0.0500	 -0.1117	  2.6145
224.0000	480.0000	 -0.0011	 -0.0142	  3.0112
240.0000	480.0000	 -0.0104	 -0.0017	  2.3459
256.0000	480.0000	 -0.0066	  0.0322	  1.7449
272.0000	480.0000	  0.0081	  0.0070	  2.7933
288.0000	480.0000	  0.0178	 -0.0027	  3.3909
304.0000	480.0000	  0.0547	 -0.0336	  2.1532
320.0000	480.0000	  0.0750	 -0.0279	  2.0689
336.0000	480.0000	  0.1850	  0.0177	  2.7514
352.0000	480.0000	  0.1516	  0.0234	  2.5288
368.0000	480.0000	  0.1445	  0.1628	  2.3533
384.0000	480.0000	  0.1526	  0.1525	  1.8829
400.0000	480.0000	  0.0667	  0.1013	  2.5430
416.0000	480.0000	  0.0871	  0.0882	  2.9144
432.0000	480.0000	  0.0586	  0.0173	  1.8625
448.0000	480.0000	  0.1017	  0.0486	  2.5191
464.0000	480.0000	  0.1555	  0.0733	  2.6063
480.0000	480.0000	  0.0401	  0.0060	  2.2066
496.0000	480.0000	 -0.0072	 -0.0082	  2.5731
 16.0000	496.0000	  0.0066	  0.0063	  3.9691
 32.0000	496.0000	 -0.0104	  0.0114	  2.5240
 48.0000	496.0000	  0.0650	  0.0264	  2.3881
 64.0000	496.0000	 -0.0005	  0.0226	  3.6020
 80.0000	496.0000	 -0.0705	  0.0033	  2.8335
 96.0000	496.0000	 -0.0007	  0.0009	  2.6317
112.0000	496.0000	 -0.0023	  0.0028	  2.5826
128.0000	496.0000	  0.0636	  0.0011	  1.5668
144.0000	496.0000	 -0.0006	  0.0192	  2.7417
160.0000	496.0000	  0.0094	  0.0248	  1.8851
176.0000	496.0000	  0.0500	  0.1669	  2.1540
192.0000	496.0000	  0.0891	  0.0754	  4.3668
208.0000	496.0000	 -0.0336	  0.0088	  2.8812
224.0000	496.0000	 -0.1950	 -0.0000	  2.7782
240.0000	496.0000	  0.0740	  0.0031	  2.9626
256.0000	496.0000	 -0.0096	  0.0631	  2.9514
272.0000	496.0000	 -0.0465	  0.0537	  4.0744
288.0000	496.0000	  0.0142	  0.0061	  2.4062
304.0000	496.0000	 -0.0157	  0.0094	  2.7762
320.0000	496.0000	 -0.0186	  0.0063	  3.9462
336.0000	496.0000	 -0.0000	  0.0001	  2.7797
352.0000	496.0000	 -0.0082	  0.0011	  2.1438
368.0000	496.0000	  0.1007	  0.4813	  1.2884
384.0000	496.0000	  0.0070	  0.1302	  2.9121
400.0000	496.0000	 -0.0061	  0.0662	  4.6532
416.0000	496.0000	  0.0067	  0.0552	  3.0762
432.0000	496.0000	  0.0378	  0.0056	  1.6494
448.0000	496.0000	 -0.0420	  0.0058	  1.7131
464.0000	496.0000	 -0.0624	  0.0003	  2.6470
480.0000	496.0000	  0.0379	  0.0000	  2.7296
496.0000	496.0000	 -0.0060	  0.0103	  2.6156
