 16.0000	 16.0000	  0.0029	 -0.0484	  2.2689
 32.0000	 16.0000	  0.0568	 -0.1041	  1.7481
 48.0000	 16.0000	  0.0089	  0.0002	  1.6455
 64.0000	 16.0000	 -0.0156	 -0.0018	  2.6722
 80.0000	 16.0000	  0.0036	 -0.0005	  2.6713
 96.0000	 16.0000	  0.0107	  0.0017	  1.8018
112.0000	 16.0000	  0.0060	  0.0007	  2.0470
128.0000	 16.0000	  0.1273	  0.0012	  2.4982
144.0000	 16.0000	  0.0177	  0.0013	  2.3302
160.0000	 16.0000	 -0.1119	  0.0009	  2.7946
176.0000	 16.0000	  0.0095	 -0.0074	  3.1330
192.0000	 16.0000	  0.0015	 -0.0164	  3.3638
208.0000	 16.0000	 -0.0378	 -0.0100	  2.4209
224.0000	 16.0000	  0.0190	 -0.0057	  2.5207
240.0000	 16.0000	 -0.0052	 -0.0051	  3.0977
256.0000	 16.0000	 -0.0124	 -0.0054	  2.2592
272.0000	 16.0000	  0.0014	 -0.0603	  3.2526
288.0000	 16.0000	  0.0020	 -0.0542	  3.9993
304.0000	 16.0000	 -0.0021	 -0.0107	  2.4364
320.0000	 16.0000	  0.0001	 -0.0038	  2.0604
336.0000	 16.0000	  0.0187	 -0.0774	  2.5456
352.0000	 16.0000	-11.4851	-33.3106	  1.0183
368.0000	 16.0000	 -0.1088	 -0.0064	  1.2672
384.0000	 16.0000	 -0.0002	 -0.0105	  1.9809
400.0000	 16.0000	  0.0242	 -0.0070	  3.0757
416.0000	 16.0000	  0.0000	 -0.0095	  4.6479
432.0000	 16.0000	 -0.0069	 -0.0152	  2.2485
448.0000	 16.0000	  0.0378	 -0.0151	  3.9277
464.0000	 16.0000	 -0.0024	 -0.0112	  3.1748
480.0000	 16.0000	 -0.0289	  0.0011	  2.0665
496.0000	 16.0000	 -0.0100	 -0.0200	  2.2391
 16.0000	 32.0000	  0.0089	  0.0794	  2.7551
 32.0000	 32.0000	  0.0925	 -0.0001	  3.6984
 48.0000	 32.0000	  0.0384	  0.0038	  3.1807
 64.0000	 32.0000	  0.1194	  0.0141	  2.2989
 80.0000	 32.0000	  0.0912	  0.0341	  4.0657
 96.0000	 32.0000	 -0.0251	  0.0321	  1.9203
112.0000	 32.0000	  0.2408	 -0.4344	  1.1445
128.0000	 32.0000	  0.2694	 -0.2001	  1.9178
144.0000	 32.0000	  0.2002	  0.0027	  3.1878
160.0000	 32.0000	  0.0039	  0.0191	  4.3535
176.0000	 32.0000	 -0.1023	  0.0400	  3.4209
192.0000	 32.0000	  0.0510	  0.0358	  2.1812
208.0000	 32.0000	 -0.0384	 -0.0349	  2.9554
224.0000	 32.0000	 -0.0264	 -0.0311	  2.4507
240.0000	 32.0000	  0.0309	 -0.0260	  2.9388
256.0000	 32.0000	  0.0190	 -0.0340	  2.6213
272.0000	 32.0000	  0.0649	 -0.0323	  4.1747
288.0000	 32.0000	  0.0856	  0.0401	  4.2374
304.0000	 32.0000	  0.0316	  0.2096	  1.8039
320.0000	 32.0000	 -0.0428	  0.0650	  2.8401
336.0000	 32.0000	  0.0406	  0.0163	  3.7279
352.0000	 32.0000	  0.1628	 -0.0433	  1.8806
368.0000	 32.0000	  0.5049	 -0.0463	  1.6616
384.0000	 32.0000	  0.2706	 -0.0777	  1.2233
400.0000	 32.0000	  0.0051	 -0.0810	  1.7552
416.0000	 32.0000	 -0.0563	 -0.0198	  2.3973
432.0000	 32.0000	  0.0011	 -0.0081	  1.6027
448.0000	 32.0000	  0.1138	 -0.0584	  2.2680
464.0000	 32.0000	  0.1204	 -0.0507	  2.5585
480.0000	 32.0000	  0.1195	 -0.0042	  2.3385
496.0000	 32.0000	 -0.0013	  0.0410	  2.2223
 16.0000	 48.0000	  0.9592	  0.0178	  1.6903
 32.0000	 48.0000	  0.1533	  0.0318	  2.2031
 48.0000	 48.0000	  0.0604	 -0.0018	  1.9996
 64.0000	 48.0000	 11.4311	-29.7266	  1.0195
 80.0000	 48.0000	  0.2462	  0.0366	  2.5287
 96.0000	 48.0000	  0.3165	  0.0285	  2.2318
112.0000	 48.0000	  1.1188	  0.0216	  2.0310
128.0000	 48.0000	  1.3045	  0.0490	  3.4205
144.0000	 48.0000	  0.8846	 -0.0487	  4.1170
160.0000	 48.0000	  0.1314	 -0.0006	  2.8819
176.0000	 48.0000	  0.2754	  0.0080	  1.9817
192.0000	 48.0000	  0.8325	 -0.0054	  1.7658
208.0000	 48.0000	  0.3921	  0.0233	  1.6806
224.0000	 48.0000	  0.8014	 -0.0081	  1.3208
240.0000	 48.0000	  1.1283	 -0.1158	  1.7950
256.0000	 48.0000	  0.6828	 -0.1728	  1.7453
272.0000	 48.0000	  0.5029	  0.1260	  1.5130
288.0000	 48.0000	  0.4955	  0.1501	  2.4500
304.0000	 48.0000	  0.9236	 -0.0085	  1.8547
320.0000	 48.0000	  0.8303	 -0.0424	  2.2210
336.0000	 48.0000	  0.6168	 -0.0441	  2.7180
352.0000	 48.0000	  0.8944	  0.0284	  3.4715
368.0000	 48.0000	  1.2289	  0.0996	  1.9062
384.0000	 48.0000	  1.2318	 -0.0419	  1.5755
400.0000	 48.0000	  1.7199	 -0.0720	  2.9109
416.0000	 48.0000	  1.8944	 -0.0394	  2.2226
432.0000	 48.0000	  1.6550	  0.0146	  1.9393
448.0000	 48.0000	  1.3770	 -0.0208	  2.5513
464.0000	 48.0000	  1.2973	 -0.0159	  2.7300
480.0000	 48.0000	  1.3191	 -0.0087	  3.1798
496.0000	 48.0000	  1.1683	 -0.0040	  2.7887
 16.0000	 64.0000	  3.2944	  0.0166	  2.2086
 32.0000	 64.0000	  4.4297	 -0.0072	  1.8471
 48.0000	 64.0000	  3.8741	  0.0519	  2.4774
 64.0000	 64.0000	  4.0304	 -0.0270	  1.8987
 80.0000	 64.0000	  4.0127	 -0.0610	  2.3416
 96.0000	 64.0000	  3.6861	  0.0042	  2.0653
112.0000	 64.0000	  2.3490	  0.1859	  2.2843
128.0000	 64.0000	  2.1065	  0.1434	  3.3815
144.0000	 64.0000	  2.1295	  0.0256	  2.0296
160.0000	 64.0000	  4.2022	  0.0266	  1.3954
176.0000	 64.0000	  3.0745	 -0.0196	  1.6014
192.0000	 64.0000	  2.6214	 -0.0308	  2.2799
208.0000	 64.0000	  3.8786	 -0.0294	  2.3201
224.0000	 64.0000	  3.6702	  0.0445	  1.4583
240.0000	 64.0000	  3.6050	 -0.0749	  1.9810
256.0000	 64.0000	  3.6610	 -0.0889	  2.6082
272.0000	 64.0000	  4.0689	 -0.2637	  1.6433
288.0000	 64.0000	  4.5479	 -0.1408	  1.7637
304.0000	 64.0000	  2.9397	 -0.0642	  1.9622
320.0000	 64.0000	  2.0095	  0.0033	  1.7225
336.0000	 64.0000	  1.3932	  0.1158	  2.1784
352.0000	 64.0000	  1.6450	  0.0361	  2.2723
368.0000	 64.0000	  2.3314	  0.0925	  1.6665
384.0000	 64.0000	  2.7115	  0.0388	  2.3420
400.0000	 64.0000	  2.3116	 -0.0023	  2.5545
416.0000	 64.0000	  2.4549	 -0.0046	  2.4964
432.0000	 64.0000	  3.1522	  0.0054	  1.6616
448.0000	 64.0000	  2.1461	  0.0795	  2.3249
464.0000	 64.0000	  2.6386	 -0.0529	  3.1345
480.0000	 64.0000	  2.3852	 -0.0021	  2.7411
496.0000	 64.0000	  1.7932	  0.0161	  2.3992
 16.0000	 80.0000	  5.4333	  0.0059	  2.9443
 32.0000	 80.0000	  5.1790	 -0.0350	  2.8527
 48.0000	 80.0000	  4.3130	  0.0427	  2.3669
 64.0000	 80.0000	  4.8783	 -0.0147	  2.7495
 80.0000	 80.0000	  4.5558	  0.0455	  2.6582
 96.0000	 80.0000	  4.2997	  0.0275	  2.9686
112.0000	 80.0000	  4.1585	  0.0234	  1.8493
128.0000	 80.0000	  3.6842	 -0.0428	  1.7361
144.0000	 80.0000	-25.1465	 28.0080	  1.2773
160.0000	 80.0000	  5.3246	 -0.0174	  1.9901
176.0000	 80.0000	  5.4650	 -0.0063	  2.0580
192.0000	 80.0000	  4.6122	  0.0225	  1.2244
208.0000	 80.0000	  4.2902	 -0.0105	  2.5984
224.0000	 80.0000	  4.2697	 -0.0158	  1.4674
240.0000	 80.0000	  4.0541	 -0.0042	  1.9148
256.0000	 80.0000	  3.9107	 -0.0001	  2.4909
272.0000	 80.0000	  4.7111	  0.0019	  2.4112
288.0000	 80.0000	  4.8056	  0.0068	  2.7797
304.0000	 80.0000	  3.9792	  0.0003	  1.6600
320.0000	 80.0000	  4.9532	  0.0378	  1.5049
336.0000	 80.0000	  5.6592	 -0.0270	  2.1024
352.0000	 80.0000	-15.7128	-12.6052	  1.1034
368.0000	 80.0000	  4.2241	 -0.0097	  1.4661
384.0000	 80.0000	  3.9729	  0.0086	  1.8744
400.0000	 80.0000	  5.8230	 -0.0227	  2.2887
416.0000	 80.0000	  5.6382	 -0.0205	  2.1019
432.0000	 80.0000	  5.0619	  0.0011	  2.5453
448.0000	 80.0000	  5.1382	  0.0160	  2.0480
464.0000	 80.0000	  5.0681	 -0.0373	  2.2278
480.0000	 80.0000	  5.2602	 -0.0729	  2.2481
496.0000	 80.0000	-37.3195	-21.9363	  1.0194
 16.0000	 96.0000	  7.0466	 -0.1303	  2.2277
 32.0000	 96.0000	  7.3224	 -0.2478	  2.2495
 48.0000	 96.0000	  6.8833	 -0.1988	  1.0603
 64.0000	 96.0000	  6.1845	  0.0555	  2.1236
 80.0000	 96.0000	  6.9603	 -0.0757	  1.2760
 96.0000	 96.0000	  7.0912	 -0.0710	  1.9208
112.0000	 96.0000	  6.7116	 -0.0755	  2.3492
128.0000	 96.0000	  6.4343	 -0.0440	  1.4309
144.0000	 96.0000	 20.0401	 -5.8944	  1.0862
160.0000	 96.0000	  6.3931	  0.0079	  1.8334
176.0000	 96.0000	  6.3902	 -0.0098	  1.7758
192.0000	 96.0000	  7.3466	 -0.0273	  2.2740
208.0000	 96.0000	  7.5929	 -0.0413	  2.8207
224.0000	 96.0000	  7.4339	 -0.0034	  1.7113
240.0000	 96.0000	  7.3616	 -0.0061	  2.0663
256.0000	 96.0000	  7.5627	 -0.0425	  1.5605
272.0000	 96.0000	  5.8654	  0.0717	  1.6661
288.0000	 96.0000	  6.1736	  0.0607	  1.9293
304.0000	 96.0000	  7.2760	  0.0287	  1.7697
320.0000	 96.0000	  6.8497	 -0.0630	  2.0701
336.0000	 96.0000	  6.7718	 -0.1852	  2.8078
352.0000	 96.0000	  7.3048	 -0.1328	  2.9738
368.0000	 96.0000	  7.1682	 -0.0113	  1.8625
384.0000	 96.0000	  6.9700	  0.0332	  2.2989
400.0000	 96.0000	  6.5906	  0.0263	  3.0560
416.0000	 96.0000	  6.6026	  0.0040	  3.0241
432.0000	 96.0000	  6.4728	  0.0109	  2.4942
448.0000	 96.0000	  6.3413	  0.0154	  2.4593
464.0000	 96.0000	  6.5283	  0.1215	  2.8094
480.0000	 96.0000	  6.7232	  0.1324	  3.0248
496.0000	 96.0000	  7.3417	  0.0642	  1.4332
 16.0000	112.0000	  8.6343	  0.0710	  3.0966
 32.0000	112.0000	  8.5307	  0.0736	  2.7353
 48.0000	112.0000	  8.8667	  0.0220	  2.0761
 64.0000	112.0000	  9.1269	  0.0115	  2.4743
 80.0000	112.0000	  8.4956	 -0.0231	  1.3945
 96.0000	112.0000	  7.8089	  0.0328	  1.9305
112.0000	112.0000	  7.5962	  0.0807	  2.8800
128.0000	112.0000	  8.2979	  0.1057	  2.4912
144.0000	112.0000	  8.7864	  0.0084	  2.1553
160.0000	112.0000	  8.9227	 -0.0141	  2.3882
176.0000	112.0000	  8.7042	 -0.1045	  2.3815
192.0000	112.0000	  8.0023	 -0.0539	  2.9996
208.0000	112.0000	  7.9137	 -0.0159	  2.4640
224.0000	112.0000	  7.7620	  0.0002	  2.1910
240.0000	112.0000	  7.4635	  0.0028	  2.1210
256.0000	112.0000	  7.6971	 -0.0011	  1.7486
272.0000	112.0000	  8.1861	  0.0431	  2.0763
288.0000	112.0000	  8.1079	  0.0366	  3.0278
304.0000	112.0000	  7.7799	 -0.0296	  2.1366
320.0000	112.0000	  8.4551	  0.0651	  2.1015
336.0000	112.0000	  8.6973	 -0.0318	  2.6020
352.0000	112.0000	  8.2919	  0.0793	  3.1491
368.0000	112.0000	  7.9259	  0.0470	  1.9340
384.0000	112.0000	  8.0119	 -0.0349	  2.4759
400.0000	112.0000	  7.7656	 -0.0789	  1.9501
416.0000	112.0000	  7.9171	 -0.0656	  1.8606
432.0000	112.0000	  8.0321	 -0.0433	  1.9931
448.0000	112.0000	  7.6440	 -0.0051	  1.7148
464.0000	112.0000	  7.8896	  0.0410	  2.5503
480.0000	112.0000	  8.0915	  0.0608	  2.6275
496.0000	112.0000	  8.3993	  0.0280	  2.4046
 16.0000	128.0000	  9.5908	  0.0049	  1.9408
 32.0000	128.0000	  9.3206	  0.1625	  1.8694
 48.0000	128.0000	  9.6683	 -0.0098	  1.7146
 64.0000	128.0000	 10.1331	 -0.0982	  2.3853
 80.0000	128.0000	 10.3307	 -0.1116	  1.2103
 96.0000	128.0000	  9.7648	  0.0699	  1.0596
112.0000	128.0000	  9.5756	  0.1347	  1.1284
128.0000	128.0000	  9.2660	  0.1445	  1.3127
144.0000	128.0000	  9.7042	  0.0207	  2.0778
160.0000	128.0000	  9.6675	 -0.0283	  3.1163
176.0000	128.0000	  9.5626	 -0.0027	  3.0228
192.0000	128.0000	  9.5775	  0.0604	  2.1269
208.0000	128.0000	  9.4718	  0.0627	  1.6236
224.0000	128.0000	 10.1474	 -0.0118	  1.4698
240.0000	128.0000	 10.4666	 -0.0284	  2.6745
256.0000	128.0000	 10.5771	  0.0530	  2.8616
272.0000	128.0000	 10.1687	 -0.1446	  2.6526
288.0000	128.0000	  9.3119	  0.0359	  2.3363
304.0000	128.0000	  9.5312	 -0.1615	  1.2942
320.0000	128.0000	  9.5982	 -0.0567	  2.1165
336.0000	128.0000	  9.7429	  0.0129	  3.1205
352.0000	128.0000	  9.9930	  0.0187	  2.3947
368.0000	128.0000	  9.9125	 -0.0514	  1.9947
384.0000	128.0000	  9.6725	 -0.0011	  1.9597
400.0000	128.0000	  9.7788	 -0.0019	  2.0216
416.0000	128.0000	  9.7060	 -0.0342	  2.1853
432.0000	128.0000	 10.0252	  0.0332	  2.8597
448.0000	128.0000	 10.2340	  0.0726	  2.2110
464.0000	128.0000	  9.4687	  0.1498	  2.4794
480.0000	128.0000	  9.1699	  0.1510	  1.5582
496.0000	128.0000	  9.3309	  0.0451	  1.5410
 16.0000	144.0000	 11.1597	 -0.0065	  2.3425
 32.0000	144.0000	 11.8240	 -0.0011	  1.1424
 48.0000	144.0000	 11.7366	 -0.1345	  1.0432
 64.0000	144.0000	 11.2565	 -0.0077	  2.4462
 80.0000	144.0000	 11.3604	  0.0152	  2.8970
 96.0000	144.0000	 11.7585	 -0.0735	  2.7358
112.0000	144.0000	 11.8991	 -0.1230	  1.7515
128.0000	144.0000	 11.2007	  0.0076	  1.3725
144.0000	144.0000	 11.0324	  0.0254	  2.8222
160.0000	144.0000	 10.5101	 -0.0927	  2.8224
176.0000	144.0000	 10.3378	  0.0823	  2.2493
192.0000	144.0000	 10.7999	  0.1832	  1.9104
208.0000	144.0000	 11.1432	 -0.0357	  1.5450
224.0000	144.0000	 10.8011	  0.0005	  2.0084
240.0000	144.0000	 10.6632	  0.0564	  3.4550
256.0000	144.0000	 10.7382	  0.0577	  3.0328
272.0000	144.0000	 10.8306	  0.0564	  2.1419
288.0000	144.0000	 11.6955	 -0.0040	  1.6970
304.0000	144.0000	 11.6982	 -0.2498	  2.5172
320.0000	144.0000	 11.1058	 -0.1976	  2.2043
336.0000	144.0000	 10.7932	  0.0762	  2.9807
352.0000	144.0000	 10.9075	  0.0458	  3.8550
368.0000	144.0000	 11.0292	 -0.0041	  2.3079
384.0000	144.0000	 11.1132	  0.0163	  1.3384
400.0000	144.0000	 10.0834	  0.2743	  1.8882
416.0000	144.0000	 10.3744	  0.2410	  2.4652
432.0000	144.0000	 10.8540	  0.0255	  2.8610
448.0000	144.0000	 11.1571	 -0.0507	  2.6658
464.0000	144.0000	 11.7395	 -0.0387	  2.6774
480.0000	144.0000	 11.5841	 -0.0371	  1.6761
496.0000	144.0000	-17.8325	-16.8404	  1.0261
 16.0000	160.0000	 12.1798	 -0.0211	  3.0417
 32.0000	160.0000	 12.6098	 -0.0121	  2.0706
 48.0000	160.0000	 12.7950	 -0.0067	  1.8865
 64.0000	160.0000	 12.1350	  0.0881	  2.6466
 80.0000	160.0000	 11.8146	  0.0190	  2.9122
 96.0000	160.0000	 12.0769	 -0.0536	  2.4680
112.0000	160.0000	 12.3612	  0.0118	  2.4600
128.0000	160.0000	 12.5806	 -0.0284	  1.9586
144.0000	160.0000	 11.7982	  0.0038	  1.9796
160.0000	160.0000	 11.9496	 -0.0247	  1.7766
176.0000	160.0000	 12.3328	 -0.0327	  1.5423
192.0000	160.0000	 12.5972	  0.0049	  2.5327
208.0000	160.0000	 12.5888	  0.0002	  2.9131
224.0000	160.0000	 12.4436	 -0.0010	  1.9732
240.0000	160.0000	 12.7665	 -0.1330	  1.8274
256.0000	160.0000	 12.6206	 -0.0941	  2.1448
272.0000	160.0000	 12.3975	  0.0038	  1.6676
288.0000	160.0000	 12.2280	  0.0237	  2.6728
304.0000	160.0000	 12.1818	  0.0660	  2.9867
320.0000	160.0000	 12.4743	  0.0487	  2.4621
336.0000	160.0000	 12.3184	  0.0854	  1.9334
352.0000	160.0000	 11.7827	  0.1318	  2.0742
368.0000	160.0000	 12.0393	  0.0161	  1.4976
384.0000	160.0000	 12.6621	  0.0027	  1.9335
400.0000	160.0000	 12.5624	 -0.0633	  2.2745
416.0000	160.0000	 12.4838	  0.0120	  2.7116
432.0000	160.0000	 12.3945	  0.0503	  2.2519
448.0000	160.0000	 12.3844	  0.0530	  3.0595
464.0000	160.0000	 12.4136	  0.0394	  3.9380
480.0000	160.0000	 12.5029	 -0.1091	  2.6559
496.0000	160.0000	 12.6758	 -0.0650	  1.1533
 16.0000	176.0000	 13.0307	 -0.0012	  2.0138
 32.0000	176.0000	 13.0906	 -0.0066	  2.5074
 48.0000	176.0000	 13.2270	  0.0459	  2.2407
 64.0000	176.0000	 13.4438	  0.0559	  2.2316
 80.0000	176.0000	 13.4993	  0.0262	  2.4994
 96.0000	176.0000	 13.2568	  0.1119	  1.9096
112.0000	176.0000	 13.3414	  0.0410	  1.8845
128.0000	176.0000	 13.3926	 -0.0577	  2.4878
144.0000	176.0000	 13.5259	 -0.0866	  2.8006
160.0000	176.0000	 13.5467	  0.0032	  3.0064
176.0000	176.0000	 13.5055	  0.0174	  2.8109
192.0000	176.0000	 13.3038	 -0.0885	  2.7985
208.0000	176.0000	 12.9890	 -0.0773	  3.5387
224.0000	176.0000	 13.0610	  0.0437	  2.1406
240.0000	176.0000	 13.3891	  0.0272	  2.0226
256.0000	176.0000	 13.3537	  0.0279	  3.4653
272.0000	176.0000	 13.2696	  0.0013	  2.6046
288.0000	176.0000	 13.0442	  0.0011	  1.9348
304.0000	176.0000	 12.9335	  0.2938	  2.6212
320.0000	176.0000	 12.9987	  0.1863	  3.2020
336.0000	176.0000	 13.1670	  0.0086	  2.5816
352.0000	176.0000	 13.5275	 -0.0015	  2.1551
368.0000	176.0000	 13.7061	 -0.0370	  3.2738
384.0000	176.0000	 13.3361	  0.0276	  4.1114
400.0000	176.0000	 13.1382	 -0.0159	  3.1350
416.0000	176.0000	 13.1457	 -0.0133	  2.5736
432.0000	176.0000	 13.3146	 -0.0359	  2.1488
448.0000	176.0000	 12.8965	 -0.0548	  2.8435
464.0000	176.0000	 12.7108	 -0.0804	  2.9150
480.0000	176.0000	 13.2918	 -0.0926	  3.2517
496.0000	176.0000	 13.4533	 -0.0553	  1.6723
 16.0000	192.0000	 14.3607	 -0.0294	  2.3319
 32.0000	192.0000	 14.2473	 -0.0299	  2.4888
 48.0000	192.0000	 14.2198	 -0.0438	  2.2302
 64.0000	192.0000	 14.0146	  0.0063	  1.8160
 80.0000	192.0000	 14.1066	  0.0300	  3.5924
 96.0000	192.0000	 14.2094	  0.0219	  2.7565
112.0000	192.0000	 14.0459	  0.0017	  3.2943
128.0000	192.0000	 13.8487	  0.0000	  2.7747
144.0000	192.0000	 13.9054	  0.0042	  2.8335
160.0000	192.0000	 13.9282	  0.0121	  3.1517
176.0000	192.0000	 14.0535	  0.0093	  3.0266
192.0000	192.0000	 14.2708	 -0.0272	  3.0529
208.0000	192.0000	 14.3718	 -0.0900	  2.1879
224.0000	192.0000	 14.1714	 -0.0896	  1.5192
240.0000	192.0000	 13.9466	  0.0189	  2.7031
256.0000	192.0000	 13.9042	  0.0065	  3.0460
272.0000	192.0000	 14.0989	 -0.0181	  2.4384
288.0000	192.0000	 14.0427	 -0.0334	  2.5138
304.0000	192.0000	 14.1194	  0.0203	  1.8196
320.0000	192.0000	 13.8804	  0.0153	  2.7870
336.0000	192.0000	 13.4115	  0.0520	  2.2725
352.0000	192.0000	 14.0804	  0.0073	  2.7102
368.0000	192.0000	 14.0483	 -0.0116	  2.6185
384.0000	192.0000	 13.8127	 -0.0234	  3.9575
400.0000	192.0000	 13.8676	  0.0276	  2.8587
416.0000	192.0000	 14.2863	  0.0649	  2.2925
432.0000	192.0000	 14.1933	  0.0110	  2.4685
448.0000	192.0000	 14.0767	  0.0005	  1.7691
464.0000	192.0000	 14.4610	  0.0704	  2.2967
480.0000	192.0000	 14.0734	  0.0228	  3.3197
496.0000	192.0000	 13.9237	 -0.0033	  1.9716
 16.0000	208.0000	 14.5108	  0.0859	  2.5329
 32.0000	208.0000	 14.5573	  0.0138	  3.1668
 48.0000	208.0000	 14.6662	  0.0086	  2.8316
 64.0000	208.0000	 14.8670	  0.0052	  1.6125
 80.0000	208.0000	 14.7259	 -0.0177	  2.3196
 96.0000	208.0000	 14.6131	  0.0240	  2.3294
112.0000	208.0000	 14.5789	  0.0499	  2.3727
128.0000	208.0000	 14.3596	  0.1784	  1.7546
144.0000	208.0000	 14.4902	  0.1115	  2.2813
160.0000	208.0000	 14.5984	  0.0411	  1.7632
176.0000	208.0000	 14.4949	  0.0297	  1.4935
192.0000	208.0000	 14.6964	  0.0803	  2.9080
208.0000	208.0000	 14.7934	  0.0767	  3.1341
224.0000	208.0000	 14.7545	  0.0022	  2.3275
240.0000	208.0000	 14.7818	 -0.0030	  2.5295
256.0000	208.0000	 14.8297	 -0.0147	  2.7142
272.0000	208.0000	 14.6502	 -0.0113	  2.6482
288.0000	208.0000	 14.5189	 -0.0039	  1.9162
304.0000	208.0000	 14.5467	 -0.0073	  2.0943
320.0000	208.0000	 14.2780	 -0.0041	  1.5940
336.0000	208.0000	 14.4548	 -0.0012	  1.2797
352.0000	208.0000	 14.6077	  0.0047	  2.1237
368.0000	208.0000	 14.5713	  0.0390	  1.6403
384.0000	208.0000	 14.6195	 -0.0846	  1.2931
400.0000	208.0000	 14.6185	 -0.1975	  2.7088
416.0000	208.0000	 14.8401	 -0.1326	  2.7730
432.0000	208.0000	 14.5415	 -0.0156	  2.6630
448.0000	208.0000	 14.5100	  0.0071	  2.1874
464.0000	208.0000	 14.7556	  0.1074	  2.7692
480.0000	208.0000	 14.4461	  0.0514	  3.4551
496.0000	208.0000	 14.2853	  0.0416	  2.7106
 16.0000	224.0000	 15.2323	 -0.0604	  1.9868
 32.0000	224.0000	 15.1566	  0.0470	  1.9980
 48.0000	224.0000	 15.1871	  0.0262	  2.5053
 64.0000	224.0000	 15.2573	 -0.0984	  2.4867
 80.0000	224.0000	 15.1805	 -0.0875	  2.9574
 96.0000	224.0000	 15.0093	 -0.0898	  3.2004
112.0000	224.0000	 15.1103	 -0.0892	  2.7270
128.0000	224.0000	 15.2059	  0.0060	  2.1021
144.0000	224.0000	 15.1027	 -0.0053	  2.4466
160.0000	224.0000	 15.0602	  0.0067	  1.7484
176.0000	224.0000	 15.5665	  0.1047	  1.4282
192.0000	224.0000	 15.1387	  0.0696	  2.5880
208.0000	224.0000	 14.9483	  0.0622	  4.2974
224.0000	224.0000	 15.0080	 -0.0146	  2.9409
240.0000	224.0000	 15.1955	 -0.0507	  2.6424
256.0000	224.0000	 15.0984	  0.0057	  3.0421
272.0000	224.0000	 14.9496	 -0.0925	  2.1613
288.0000	224.0000	 14.9181	 -0.2558	  1.6620
304.0000	224.0000	 15.2065	  0.0038	  1.2820
320.0000	224.0000	-19.0074	 -9.4758	  1.0430
336.0000	224.0000	 15.1917	 -0.0112	  2.6968
352.0000	224.0000	 15.1967	 -0.0641	  2.8769
368.0000	224.0000	 15.3413	 -0.5774	  1.1304
384.0000	224.0000	 15.3208	 -0.0845	  1.8438
400.0000	224.0000	 15.1409	 -0.0112	  2.2709
416.0000	224.0000	 15.2461	 -0.1001	  2.1990
432.0000	224.0000	 15.2668	 -0.0794	  3.6524
448.0000	224.0000	 15.0577	  0.0226	  2.9741
464.0000	224.0000	 15.1998	 -0.0192	  2.4349
480.0000	224.0000	 15.0831	 -0.0853	  2.3810
496.0000	224.0000	 14.8530	 -0.0975	  1.9575
 16.0000	240.0000	 15.4206	  0.0065	  3.3454
 32.0000	240.0000	 15.4845	  0.0026	  3.5382
 48.0000	240.0000	 15.4222	 -0.0101	  4.1898
 64.0000	240.0000	 15.3392	 -0.0162	  3.3705
 80.0000	240.0000	 15.4866	 -0.0446	  2.6964
 96.0000	240.0000	 15.4150	 -0.0603	  3.2492
112.0000	240.0000	 15.2788	 -0.0308	  3.3754
128.0000	240.0000	 15.2668	 -0.0128	  2.6251
144.0000	240.0000	 15.3625	  0.0644	  2.5342
160.0000	240.0000	 15.3722	  0.1083	  2.0887
176.0000	240.0000	 15.5468	  0.0518	  2.4935
192.0000	240.0000	 15.3823	 -0.0186	  3.2132
208.0000	240.0000	 15.2089	 -0.0539	  4.0750
224.0000	240.0000	 15.3796	 -0.0473	  2.4315
240.0000	240.0000	 15.4387	 -0.0648	  2.9626
256.0000	240.0000	 15.4012	 -0.0468	  3.0307
272.0000	240.0000	 15.3874	 -0.0373	  3.2962
288.0000	240.0000	 15.4444	 -0.2006	  2.3216
304.0000	240.0000	 15.4121	 -0.1078	  1.5263
320.0000	240.0000	 15.4219	  0.0170	  3.0244
336.0000	240.0000	 15.4199	  0.0260	  2.7953
352.0000	240.0000	 15.4010	  0.0021	  2.0734
368.0000	240.0000	 15.4061	 -0.0410	  2.5200
384.0000	240.0000	 15.4228	  0.0319	  3.6622
400.0000	240.0000	 15.4173	  0.1001	  2.6870
416.0000	240.0000	 15.4729	 -0.0021	  2.8255
432.0000	240.0000	 15.3746	 -0.0859	  3.6900
448.0000	240.0000	 15.2575	 -0.1030	  2.7448
464.0000	240.0000	 15.4647	 -0.1327	  2.5896
480.0000	240.0000	 15.4645	 -0.0094	  2.1367
496.0000	240.0000	 15.4432	  0.0039	  1.5549
 16.0000	256.0000	 15.4900	  0.0619	  3.8968
 32.0000	256.0000	 15.4936	  0.0160	  2.8453
 48.0000	256.0000	 15.4746	 -0.0014	  4.3034
 64.0000	256.0000	 15.3832	 -0.0130	  3.4217
 80.0000	256.0000	 15.5850	  0.0957	  2.8100
 96.0000	256.0000	 15.4926	 -0.0575	  2.5850
112.0000	256.0000	 15.2535	 -0.0636	  2.7574
128.0000	256.0000	 15.3993	  0.0201	  2.0540
144.0000	256.0000	 15.5132	 -0.1217	  2.3321
160.0000	256.0000	 15.4741	  0.0504	  2.4728
176.0000	256.0000	 15.4656	 -0.0226	  2.2208
192.0000	256.0000	 15.4863	  0.0099	  2.6338
208.0000	256.0000	 15.4672	  0.0153	  3.6657
224.0000	256.0000	 15.4230	  0.0732	  1.9172
240.0000	256.0000	 15.5524	 -0.0527	  3.6298
256.0000	256.0000	 15.4740	 -0.0311	  3.7019
272.0000	256.0000	 15.3912	  0.0208	  3.9667
288.0000	256.0000	 15.4437	  0.0339	  3.2871
304.0000	256.0000	 15.4937	 -0.0406	  1.9362
320.0000	256.0000	 15.5528	  0.0080	  3.4949
336.0000	256.0000	 15.4513	 -0.0267	  3.5374
352.0000	256.0000	 15.3680	 -0.0061	  2.7866
368.0000	256.0000	 15.4487	  0.0245	  3.5179
384.0000	256.0000	 15.4641	 -0.0009	  3.5889
400.0000	256.0000	 15.4815	 -0.0439	  2.0940
416.0000	256.0000	 15.4866	  0.0291	  3.0065
432.0000	256.0000	 15.4976	  0.0978	  2.6191
448.0000	256.0000	 15.4926	  0.0109	  2.2550
464.0000	256.0000	 15.5025	 -0.0108	  2.5412
480.0000	256.0000	 15.5298	  0.0644	  2.0924
496.0000	256.0000	 15.4688	  0.1310	  1.2767
 16.0000	272.0000	 15.4633	  0.0075	  3.8829
 32.0000	272.0000	 15.3725	  0.0341	  2.6930
 48.0000	272.0000	 15.3844	 -0.0628	  3.3909
 64.0000	272.0000	 15.3462	 -0.0834	  3.5068
 80.0000	272.0000	 15.4591	 -0.0550	  2.8536
 96.0000	272.0000	 15.3662	 -0.0049	  2.1645
112.0000	272.0000	 15.1869	 -0.0944	  2.7562
128.0000	272.0000	 15.3475	 -0.1566	  2.6141
144.0000	272.0000	 15.3671	 -0.1219	  3.6395
160.0000	272.0000	 15.3805	 -0.1178	  2.7343
176.0000	272.0000	 15.3700	 -0.0334	  2.2747
192.0000	272.0000	 15.3440	 -0.2232	  2.0641
208.0000	272.0000	 15.3756	 -0.1139	  2.1419
224.0000	272.0000	 15.3932	  0.0644	  2.7789
240.0000	272.0000	 15.5210	  0.0308	  2.8397
256.0000	272.0000	 15.4491	  0.1249	  2.8267
272.0000	272.0000	 15.3201	 -0.0070	  2.1292
288.0000	272.0000	 15.4283	  0.0888	  1.5891
304.0000	272.0000	  7.1995	 13.1613	  1.0874
320.0000	272.0000	 15.6189	  0.0647	  1.2856
336.0000	272.0000	 15.3965	 -0.0251	  3.7599
352.0000	272.0000	 15.3216	 -0.0435	  3.7710
368.0000	272.0000	 15.4027	 -0.0656	  2.5537
384.0000	272.0000	 15.4044	  0.0014	  1.9931
400.0000	272.0000	 15.4171	 -0.0850	  1.7794
416.0000	272.0000	 15.4300	 -0.0871	  2.8621
432.0000	272.0000	 15.3896	 -0.0219	  3.1426
448.0000	272.0000	 15.3955	  0.0831	  2.9720
464.0000	272.0000	 15.4426	  0.0812	  2.5703
480.0000	272.0000	 15.4390	 -0.0141	  2.5698
496.0000	272.0000	 15.2989	 -0.0218	  1.8114
 16.0000	288.0000	 15.0426	 -0.0386	  3.2361
 32.0000	288.0000	 15.1245	 -0.0244	  2.7285
 48.0000	288.0000	 15.1164	 -0.0223	  3.2912
 64.0000	288.0000	 15.0462	 -0.0039	  2.9103
 80.0000	288.0000	 15.1170	  0.0273	  3.6888
 96.0000	288.0000	 15.1556	  0.0437	  2.9946
112.0000	288.0000	 15.1675	  0.0368	  3.1150
128.0000	288.0000	 15.1727	 -0.0220	  3.5947
144.0000	288.0000	 15.1667	 -0.0227	  4.2375
160.0000	288.0000	 15.1317	 -0.0283	  4.5211
176.0000	288.0000	 15.1346	 -0.0142	  2.7374
192.0000	288.0000	 15.1181	 -0.0217	  1.8711
208.0000	288.0000	 14.9300	 -0.0381	  2.6683
224.0000	288.0000	 15.1372	 -0.0028	  2.9491
240.0000	288.0000	 15.2813	  0.1169	  2.5399
256.0000	288.0000	 15.3526	  0.1778	  2.3426
272.0000	288.0000	 15.0969	  0.0037	  2.6274
288.0000	288.0000	 14.8751	 -0.0005	  2.5640
304.0000	288.0000	 14.6778	  0.0359	  1.1878
320.0000	288.0000	 15.3660	  0.0247	  1.3994
336.0000	288.0000	 15.1036	  0.0438	  2.7595
352.0000	288.0000	 15.0364	  0.0490	  2.6655
368.0000	288.0000	 15.0845	  0.0002	  2.0842
384.0000	288.0000	 15.0662	  0.0107	  2.8507
400.0000	288.0000	 15.2118	  0.0023	  3.2817
416.0000	288.0000	 15.2284	 -0.0078	  2.4036
432.0000	288.0000	 15.0480	 -0.0769	  2.4206
448.0000	288.0000	 15.0978	 -0.0906	  2.1876
464.0000	288.0000	 15.1054	  0.0113	  4.2193
480.0000	288.0000	 15.0343	  0.0116	  2.8417
496.0000	288.0000	 -1.3898	-30.9130	  1.0587
 16.0000	304.0000	 14.6987	 -0.0050	  3.9862
 32.0000	304.0000	 14.6419	 -0.0110	  4.5755
 48.0000	304.0000	 14.6864	  0.0543	  3.3635
 64.0000	304.0000	 14.6274	  0.0399	  2.0887
 80.0000	304.0000	 14.8324	 -0.0168	  2.4309
 96.0000	304.0000	 14.7245	  0.0307	  2.6974
112.0000	304.0000	 14.5976	  0.0913	  2.7866
128.0000	304.0000	 14.6762	  0.0784	  3.7333
144.0000	304.0000	 14.7425	  0.0959	  3.1816
160.0000	304.0000	 14.9273	  0.0841	  2.4473
176.0000	304.0000	 14.8066	 -0.0176	  2.8089
192.0000	304.0000	 14.6280	  0.1230	  2.2045
208.0000	304.0000	 14.7071	  0.1367	  2.0266
224.0000	304.0000	 14.7722	  0.0009	  2.2094
240.0000	304.0000	 14.6021	 -0.0013	  2.2831
256.0000	304.0000	 14.8325	 -0.0043	  1.6985
272.0000	304.0000	 15.0526	  0.0064	  1.8725
288.0000	304.0000	 14.8026	  0.0053	  2.5858
304.0000	304.0000	 14.6911	  0.0043	  1.9330
320.0000	304.0000	 14.6725	  0.0068	  3.0725
336.0000	304.0000	 14.6960	  0.0051	  3.0451
352.0000	304.0000	 14.6269	  0.0653	  2.9620
368.0000	304.0000	 14.5077	  0.0718	  2.4467
384.0000	304.0000	 14.6036	  0.0064	  3.4197
400.0000	304.0000	 14.6488	  0.0390	  3.2283
416.0000	304.0000	 14.6304	  0.0709	  2.3997
432.0000	304.0000	 14.5651	  0.0384	  3.5185
448.0000	304.0000	 14.5537	  0.0052	  2.2674
464.0000	304.0000	 14.7774	 -0.0327	  2.7232
480.0000	304.0000	 14.7411	 -0.0334	  3.1520
496.0000	304.0000	-27.7497	 -5.1826	  1.2386
 16.0000	320.0000	 14.2137	  0.0339	  3.0581
 32.0000	320.0000	 14.4579	  0.0348	  3.1718
 48.0000	320.0000	 14.2519	  0.0334	  2.9010
 64.0000	320.0000	 14.0639	  0.0484	  2.7842
 80.0000	320.0000	 14.1780	  0.0619	  2.2459
 96.0000	320.0000	 14.1666	  0.0680	  2.6984
112.0000	320.0000	 14.1185	  0.0334	  3.3920
128.0000	320.0000	 14.1468	 -0.0632	  3.4092
144.0000	320.0000	 13.9068	 -0.1145	  2.6453
160.0000	320.0000	 13.5085	 -0.0483	  1.8415
176.0000	320.0000	 13.9801	 -0.1438	  2.8706
192.0000	320.0000	 14.0121	 -0.1027	  2.5706
208.0000	320.0000	 13.9502	  0.0453	  1.7976
224.0000	320.0000	 13.9957	  0.0043	  2.3437
240.0000	320.0000	 13.9819	 -0.0280	  3.9252
256.0000	320.0000	 13.9264	 -0.0765	  2.4520
272.0000	320.0000	-43.9132	  6.2510	  1.2064
288.0000	320.0000	 13.6722	  0.0003	  1.1037
304.0000	320.0000	 14.1824	 -0.0151	  1.5654
320.0000	320.0000	 14.1170	 -0.0742	  3.3239
336.0000	320.0000	 14.1140	 -0.2058	  2.0444
352.0000	320.0000	 13.9310	 -0.1173	  2.8029
368.0000	320.0000	 13.8074	  0.0013	  3.9325
384.0000	320.0000	 13.8463	 -0.0459	  3.5481
400.0000	320.0000	 14.0854	 -0.0780	  2.4349
416.0000	320.0000	 14.0832	 -0.0013	  3.5935
432.0000	320.0000	 14.0847	  0.0347	  4.0961
448.0000	320.0000	 14.1454	  0.0976	  2.1404
464.0000	320.0000	 14.2007	  0.0704	  1.9953
480.0000	320.0000	 14.1752	  0.0690	  2.0124
496.0000	320.0000	-27.8013	 -4.8796	  1.0575
 16.0000	336.0000	 13.2641	  0.0031	  2.9743
 32.0000	336.0000	 13.7353	  0.0017	  1.6975
 48.0000	336.0000	 13.5908	 -0.0120	  2.2917
 64.0000	336.0000	 13.6262	  0.0056	  1.8218
 80.0000	336.0000	 13.9483	  0.0054	  1.3976
 96.0000	336.0000	 13.4613	  0.0406	  1.6714
112.0000	336.0000	 13.4220	  0.0354	  2.2194
128.0000	336.0000	 13.5501	  0.0605	  2.9602
144.0000	336.0000	 13.3309	 -0.0070	  2.6838
160.0000	336.0000	 13.0732	 -0.0572	  4.0270
176.0000	336.0000	 13.2728	 -0.0605	  3.7920
192.0000	336.0000	 13.4169	 -0.1693	  3.2935
208.0000	336.0000	 13.1215	 -0.2241	  1.8812
224.0000	336.0000	 13.5191	  0.0410	  2.8099
240.0000	336.0000	 13.2031	  0.0083	  3.2975
256.0000	336.0000	 12.9244	  0.0302	  3.2808
272.0000	336.0000	-43.9268	  6.2398	  1.0484
288.0000	336.0000	 13.1553	 -0.0111	  2.5805
304.0000	336.0000	 13.1189	  0.0060	  3.2416
320.0000	336.0000	 13.2074	  0.0009	  2.1735
336.0000	336.0000	 13.2745	  0.0166	  2.2636
352.0000	336.0000	 13.2226	  0.0192	  3.4170
368.0000	336.0000	 13.3905	 -0.0100	  3.1745
384.0000	336.0000	 13.5187	 -0.0022	  2.7773
400.0000	336.0000	 13.4353	 -0.0053	  1.7876
416.0000	336.0000	 13.4942	 -0.0441	  2.3839
432.0000	336.0000	 13.5676	  0.0673	  2.4093
448.0000	336.0000	 13.8031	 -0.2790	  1.2972
464.0000	336.0000	 13.4119	 -0.1549	  2.2516
480.0000	336.0000	 13.1470	 -0.1013	  1.6663
496.0000	336.0000	 -2.6184	 -7.7240	  1.1075
 16.0000	352.0000	 12.3662	 -0.0038	  3.0985
 32.0000	352.0000	 11.9018	 -0.0045	  2.4319
 48.0000	352.0000	 12.0770	  0.0174	  2.6015
 64.0000	352.0000	 12.2677	  0.0157	  1.5259
 80.0000	352.0000	 11.7654	 -0.0028	  1.5651
 96.0000	352.0000	 12.1239	 -0.0820	  2.3762
112.0000	352.0000	 12.3619	 -0.0404	  3.0826
128.0000	352.0000	 12.2818	  0.0647	  2.4210
144.0000	352.0000	 12.2685	  0.0980	  2.7007
160.0000	352.0000	 12.2280	  0.0307	  4.3168
176.0000	352.0000	 12.3346	  0.0347	  3.5361
192.0000	352.0000	 12.3722	  0.1242	  2.5884
208.0000	352.0000	 12.5051	 -0.1131	  1.8714
224.0000	352.0000	 12.6301	 -0.0431	  2.4187
240.0000	352.0000	 12.4691	 -0.0166	  3.0119
256.0000	352.0000	 12.4754	  0.0102	  2.6366
272.0000	352.0000	-23.8690	  9.0827	  1.0728
288.0000	352.0000	 12.6231	  0.0295	  2.2329
304.0000	352.0000	 12.6587	  0.0205	  3.4506
320.0000	352.0000	 12.6356	  0.1557	  2.1125
336.0000	352.0000	 13.0763	  0.2338	  2.0846
352.0000	352.0000	 12.7767	  0.1100	  2.5485
368.0000	352.0000	 11.9451	 -0.1301	  2.2914
384.0000	352.0000	 12.4409	 -0.0234	  2.3789
400.0000	352.0000	 12.2131	  0.0678	  1.8927
416.0000	352.0000	 11.9673	 -0.0217	  2.0693
432.0000	352.0000	 12.0169	 -0.0080	  1.7581
448.0000	352.0000	 11.8718	  0.0161	  2.5300
464.0000	352.0000	 12.3595	  0.0882	  2.6394
480.0000	352.0000	 12.4747	  0.0971	  2.2836
496.0000	352.0000	 11.6684	 -0.0139	  1.1959
 16.0000	368.0000	 11.1487	  0.0304	  3.1779
 32.0000	368.0000	 11.2782	  0.0260	  3.0019
 48.0000	368.0000	 11.5795	 -0.0013	  2.9901
 64.0000	368.0000	 11.5724	  0.0022	  1.7974
 80.0000	368.0000	 11.3951	  0.0082	  1.8379
 96.0000	368.0000	 11.4376	  0.0237	  2.9549
112.0000	368.0000	 11.5956	  0.0852	  3.4002
128.0000	368.0000	 11.3897	  0.0059	  3.3693
144.0000	368.0000	 11.1113	 -0.0403	  2.5500
160.0000	368.0000	 11.4316	 -0.0293	  2.7648
176.0000	368.0000	 11.6707	  0.0565	  3.4977
192.0000	368.0000	 11.2918	  0.1063	  2.1297
208.0000	368.0000	 10.9397	  0.0978	  3.2618
224.0000	368.0000	 10.7746	 -0.0332	  2.7203
240.0000	368.0000	 11.0027	 -0.0672	  2.4632
256.0000	368.0000	 10.9995	 -0.1773	  1.6924
272.0000	368.0000	 10.6253	 -0.1222	  1.6871
288.0000	368.0000	 11.1081	 -0.0992	  2.4439
304.0000	368.0000	 11.1249	 -0.0722	  2.9923
320.0000	368.0000	 10.8930	 -0.0138	  2.8045
336.0000	368.0000	 10.5629	 -0.0264	  1.9994
352.0000	368.0000	 10.5552	  0.0515	  2.3711
368.0000	368.0000	 10.8085	  0.0639	  2.7095
384.0000	368.0000	 11.5571	  0.0178	  1.6321
400.0000	368.0000	 11.3913	 -0.0092	  1.6508
416.0000	368.0000	 11.3101	 -0.0088	  2.0742
432.0000	368.0000	 11.5082	  0.0345	  1.4348
448.0000	368.0000	 11.7103	  0.1109	  3.1193
464.0000	368.0000	 11.6130	  0.2223	  2.8198
480.0000	368.0000	 11.3103	  0.0789	  1.7031
496.0000	368.0000	 11.2931	 -0.0065	  1.6041
 16.0000	384.0000	 10.3310	  0.0112	  1.6909
 32.0000	384.0000	 10.3500	  0.0456	  1.3035
 48.0000	384.0000	 10.6912	  0.0261	  1.0457
 64.0000	384.0000	 10.1397	 -0.0504	  1.6397
 80.0000	384.0000	  9.6714	 -0.0819	  1.9770
 96.0000	384.0000	 10.3510	  0.0096	  2.7931
112.0000	384.0000	 10.2639	 -0.0158	  2.5121
128.0000	384.0000	  9.5187	 -0.0369	  3.3879
144.0000	384.0000	  9.6573	 -0.0539	  2.8384
160.0000	384.0000	  9.5394	 -0.0532	  2.3949
176.0000	384.0000	  9.4390	 -0.1476	  1.9214
192.0000	384.0000	 10.3057	 -0.0726	  2.0784
208.0000	384.0000	 10.0970	 -0.0648	  2.3463
224.0000	384.0000	 10.1049	 -0.0035	  2.2770
240.0000	384.0000	  9.7212	 -0.0016	  2.7590
256.0000	384.0000	  9.7130	 -0.0144	  2.3774
272.0000	384.0000	 10.1072	  0.0302	  2.0803
288.0000	384.0000	  9.9751	  0.0014	  1.4169
304.0000	384.0000	 10.6317	  0.0801	  2.6470
320.0000	384.0000	 10.6411	  0.0697	  3.1649
336.0000	384.0000	 10.4676	  0.0386	  2.4823
352.0000	384.0000	 10.1085	  0.0038	  3.0128
368.0000	384.0000	  9.9200	  0.0488	  3.3155
384.0000	384.0000	  9.7106	  0.2000	  1.2270
400.0000	384.0000	  9.3391	 -0.0039	  1.1888
416.0000	384.0000	  9.3875	 -0.0080	  1.2506
432.0000	384.0000	  9.2148	 -0.1014	  1.7635
448.0000	384.0000	  9.1073	 -0.1504	  1.3275
464.0000	384.0000	 10.8412	  0.0206	  1.4733
480.0000	384.0000	  9.9321	 -0.0821	  2.5584
496.0000	384.0000	  9.1109	  0.0030	  2.1464
 16.0000	400.0000	  7.4073	 -0.0235	  1.0480
 32.0000	400.0000	  7.6410	  0.0032	  2.3770
 48.0000	400.0000	  7.5457	 -0.1460	  2.4852
 64.0000	400.0000	  8.2077	 -0.1149	  1.8979
 80.0000	400.0000	  8.7603	  0.0620	  1.7811
 96.0000	400.0000	  8.3492	  0.1621	  2.1970
112.0000	400.0000	  8.3706	  0.0860	  3.3279
128.0000	400.0000	  8.5793	 -0.0067	  3.1455
144.0000	400.0000	  8.9387	  0.0739	  2.6870
160.0000	400.0000	  8.3675	  0.0331	  2.7223
176.0000	400.0000	  8.2249	  0.0113	  2.9075
192.0000	400.0000	  7.9283	 -0.0137	  1.7886
208.0000	400.0000	  7.9113	  0.0064	  1.7751
224.0000	400.0000	  8.0133	  0.0186	  2.3108
240.0000	400.0000	  9.0185	  0.0795	  2.5971
256.0000	400.0000	  9.3597	  0.0844	  2.1560
272.0000	400.0000	  8.9341	 -0.0038	  1.0048
288.0000	400.0000	  8.6390	  0.0986	  1.0756
304.0000	400.0000	  8.2231	 -0.1404	  1.6192
320.0000	400.0000	  8.6772	  0.0349	  1.0329
336.0000	400.0000	  3.4271	-16.5602	  1.0209
352.0000	400.0000	  8.6499	 -0.0572	  2.5028
368.0000	400.0000	  8.6059	 -0.0676	  2.6612
384.0000	400.0000	  8.5328	 -0.0371	  1.7656
400.0000	400.0000	  8.4038	 -0.0184	  1.7531
416.0000	400.0000	  8.4925	 -0.0179	  1.7358
432.0000	400.0000	  7.7163	 -0.0031	  2.1542
448.0000	400.0000	  7.3946	 -0.0898	  2.6028
464.0000	400.0000	-11.3754	 -0.6625	  1.3051
480.0000	400.0000	  8.8688	  0.0218	  2.1732
496.0000	400.0000	  8.6285	  0.0113	  2.2471
 16.0000	416.0000	  6.3694	 -0.0003	  1.6343
 32.0000	416.0000	  6.8961	  0.0827	  2.8806
 48.0000	416.0000	  6.6727	  0.0598	  2.8241
 64.0000	416.0000	  6.2621	 -0.0073	  2.4188
 80.0000	416.0000	  5.6349	 -0.1509	  1.1537
 96.0000	416.0000	  7.3361	  0.0379	  1.2909
112.0000	416.0000	  7.6046	  0.0457	  1.4582
128.0000	416.0000	  7.9375	  0.1168	  1.5039
144.0000	416.0000	  5.9514	  0.0009	  1.7848
160.0000	416.0000	  6.8895	  0.1002	  2.1831
176.0000	416.0000	  7.6914	  0.2152	  2.8583
192.0000	416.0000	  6.7323	 -0.0509	  2.1333
208.0000	416.0000	  6.4079	 -0.2731	  2.2805
224.0000	416.0000	  6.4253	 -0.1494	  2.2455
240.0000	416.0000	  6.7260	  0.0224	  2.0522
256.0000	416.0000	 -9.5067	-29.5113	  1.2265
272.0000	416.0000	  6.4633	 -0.1346	  1.5087
288.0000	416.0000	  6.4524	 -0.0651	  2.2332
304.0000	416.0000	  6.4486	 -0.0077	  1.6582
320.0000	416.0000	  5.5654	 -0.1163	  1.6713
336.0000	416.0000	  6.0404	 -0.0471	  3.3482
352.0000	416.0000	  6.7010	  0.0856	  2.6776
368.0000	416.0000	  6.5298	  0.1427	  2.6074
384.0000	416.0000	  6.1652	  0.1088	  2.9431
400.0000	416.0000	  7.2214	 -0.0010	  1.4628
416.0000	416.0000	  7.0806	 -0.0905	  1.6253
432.0000	416.0000	  6.7077	 -0.0919	  1.8461
448.0000	416.0000	  6.6226	 -0.0135	  2.8043
464.0000	416.0000	  6.0587	 -0.0697	  1.9324
480.0000	416.0000	  6.9201	 -0.0786	  1.7205
496.0000	416.0000	  7.5667	  0.0004	  1.4029
 16.0000	432.0000	  4.3553	 -0.0707	  1.7578
 32.0000	432.0000	  4.7351	  0.0189	  1.8996
 48.0000	432.0000	  5.2580	  0.0688	  2.1837
 64.0000	432.0000	  5.6300	  0.2364	  1.8568
 80.0000	432.0000	  4.5138	  0.0049	  1.8427
 96.0000	432.0000	  4.1206	 -0.0039	  2.7888
112.0000	432.0000	  4.2007	 -0.0053	  1.5676
128.0000	432.0000	  4.5016	 -0.0304	  2.5271
144.0000	432.0000	  5.1589	 -0.0266	  2.1482
160.0000	432.0000	  5.5611	  0.0465	  1.5690
176.0000	432.0000	  4.2313	 -0.0264	  1.8109
192.0000	432.0000	  4.8632	  0.0261	  2.1870
208.0000	432.0000	  4.9497	 -0.0074	  2.8278
224.0000	432.0000	  5.0164	 -0.0240	  3.2917
240.0000	432.0000	  4.7949	 -0.0007	  2.3079
256.0000	432.0000	  3.6377	 -0.0273	  1.7868
272.0000	432.0000	  4.8229	 -0.0068	  1.8283
288.0000	432.0000	  4.9054	  0.0056	  3.0178
304.0000	432.0000	  4.3981	  0.0352	  2.3085
320.0000	432.0000	  4.7732	  0.0951	  3.1527
336.0000	432.0000	  5.6741	 -0.0382	  2.6635
352.0000	432.0000	  6.0788	  0.0148	  2.6710
368.0000	432.0000	  5.7935	  0.0402	  2.4810
384.0000	432.0000	  5.3311	 -0.0271	  2.3530
400.0000	432.0000	  4.3149	 -0.0147	  2.1591
416.0000	432.0000	  4.2962	  0.0181	  1.7186
432.0000	432.0000	  4.4681	  0.0869	  1.9044
448.0000	432.0000	  4.9557	  0.0107	  2.3629
464.0000	432.0000	  5.3873	  0.0076	  2.5032
480.0000	432.0000	  4.9906	  0.0286	  2.0495
496.0000	432.0000	-25.0812	-12.8381	  1.0133
 16.0000	448.0000	  2.8664	  0.0493	  2.2209
 32.0000	448.0000	  2.6216	  0.0583	  1.9474
 48.0000	448.0000	  2.4829	 -0.0455	  1.3178
 64.0000	448.0000	  2.1304	 -0.0308	  2.7703
 80.0000	448.0000	  2.3726	 -0.0403	  2.3405
 96.0000	448.0000	  3.0498	 -0.0101	  2.0688
112.0000	448.0000	  3.5736	 -0.0651	  1.3534
128.0000	448.0000	  4.2269	  0.0884	  1.5618
144.0000	448.0000	  3.4481	  0.0230	  1.8815
160.0000	448.0000	  2.6621	 -0.0100	  1.9330
176.0000	448.0000	  3.7955	 -0.0592	  1.7781
192.0000	448.0000	  2.4938	 -0.0221	  1.5491
208.0000	448.0000	  2.3843	 -0.0162	  1.8331
224.0000	448.0000	  4.0049	  0.1517	  1.7367
240.0000	448.0000	  3.4267	 -0.0497	  2.1748
256.0000	448.0000	  2.7626	 -0.0169	  2.1321
272.0000	448.0000	  3.8366	  0.0511	  1.3089
288.0000	448.0000	  4.0383	  0.0534	  2.0466
304.0000	448.0000	  3.5612	  0.0522	  2.1062
320.0000	448.0000	  3.5692	  0.0548	  2.3767
336.0000	448.0000	  2.7653	  0.0007	  1.6393
352.0000	448.0000	  2.1562	 -0.0510	  1.6072
368.0000	448.0000	-40.2528	 17.5883	  1.0562
384.0000	448.0000	  2.6353	 -0.0516	  2.6411
400.0000	448.0000	  2.8827	 -0.0419	  2.6345
416.0000	448.0000	  3.4744	  0.0451	  1.8375
432.0000	448.0000	  3.6326	 -0.0886	  1.6802
448.0000	448.0000	  3.9102	 -0.1590	  1.6697
464.0000	448.0000	  3.0641	  0.1147	  1.7354
480.0000	448.0000	  2.5391	  0.1322	  2.0562
496.0000	448.0000	  2.2026	  0.0780	  2.1664
 16.0000	464.0000	  1.6896	  0.1150	  1.5071
 32.0000	464.0000	  1.5955	  0.0500	  1.5397
 48.0000	464.0000	  1.3969	  0.0448	  1.6123
 64.0000	464.0000	  1.7479	  0.0430	  2.6175
 80.0000	464.0000	  1.4119	  0.0534	  2.9737
 96.0000	464.0000	  0.6885	  0.0819	  3.2346
112.0000	464.0000	  0.7830	  0.0328	  2.1841
128.0000	464.0000	  0.4374	 -0.0377	  1.5309
144.0000	464.0000	  0.7726	  0.1237	  1.8737
160.0000	464.0000	  1.3464	  0.0394	  1.9074
176.0000	464.0000	  1.0221	  0.0321	  1.9449
192.0000	464.0000	  1.3597	  0.0746	  2.8129
208.0000	464.0000	  1.0494	  0.0969	  2.7553
224.0000	464.0000	  0.4141	  0.0186	  2.6679
240.0000	464.0000	  0.6840	 -0.0249	  2.2454
256.0000	464.0000	  1.1425	 -0.0694	  1.4012
272.0000	464.0000	  0.4697	 -0.0057	  2.3319
288.0000	464.0000	  0.2551	 -0.0089	  2.6264
304.0000	464.0000	  1.1323	 -0.0076	  1.8680
320.0000	464.0000	  0.6733	 -0.1606	  2.0821
336.0000	464.0000	  1.2283	 -0.1343	  2.1313
352.0000	464.0000	  1.7204	  0.0140	  2.1149
368.0000	464.0000	  0.3405	 -0.1621	  1.6207
384.0000	464.0000	  1.9145	  0.0125	  2.3141
400.0000	464.0000	  1.9950	  0.0202	  1.8772
416.0000	464.0000	  1.0712	 -0.0156	  1.7338
432.0000	464.0000	  0.9192	  0.0310	  2.1347
448.0000	464.0000	  0.5401	  0.0364	  2.2733
464.0000	464.0000	  1.2086	 -0.0745	  2.2198
480.0000	464.0000	  1.5180	  0.0136	  2.2567
496.0000	464.0000	  1.1665	  0.1474	  2.0400
 16.0000	480.0000	  0.0129	 -0.0452	  2.2437
 32.0000	480.0000	-34.1501	  2.7670	  1.0169
 48.0000	480.0000	  0.0069	  0.0034	  1.7523
 64.0000	480.0000	  0.0304	  0.0272	  2.8659
 80.0000	480.0000	  0.0764	  0.0962	  2.8902
 96.0000	480.0000	  0.1078	  0.0629	  2.6999
112.0000	480.0000	  0.1632	  0.0008	  1.3194
128.0000	480.0000	  0.1279	 -0.0227	  2.6821
144.0000	480.0000	  0.0919	 -0.0179	  3.3520
160.0000	480.0000	  0.1226	  0.0467	  2.4517
176.0000	480.0000	  0.1527	  0.0658	  2.4287
192.0000	480.0000	  0.2389	 -0.0327	  2.0413
208.0000	480.0000	  0.2005	 -0.0247	  2.2664
224.0000	480.0000	  0.1012	  0.0501	  2.5172
240.0000	480.0000	  0.0760	  0.0779	  2.3892
256.0000	480.0000	  0.0198	 -0.0052	  1.6695
272.0000	480.0000	  0.0985	 -0.0281	  2.9511
288.0000	480.0000	  0.1545	 -0.0132	  3.5609
304.0000	480.0000	  0.0946	 -0.0079	  1.8153
320.0000	480.0000	  0.0204	 -0.0072	  2.3988
336.0000	480.0000	 -0.0008	  0.0005	  2.8301
352.0000	480.0000	  0.1956	 -0.0463	  2.1587
368.0000	480.0000	  0.1147	 -0.0238	  2.1836
384.0000	480.0000	  0.0003	 -0.0175	  2.4294
400.0000	480.0000	  0.0427	 -0.0448	  1.5096
416.0000	480.0000	  0.1563	  0.0092	  1.7613
432.0000	480.0000	  0.1500	  0.0013	  3.6622
448.0000	480.0000	  0.0975	 -0.0310	  3.4863
464.0000	480.0000	 -0.0373	 -0.1153	  2.6364
480.0000	480.0000	 -0.0362	 -0.1152	  1.7558
496.0000	480.0000	  0.1343	  0.0078	  1.6634
 16.0000	496.0000	  0.0001	 -0.0005	  3.0177
 32.0000	496.0000	  0.0000	  0.0000	  1.6802
 48.0000	496.0000	 -0.0014	 -0.0015	  2.4275
 64.0000	496.0000	  0.0064	 -0.0029	  2.8852
 80.0000	496.0000	  0.0009	  0.0102	  2.3927
 96.0000	496.0000	 -0.0101	  0.0121	  2.6963
112.0000	496.0000	 -0.0011	  0.0083	  1.1602
128.0000	496.0000	  0.0047	  0.0023	  2.5618
144.0000	496.0000	  0.0611	  0.0149	  4.2523
160.0000	496.0000	 -0.0068	  0.0206	  1.9388
176.0000	496.0000	 -0.1598	  0.0001	  2.1417
192.0000	496.0000	  0.1104	  0.0846	  2.1814
208.0000	496.0000	  0.0265	  0.0635	  2.8593
224.0000	496.0000	 -0.1147	  0.0023	  1.9492
240.0000	496.0000	 -0.0363	  0.0801	  2.0998
256.0000	496.0000	  0.0171	  0.0631	  1.6940
272.0000	496.0000	 -0.0034	  0.0016	  1.5728
288.0000	496.0000	 -0.0039	  0.0052	  2.6830
304.0000	496.0000	  0.0001	  0.0050	  3.7300
320.0000	496.0000	 -0.0158	  0.1407	  2.2296
336.0000	496.0000	  0.0503	  0.1385	  3.0363
352.0000	496.0000	  0.0229	  0.0064	  2.4331
368.0000	496.0000	 -0.0205	  0.0351	  3.7791
384.0000	496.0000	  0.0856	  0.0225	  4.4467
400.0000	496.0000	  0.0031	  0.0077	  3.5985
416.0000	496.0000	 -0.1663	  0.0101	  3.4119
432.0000	496.0000	 -0.0075	  0.0135	  2.6780
448.0000	496.0000	  0.2296	  0.0235	  2.0603
464.0000	496.0000	  0.0015	  0.0057	  1.5407
480.0000	496.0000	 -0.1988	  0.0125	  2.3182
496.0000	496.0000	  0.0000	  0.0323	  3.8327
