 16.0000	496.0000	  0.1864	 -0.0344	  0.0000
 32.0000	496.0000	  0.1864	 -0.0344	  0.0000
 48.0000	496.0000	  0.0000	 -0.0000	  0.0000
 64.0000	496.0000	  0.2579	 -0.0349	  0.0000
 80.0000	496.0000	  0.0000	 -0.0000	  0.0000
 96.0000	496.0000	  0.0000	 -0.0000	  0.0000
112.0000	496.0000	  0.0000	 -0.0000	  0.0000
128.0000	496.0000	  0.4854	 -0.0171	  0.0000
144.0000	496.0000	  0.0000	 -0.0000	  0.0000
160.0000	496.0000	  0.0000	 -0.0000	  0.0000
176.0000	496.0000	  0.0000	 -0.0000	  0.0000
192.0000	496.0000	  0.0000	 -0.0000	  0.0000
208.0000	496.0000	  0.0000	 -0.0000	  0.0000
224.0000	496.0000	  0.0000	 -0.0000	  0.0000
240.0000	496.0000	  0.0000	 -0.0000	  0.0000
256.0000	496.0000	  0.0000	 -0.0000	  0.0000
272.0000	496.0000	  0.0000	 -0.0000	  0.0000
288.0000	496.0000	  0.3061	 -0.0004	  0.0000
304.0000	496.0000	  0.0000	 -0.0000	  0.0000
320.0000	496.0000	  0.0000	 -0.0000	  0.0000
336.0000	496.0000	  0.0000	 -0.0000	  0.0000
352.0000	496.0000	  0.0000	 -0.0000	  0.0000
368.0000	496.0000	  0.0000	 -0.0000	  0.0000
384.0000	496.0000	  0.3011	 -0.0051	  0.0000
400.0000	496.0000	  0.0000	 -0.0000	  0.0000
416.0000	496.0000	  0.0000	 -0.0000	  0.0000
432.0000	496.0000	  0.0000	 -0.0000	  0.0000
448.0000	496.0000	  0.0000	 -0.0000	  0.0000
464.0000	496.0000	  0.0000	 -0.0000	  0.0000
480.0000	496.0000	  0.0000	 -0.0000	  0.0000
496.0000	496.0000	  0.0000	 -0.0000	  0.0000
 16.0000	480.0000	  0.2536	 -0.0322	  0.0000
 32.0000	480.0000	  0.2362	 -0.0314	  0.0000
 48.0000	480.0000	  0.0005	  0.0001	  0.0000
 64.0000	480.0000	  0.2608	 -0.0346	  0.0000
 80.0000	480.0000	  0.0021	  0.0003	  0.0000
 96.0000	480.0000	  0.1188	 -0.9872	  0.0000
112.0000	480.0000	  0.0120	 -0.0001	  0.0000
128.0000	480.0000	  0.5154	 -0.0173	  0.0000
144.0000	480.0000	  0.0490	 -0.0001	  0.0000
160.0000	480.0000	  0.6482	 -0.9343	  0.0000
176.0000	480.0000	  0.0065	 -0.0001	  0.0000
192.0000	480.0000	  0.3380	 -0.9819	  0.0000
208.0000	480.0000	  0.0856	 -0.0110	  0.0000
224.0000	480.0000	  0.3617	 -0.7159	  0.0000
240.0000	480.0000	  0.1272	  0.0096	  0.0000
256.0000	480.0000	  0.2826	 -0.8481	  0.0000
272.0000	480.0000	  0.0223	 -0.0005	  0.0000
288.0000	480.0000	  0.3444	 -0.0009	  0.0000
304.0000	480.0000	  0.0338	 -0.0000	  0.0000
320.0000	480.0000	  0.4892	 -0.9543	  0.0000
336.0000	480.0000	  0.0150	 -0.0000	  0.0000
352.0000	480.0000	  0.3884	 -0.9624	  0.0000
368.0000	480.0000	  0.0698	  0.0026	  0.0000
384.0000	480.0000	  0.4005	 -0.0018	  0.0000
400.0000	480.0000	  0.0061	  0.0009	  0.0000
416.0000	480.0000	  0.3359	 -0.9414	  0.0000
432.0000	480.0000	  0.0056	  0.0001	  0.0000
448.0000	480.0000	  0.2488	 -0.8969	  0.0000
464.0000	480.0000	  0.0055	 -0.0006	  0.0000
480.0000	480.0000	  0.2569	 -0.9548	  0.0000
496.0000	480.0000	  0.0617	  0.0052	  0.0000
 16.0000	464.0000	  0.2639	  0.0037	  0.0000
 32.0000	464.0000	  0.1165	  0.0044	  0.0000
 48.0000	464.0000	  0.3140	 -0.0380	  0.0000
 64.0000	464.0000	  0.9188	  0.0007	  0.0000
 80.0000	464.0000	  1.2753	  0.0415	  0.0000
 96.0000	464.0000	  0.8914	  0.0019	  0.0000
112.0000	464.0000	  1.1749	 -0.8119	  0.0000
128.0000	464.0000	  1.1900	 -0.0046	  0.0000
144.0000	464.0000	  1.6960	 -0.8824	  0.0000
160.0000	464.0000	  1.3110	  0.0139	  0.0000
176.0000	464.0000	  1.8453	 -0.1955	  0.0000
192.0000	464.0000	  0.8760	  0.0013	  0.0000
208.0000	464.0000	  0.8336	 -0.2323	  0.0000
224.0000	464.0000	  0.6409	  0.0038	  0.0000
240.0000	464.0000	  1.0910	 -0.1184	  0.0000
256.0000	464.0000	  0.7958	 -0.0003	  0.0000
272.0000	464.0000	  0.8563	 -0.1631	  0.0000
288.0000	464.0000	  0.9674	  0.0126	  0.0000
304.0000	464.0000	  1.5081	 -0.1392	  0.0000
320.0000	464.0000	  1.4865	  0.0421	  0.0000
336.0000	464.0000	  1.8566	 -0.0889	  0.0000
352.0000	464.0000	  0.9102	  0.0312	  0.0000
368.0000	464.0000	  0.8077	 -0.1828	  0.0000
384.0000	464.0000	  0.7185	 -0.0056	  0.0000
400.0000	464.0000	  1.4135	 -0.1930	  0.0000
416.0000	464.0000	  1.4501	 -0.0041	  0.0000
432.0000	464.0000	  1.2207	 -0.2282	  0.0000
448.0000	464.0000	  1.2075	  0.0036	  0.0000
464.0000	464.0000	  2.2968	 -0.2230	  0.0000
480.0000	464.0000	  1.3907	  0.0106	  0.0000
496.0000	464.0000	  0.8120	 -0.0580	  0.0000
 16.0000	448.0000	  4.3668	 -0.0133	  0.0000
 32.0000	448.0000	  4.3763	 -0.0101	  0.0000
 48.0000	448.0000	  4.6070	 -0.0002	  0.0000
 64.0000	448.0000	  3.7934	 -0.0113	  0.0000
 80.0000	448.0000	  2.8854	 -0.0127	  0.0000
 96.0000	448.0000	  3.6123	 -0.9572	  0.0000
112.0000	448.0000	  2.9477	 -0.0184	  0.0000
128.0000	448.0000	  3.7413	 -0.9877	  0.0000
144.0000	448.0000	  2.7754	  0.0349	  0.0000
160.0000	448.0000	  3.2459	 -0.9958	  0.0000
176.0000	448.0000	  2.3165	 -0.0084	  0.0000
192.0000	448.0000	  4.6522	 -0.9719	  0.0000
208.0000	448.0000	  4.7152	 -0.0068	  0.0000
224.0000	448.0000	  1.9086	 -0.7110	  0.0000
240.0000	448.0000	  1.8911	  0.0046	  0.0000
256.0000	448.0000	  2.9704	 -0.7054	  0.0000
272.0000	448.0000	  3.1330	  0.0412	  0.0000
288.0000	448.0000	  2.1909	 -0.7677	  0.0000
304.0000	448.0000	  2.3924	 -0.3799	  1.0000
320.0000	448.0000	  2.4888	 -0.7821	  0.0000
336.0000	448.0000	  1.7568	 -0.0111	  0.0000
352.0000	448.0000	  1.4630	 -0.8991	  0.0000
368.0000	448.0000	  2.9444	  0.0621	  0.0000
384.0000	448.0000	  2.5456	 -0.4407	  1.0000
400.0000	448.0000	  2.8101	  0.0225	  0.0000
416.0000	448.0000	  2.9649	 -0.9481	  0.0000
432.0000	448.0000	  2.6431	 -0.0085	  0.0000
448.0000	448.0000	  3.3320	 -0.9788	  0.0000
464.0000	448.0000	  3.5831	 -0.0102	  0.0000
480.0000	448.0000	  4.1338	 -0.0159	  0.0000
496.0000	448.0000	  2.9328	 -0.0350	  0.0000
 16.0000	432.0000	  2.5000	  0.0000	  0.0000
 32.0000	432.0000	  2.5000	  0.0000	  0.0000
 48.0000	432.0000	  5.3751	 -0.0632	  0.0000
 64.0000	432.0000	  5.2769	  0.0035	  0.0000
 80.0000	432.0000	  3.9040	  0.0087	  0.0000
 96.0000	432.0000	  4.2451	  0.0320	  0.0000
112.0000	432.0000	  5.4176	 -0.0317	  0.0000
128.0000	432.0000	  4.7285	  0.0224	  0.0000
144.0000	432.0000	  5.6166	 -0.0099	  0.0000
160.0000	432.0000	  4.2286	  0.0006	  0.0000
176.0000	432.0000	  4.5219	 -0.2485	  0.0000
192.0000	432.0000	  4.9536	 -0.0032	  0.0000
208.0000	432.0000	  5.1431	 -0.4876	  0.0000
224.0000	432.0000	  5.7694	 -0.4541	  0.0000
240.0000	432.0000	  5.9293	 -0.4290	  0.0000
256.0000	432.0000	  4.2094	  0.0460	  0.0000
272.0000	432.0000	  4.2259	 -0.4274	  0.0000
288.0000	432.0000	  4.0319	 -0.5050	  0.0000
304.0000	432.0000	  5.2956	 -0.4615	  0.0000
320.0000	432.0000	  4.5966	 -0.0082	  0.0000
336.0000	432.0000	  5.1153	 -0.4925	  0.0000
352.0000	432.0000	  5.6891	 -0.4871	  0.0000
368.0000	432.0000	  5.1501	 -0.4712	  0.0000
384.0000	432.0000	  4.4695	 -0.0065	  0.0000
400.0000	432.0000	  4.6552	 -0.3155	  0.0000
416.0000	432.0000	  3.7857	 -0.0120	  0.0000
432.0000	432.0000	  4.3985	 -0.1409	  1.0000
448.0000	432.0000	  4.5727	  0.0037	  0.0000
464.0000	432.0000	  4.5804	 -0.2397	  0.0000
480.0000	432.0000	  5.0686	 -0.0468	  0.0000
496.0000	432.0000	  4.6896	 -0.0265	  0.0000
 16.0000	416.0000	  4.9395	 -0.0183	  1.0000
 32.0000	416.0000	  5.0000	  0.0000	  0.0000
 48.0000	416.0000	  5.0000	  0.0000	  0.0000
 64.0000	416.0000	  7.6929	  0.0418	  0.0000
 80.0000	416.0000	  7.7096	  0.0352	  0.0000
 96.0000	416.0000	  5.6729	 -0.2347	  0.0000
112.0000	416.0000	  6.3640	 -0.0021	  0.0000
128.0000	416.0000	  6.9661	 -0.0349	  0.0000
144.0000	416.0000	  6.5467	  0.0037	  0.0000
160.0000	416.0000	  7.4470	 -0.0224	  0.0000
176.0000	416.0000	  8.0831	  0.0065	  0.0000
192.0000	416.0000	  8.2517	 -0.0501	  0.0000
208.0000	416.0000	  7.7936	 -0.5311	  0.0000
224.0000	416.0000	  7.4293	 -0.1926	  0.0000
240.0000	416.0000	  6.1337	 -0.4670	  0.0000
256.0000	416.0000	  5.9382	 -0.1365	  0.0000
272.0000	416.0000	  6.6771	 -0.5197	  0.0000
288.0000	416.0000	  7.5571	 -0.1777	  0.0000
304.0000	416.0000	  6.8071	 -0.5127	  0.0000
320.0000	416.0000	  6.9299	 -0.1211	  0.0000
336.0000	416.0000	  7.0387	 -0.5368	  0.0000
352.0000	416.0000	  7.0602	 -0.0177	  0.0000
368.0000	416.0000	  6.4987	 -0.4113	  0.0000
384.0000	416.0000	  7.0051	 -0.8251	  0.0000
400.0000	416.0000	  6.0187	  0.0772	  0.0000
416.0000	416.0000	  7.2660	 -0.7251	  0.0000
432.0000	416.0000	  6.6358	  0.0417	  0.0000
448.0000	416.0000	  6.2675	 -0.8944	  0.0000
464.0000	416.0000	  7.4614	  0.0111	  0.0000
480.0000	416.0000	  7.5834	 -0.0503	  0.0000
496.0000	416.0000	  7.9807	 -0.0245	  1.0000
 16.0000	400.0000	  8.1070	 -0.0094	  0.0000
 32.0000	400.0000	  8.7710	 -0.0495	  0.0000
 48.0000	400.0000	  8.3487	 -0.0419	  0.0000
 64.0000	400.0000	  8.8479	  0.0425	  0.0000
 80.0000	400.0000	  9.6531	 -0.1786	  0.0000
 96.0000	400.0000	  9.6615	 -0.0037	  0.0000
112.0000	400.0000	  8.9330	 -0.1290	  0.0000
128.0000	400.0000	  9.2097	  0.0004	  0.0000
144.0000	400.0000	  9.4211	 -0.0513	  0.0000
160.0000	400.0000	  8.7550	  0.0064	  0.0000
176.0000	400.0000	  9.3838	 -0.0155	  0.0000
192.0000	400.0000	  8.7646	 -0.0483	  0.0000
208.0000	400.0000	  8.9678	 -0.3142	  0.0000
224.0000	400.0000	  8.9577	 -0.5002	  0.0000
240.0000	400.0000	  9.2887	 -0.5323	  0.0000
256.0000	400.0000	  8.7234	  0.0165	  0.0000
272.0000	400.0000	  8.8794	 -0.5793	  0.0000
288.0000	400.0000	  8.5994	 -0.5342	  0.0000
304.0000	400.0000	  9.2502	 -0.2991	  0.0000
320.0000	400.0000	  8.6814	 -0.0291	  0.0000
336.0000	400.0000	  8.6478	 -0.2775	  0.0000
352.0000	400.0000	  8.1712	 -0.5873	  0.0000
368.0000	400.0000	  8.5337	 -0.3402	  0.0000
384.0000	400.0000	  8.2366	 -0.0436	  0.0000
400.0000	400.0000	  8.5390	 -0.2394	  0.0000
416.0000	400.0000	  8.2663	 -0.0905	  0.0000
432.0000	400.0000	  8.5136	 -0.5297	  0.0000
448.0000	400.0000	  8.9074	 -0.4798	  0.0000
464.0000	400.0000	  7.9778	 -0.2603	  0.0000
480.0000	400.0000	  8.2448	 -0.0010	  0.0000
496.0000	400.0000	  8.5694	  0.0013	  0.0000
 16.0000	384.0000	 10.2177	 -0.1347	  0.0000
 32.0000	384.0000	 10.4245	 -0.1371	  0.0000
 48.0000	384.0000	 10.1696	 -0.0122	  0.0000
 64.0000	384.0000	 10.0884	 -0.1753	  0.0000
 80.0000	384.0000	 10.6715	 -0.0190	  0.0000
 96.0000	384.0000	 10.6477	 -0.0644	  0.0000
112.0000	384.0000	 10.2820	 -0.0634	  1.0000
128.0000	384.0000	 10.4471	 -0.1723	  0.0000
144.0000	384.0000	  9.3619	  0.0021	  0.0000
160.0000	384.0000	 10.6176	 -0.9631	  0.0000
176.0000	384.0000	 10.2604	  0.0005	  0.0000
192.0000	384.0000	 10.7461	 -0.0474	  0.0000
208.0000	384.0000	 10.3509	 -0.0134	  0.0000
224.0000	384.0000	 10.3059	  0.0043	  0.0000
240.0000	384.0000	  9.1437	  0.0061	  0.0000
256.0000	384.0000	 10.7361	 -0.8652	  0.0000
272.0000	384.0000	 10.1253	  0.0425	  0.0000
288.0000	384.0000	 10.0351	 -0.8273	  0.0000
304.0000	384.0000	  9.7229	  0.0615	  0.0000
320.0000	384.0000	 10.6065	 -0.6456	  0.0000
336.0000	384.0000	 10.3516	  0.0191	  0.0000
352.0000	384.0000	 10.0625	 -0.8473	  0.0000
368.0000	384.0000	  9.8332	  0.0762	  0.0000
384.0000	384.0000	 10.2099	 -0.0163	  0.0000
400.0000	384.0000	 10.7111	  0.0042	  0.0000
416.0000	384.0000	 10.6626	 -0.1381	  0.0000
432.0000	384.0000	  9.5660	 -0.5095	  0.0000
448.0000	384.0000	 10.6876	 -0.1648	  0.0000
464.0000	384.0000	 10.0156	 -0.5025	  0.0000
480.0000	384.0000	 10.2850	 -0.8552	  0.0000
496.0000	384.0000	  9.8622	  0.0133	  0.0000
 16.0000	368.0000	 11.5446	  0.0055	  0.0000
 32.0000	368.0000	 11.1357	  0.0053	  0.0000
 48.0000	368.0000	 10.6108	 -0.1098	  0.0000
 64.0000	368.0000	 10.6887	 -0.0123	  0.0000
 80.0000	368.0000	 10.8107	 -0.0870	  0.0000
 96.0000	368.0000	 10.6597	 -0.0038	  0.0000
112.0000	368.0000	 11.7099	 -0.2184	  0.0000
128.0000	368.0000	 12.1628	  0.0023	  0.0000
144.0000	368.0000	 11.4349	 -0.0630	  0.0000
160.0000	368.0000	 11.1975	 -0.0174	  0.0000
176.0000	368.0000	 10.9656	 -0.0346	  0.0000
192.0000	368.0000	 11.5022	 -0.0018	  0.0000
208.0000	368.0000	 11.3317	 -0.0084	  0.0000
224.0000	368.0000	 10.4404	  0.0017	  0.0000
240.0000	368.0000	 12.7301	 -0.2168	  0.0000
256.0000	368.0000	 11.6060	 -0.0131	  0.0000
272.0000	368.0000	 12.1028	 -0.4807	  0.0000
288.0000	368.0000	 11.4175	 -0.5048	  0.0000
304.0000	368.0000	 11.7355	 -0.2345	  0.0000
320.0000	368.0000	 11.0631	 -0.0188	  0.0000
336.0000	368.0000	 11.6477	 -0.0110	  0.0000
352.0000	368.0000	 11.1567	  0.0156	  0.0000
368.0000	368.0000	 11.7715	  0.0088	  0.0000
384.0000	368.0000	 10.8583	  0.0053	  0.0000
400.0000	368.0000	 11.4040	 -0.0037	  0.0000
416.0000	368.0000	 11.0538	 -0.0029	  0.0000
432.0000	368.0000	 11.3137	 -0.2854	  0.0000
448.0000	368.0000	 11.4163	 -0.4978	  0.0000
464.0000	368.0000	 11.0991	 -0.2529	  0.0000
480.0000	368.0000	 11.1676	  0.0083	  0.0000
496.0000	368.0000	 11.2129	  0.0410	  0.0000
 16.0000	352.0000	 12.1828	 -0.0159	  0.0000
 32.0000	352.0000	 12.5190	  0.0068	  0.0000
 48.0000	352.0000	 12.6242	 -0.0218	  0.0000
 64.0000	352.0000	 12.5611	 -0.0508	  0.0000
 80.0000	352.0000	 12.1377	 -0.0523	  0.0000
 96.0000	352.0000	 12.9463	 -0.1589	  0.0000
112.0000	352.0000	 11.9352	  0.0021	  0.0000
128.0000	352.0000	 12.7198	 -0.9251	  0.0000
144.0000	352.0000	 12.4351	 -0.0049	  0.0000
160.0000	352.0000	 12.4222	 -0.0957	  0.0000
176.0000	352.0000	 12.5914	 -0.0347	  0.0000
192.0000	352.0000	 12.5408	 -0.6987	  0.0000
208.0000	352.0000	 12.6690	  0.0540	  0.0000
224.0000	352.0000	 13.2540	 -0.8552	  0.0000
240.0000	352.0000	 13.0660	  0.0365	  0.0000
256.0000	352.0000	 12.6225	 -0.9260	  0.0000
272.0000	352.0000	 12.6349	 -0.5057	  0.0000
288.0000	352.0000	 13.0880	 -0.1046	  0.0000
304.0000	352.0000	 12.0768	 -0.5005	  0.0000
320.0000	352.0000	 12.5494	 -0.0145	  0.0000
336.0000	352.0000	 12.4038	  0.0041	  0.0000
352.0000	352.0000	 13.2096	 -0.0545	  0.0000
368.0000	352.0000	 12.2536	 -0.0091	  0.0000
384.0000	352.0000	 13.2506	 -0.0338	  0.0000
400.0000	352.0000	 12.5000	  0.0000	  0.0000
416.0000	352.0000	 12.3368	 -0.8924	  0.0000
432.0000	352.0000	 12.7499	  0.0006	  0.0000
448.0000	352.0000	 13.2942	 -1.0149	  0.0000
464.0000	352.0000	 12.5626	  0.0122	  0.0000
480.0000	352.0000	 12.3462	 -0.0323	  0.0000
496.0000	352.0000	 12.0473	 -0.0130	  0.0000
 16.0000	336.0000	 13.3616	 -0.0190	  0.0000
 32.0000	336.0000	 13.3421	 -0.0169	  0.0000
 48.0000	336.0000	 13.7166	 -0.5101	  0.0000
 64.0000	336.0000	 13.5353	  0.0020	  0.0000
 80.0000	336.0000	 13.7918	 -0.2656	  0.0000
 96.0000	336.0000	 13.0056	  0.0528	  0.0000
112.0000	336.0000	 13.7421	 -0.2596	  0.0000
128.0000	336.0000	 13.2388	 -0.0018	  0.0000
144.0000	336.0000	 13.8811	 -0.2755	  0.0000
160.0000	336.0000	 14.2302	  0.0004	  0.0000
176.0000	336.0000	 13.8106	 -0.0247	  0.0000
192.0000	336.0000	 13.9352	  0.0238	  0.0000
208.0000	336.0000	 13.0994	 -0.9605	  0.0000
224.0000	336.0000	 13.2190	 -0.0010	  0.0000
240.0000	336.0000	 13.9938	 -0.1848	  0.0000
256.0000	336.0000	 13.8140	  0.0182	  0.0000
272.0000	336.0000	 13.8689	 -0.4958	  0.0000
288.0000	336.0000	 13.0981	 -0.5169	  0.0000
304.0000	336.0000	 13.4008	 -0.2588	  0.0000
320.0000	336.0000	 12.9207	  0.0034	  0.0000
336.0000	336.0000	 13.4325	 -0.0212	  0.0000
352.0000	336.0000	 13.2918	 -0.0040	  0.0000
368.0000	336.0000	 13.7645	 -0.0376	  0.0000
384.0000	336.0000	 13.0514	 -0.0191	  0.0000
400.0000	336.0000	 13.5676	 -0.0410	  0.0000
416.0000	336.0000	 13.1617	  0.0400	  0.0000
432.0000	336.0000	 13.5458	 -0.8307	  0.0000
448.0000	336.0000	 13.3522	  0.0115	  0.0000
464.0000	336.0000	 13.3087	  0.0101	  0.0000
480.0000	336.0000	 13.0213	  0.0036	  0.0000
496.0000	336.0000	 12.7423	  0.0029	  0.0000
 16.0000	320.0000	 14.4259	 -0.9648	  0.0000
 32.0000	320.0000	 14.5303	 -0.9657	  0.0000
 48.0000	320.0000	 14.0921	  0.0055	  0.0000
 64.0000	320.0000	 14.5746	 -0.9618	  0.0000
 80.0000	320.0000	 13.8421	  0.0032	  0.0000
 96.0000	320.0000	 14.3660	 -0.8524	  0.0000
112.0000	320.0000	 14.4890	 -0.0026	  0.0000
128.0000	320.0000	 14.7627	 -0.9935	  0.0000
144.0000	320.0000	 14.5363	 -0.0126	  0.0000
160.0000	320.0000	 15.0277	 -0.0242	  0.0000
176.0000	320.0000	 14.4478	 -0.0048	  0.0000
192.0000	320.0000	 14.3018	 -0.0640	  0.0000
208.0000	320.0000	 14.1678	 -0.0446	  0.0000
224.0000	320.0000	 15.0831	 -0.0081	  0.0000
240.0000	320.0000	 14.5969	 -0.0043	  0.0000
256.0000	320.0000	 14.3966	 -0.9412	  0.0000
272.0000	320.0000	 13.9724	  0.0040	  0.0000
288.0000	320.0000	 14.0101	 -0.9074	  0.0000
304.0000	320.0000	 14.0488	  0.0014	  0.0000
320.0000	320.0000	 14.3080	 -0.0072	  0.0000
336.0000	320.0000	 14.0210	  0.0004	  0.0000
352.0000	320.0000	 13.9095	 -0.9772	  0.0000
368.0000	320.0000	 13.9424	 -0.0024	  0.0000
384.0000	320.0000	 14.7294	 -0.0951	  0.0000
400.0000	320.0000	 14.6337	 -0.0133	  0.0000
416.0000	320.0000	 14.3188	 -0.0150	  0.0000
432.0000	320.0000	 13.6195	 -0.0766	  0.0000
448.0000	320.0000	 14.4181	 -0.9942	  0.0000
464.0000	320.0000	 14.6752	 -0.0027	  0.0000
480.0000	320.0000	 14.5509	 -0.0055	  0.0000
496.0000	320.0000	 14.1156	 -0.0058	  0.0000
 16.0000	304.0000	 15.1570	  0.0023	  0.0000
 32.0000	304.0000	 15.0294	 -0.0031	  0.0000
 48.0000	304.0000	 14.5858	 -0.4779	  0.0000
 64.0000	304.0000	 15.0188	 -0.0045	  0.0000
 80.0000	304.0000	 14.8898	 -0.4740	  0.0000
 96.0000	304.0000	 15.1168	 -0.0048	  0.0000
112.0000	304.0000	 14.9122	 -0.4885	  0.0000
128.0000	304.0000	 15.2232	 -0.0003	  0.0000
144.0000	304.0000	 14.6126	 -0.1868	  0.0000
160.0000	304.0000	 14.6760	  0.0336	  0.0000
176.0000	304.0000	 15.6449	 -0.0033	  0.0000
192.0000	304.0000	 15.2909	  0.0021	  0.0000
208.0000	304.0000	 15.5513	 -0.2411	  0.0000
224.0000	304.0000	 14.6851	 -0.0030	  0.0000
240.0000	304.0000	 15.4820	 -0.4679	  0.0000
256.0000	304.0000	 14.9499	 -0.0012	  0.0000
272.0000	304.0000	 15.5257	 -0.4654	  0.0000
288.0000	304.0000	 15.1579	  0.0094	  0.0000
304.0000	304.0000	 15.6741	 -0.2538	  0.0000
320.0000	304.0000	 15.2954	 -0.0007	  0.0000
336.0000	304.0000	 15.7566	 -0.0121	  0.0000
352.0000	304.0000	 15.2694	 -0.0005	  0.0000
368.0000	304.0000	 15.7594	 -0.0278	  0.0000
384.0000	304.0000	 15.2726	  0.0132	  0.0000
400.0000	304.0000	 15.6727	 -0.0172	  0.0000
416.0000	304.0000	 14.7104	 -0.0051	  0.0000
432.0000	304.0000	 15.4689	 -0.0188	  0.0000
448.0000	304.0000	 14.4920	  0.0002	  0.0000
464.0000	304.0000	 15.2333	 -0.8194	  0.0000
480.0000	304.0000	 14.6720	 -0.0023	  0.0000
496.0000	304.0000	 14.6007	 -0.0027	  0.0000
 16.0000	288.0000	 15.6467	 -0.8703	  0.0000
 32.0000	288.0000	 15.5792	 -0.6315	  0.0000
 48.0000	288.0000	 15.0360	  0.0042	  0.0000
 64.0000	288.0000	 15.6113	 -0.9702	  0.0000
 80.0000	288.0000	 15.1084	 -0.0051	  0.0000
 96.0000	288.0000	 16.0905	 -0.9736	  0.0000
112.0000	288.0000	 15.0620	 -0.0090	  0.0000
128.0000	288.0000	 15.6414	 -0.9910	  0.0000
144.0000	288.0000	 15.2150	 -0.0042	  0.0000
160.0000	288.0000	 15.9020	 -0.9087	  0.0000
176.0000	288.0000	 15.0416	 -0.0023	  0.0000
192.0000	288.0000	 15.7402	 -0.7066	  0.0000
208.0000	288.0000	 15.1634	 -0.0028	  0.0000
224.0000	288.0000	 15.9363	 -0.9245	  0.0000
240.0000	288.0000	 15.1347	  0.0039	  0.0000
256.0000	288.0000	 15.7420	 -0.9441	  0.0000
272.0000	288.0000	 15.1904	 -0.0043	  0.0000
288.0000	288.0000	 15.7615	 -0.9825	  0.0000
304.0000	288.0000	 15.1740	  0.0063	  0.0000
320.0000	288.0000	 15.6924	 -0.0139	  0.0000
336.0000	288.0000	 15.0366	 -0.0010	  0.0000
352.0000	288.0000	 16.0333	 -0.0383	  0.0000
368.0000	288.0000	 15.1356	 -0.0075	  0.0000
384.0000	288.0000	 15.7328	 -0.8353	  0.0000
400.0000	288.0000	 15.0836	  0.0044	  0.0000
416.0000	288.0000	 15.8457	 -0.0086	  0.0000
432.0000	288.0000	 15.0700	 -0.0006	  0.0000
448.0000	288.0000	 15.6595	 -0.9874	  0.0000
464.0000	288.0000	 15.5980	  0.0007	  0.0000
480.0000	288.0000	 15.9965	 -0.9906	  0.0000
496.0000	288.0000	 14.9512	  0.0058	  0.0000
 16.0000	272.0000	 15.3810	 -0.0055	  0.0000
 32.0000	272.0000	 15.3514	  0.0062	  0.0000
 48.0000	272.0000	 15.9006	 -0.4349	  0.0000
 64.0000	272.0000	 15.3493	  0.0362	  0.0000
 80.0000	272.0000	 16.0398	 -0.4592	  0.0000
 96.0000	272.0000	 15.4379	  0.0117	  0.0000
112.0000	272.0000	 15.9424	 -0.4820	  0.0000
128.0000	272.0000	 15.3200	 -0.0127	  0.0000
144.0000	272.0000	 15.8605	 -0.2467	  0.0000
160.0000	272.0000	 15.2664	 -0.0021	  0.0000
176.0000	272.0000	 15.9482	 -0.2108	  0.0000
192.0000	272.0000	 15.4217	  0.0242	  0.0000
208.0000	272.0000	 15.9174	 -0.4677	  0.0000
224.0000	272.0000	 15.2776	  0.0129	  0.0000
240.0000	272.0000	 15.8522	 -0.4741	  0.0000
256.0000	272.0000	 15.3456	 -0.0121	  0.0000
272.0000	272.0000	 15.9619	 -0.4792	  0.0000
288.0000	272.0000	 15.2107	 -0.0069	  0.0000
304.0000	272.0000	 15.8100	 -0.2631	  0.0000
320.0000	272.0000	 15.3645	 -0.0319	  0.0000
336.0000	272.0000	 15.9725	 -0.0667	  0.0000
352.0000	272.0000	 15.4554	  0.0018	  0.0000
368.0000	272.0000	 15.9556	 -0.0149	  0.0000
384.0000	272.0000	 15.3608	 -0.0122	  0.0000
400.0000	272.0000	 15.9557	 -0.0119	  0.0000
416.0000	272.0000	 15.3844	  0.0032	  0.0000
432.0000	272.0000	 15.9011	 -0.2322	  0.0000
448.0000	272.0000	 15.3411	  0.0030	  0.0000
464.0000	272.0000	 15.5966	 -0.2077	  0.0000
480.0000	272.0000	 15.9003	  0.0148	  0.0000
496.0000	272.0000	 15.7766	 -0.5265	  1.0000
 16.0000	256.0000	 15.8863	 -0.9594	  0.0000
 32.0000	256.0000	 15.7232	 -0.9538	  0.0000
 48.0000	256.0000	 15.4205	  0.0255	  0.0000
 64.0000	256.0000	 15.8264	 -0.9157	  0.0000
 80.0000	256.0000	 15.4768	  0.0225	  0.0000
 96.0000	256.0000	 15.8574	 -0.8646	  0.0000
112.0000	256.0000	 15.3918	 -0.0016	  0.0000
128.0000	256.0000	 15.8603	 -0.9747	  0.0000
144.0000	256.0000	 15.3695	 -0.0060	  0.0000
160.0000	256.0000	 15.7378	 -0.8552	  0.0000
176.0000	256.0000	 15.4418	  0.0030	  0.0000
192.0000	256.0000	 15.9116	 -0.9479	  0.0000
208.0000	256.0000	 15.3692	  0.0145	  0.0000
224.0000	256.0000	 15.7162	 -0.8111	  0.0000
240.0000	256.0000	 15.4263	 -0.0534	  0.0000
256.0000	256.0000	 15.7978	 -0.9578	  0.0000
272.0000	256.0000	 15.4877	  0.0076	  0.0000
288.0000	256.0000	 15.7805	 -1.0547	  0.0000
304.0000	256.0000	 15.3439	 -0.0266	  0.0000
320.0000	256.0000	 15.9768	 -0.1359	  0.0000
336.0000	256.0000	 15.4449	 -0.0948	  0.0000
352.0000	256.0000	 15.8646	 -0.0278	  0.0000
368.0000	256.0000	 15.4365	  0.0089	  0.0000
384.0000	256.0000	 15.9427	 -0.0236	  0.0000
400.0000	256.0000	 15.4688	 -0.0094	  0.0000
416.0000	256.0000	 15.8000	  0.0023	  0.0000
432.0000	256.0000	 15.3981	 -0.0071	  0.0000
448.0000	256.0000	 15.8774	 -0.9396	  0.0000
464.0000	256.0000	 15.3563	  0.0160	  0.0000
480.0000	256.0000	 15.8685	 -0.9081	  0.0000
496.0000	256.0000	 15.3735	  0.0314	  0.0000
 16.0000	240.0000	 15.3111	 -0.0026	  0.0000
 32.0000	240.0000	 15.2158	  0.0148	  0.0000
 48.0000	240.0000	 15.7916	 -0.4623	  0.0000
 64.0000	240.0000	 15.3021	 -0.0030	  0.0000
 80.0000	240.0000	 15.8173	 -0.2324	  0.0000
 96.0000	240.0000	 15.3404	  0.0197	  0.0000
112.0000	240.0000	 15.8059	 -0.2218	  0.0000
128.0000	240.0000	 15.3479	 -0.0002	  0.0000
144.0000	240.0000	 15.8135	 -0.2401	  0.0000
160.0000	240.0000	 15.4012	 -0.0196	  0.0000
176.0000	240.0000	 15.8612	 -0.2403	  0.0000
192.0000	240.0000	 15.3816	  0.0081	  0.0000
208.0000	240.0000	 15.8156	 -0.2250	  0.0000
224.0000	240.0000	 15.3508	  0.0104	  0.0000
240.0000	240.0000	 15.7295	 -0.2549	  0.0000
256.0000	240.0000	 15.3663	  0.0029	  0.0000
272.0000	240.0000	 15.8423	 -0.2241	  0.0000
288.0000	240.0000	 15.2979	  0.0102	  0.0000
304.0000	240.0000	 15.8399	 -0.0079	  0.0000
320.0000	240.0000	 15.4459	 -0.0485	  0.0000
336.0000	240.0000	 15.9039	 -0.0869	  0.0000
352.0000	240.0000	 15.3822	 -0.0069	  0.0000
368.0000	240.0000	 15.7566	 -0.0135	  0.0000
384.0000	240.0000	 15.3866	 -0.0077	  0.0000
400.0000	240.0000	 15.8786	 -0.0025	  0.0000
416.0000	240.0000	 15.3509	  0.0064	  0.0000
432.0000	240.0000	 15.8855	 -0.2361	  0.0000
448.0000	240.0000	 15.4075	 -0.0025	  0.0000
464.0000	240.0000	 15.6849	 -0.2084	  0.0000
480.0000	240.0000	 15.8574	  0.0552	  0.0000
496.0000	240.0000	 15.1946	  0.0785	  0.0000
 16.0000	224.0000	 15.5447	 -0.9432	  0.0000
 32.0000	224.0000	 15.5642	 -0.9852	  0.0000
 48.0000	224.0000	 15.1365	  0.0017	  0.0000
 64.0000	224.0000	 15.6595	 -0.9830	  0.0000
 80.0000	224.0000	 15.1874	  0.0012	  0.0000
 96.0000	224.0000	 15.8170	 -0.9757	  0.0000
112.0000	224.0000	 15.1839	  0.0154	  0.0000
128.0000	224.0000	 15.6464	 -0.9667	  0.0000
144.0000	224.0000	 15.1277	  0.0025	  0.0000
160.0000	224.0000	 15.6594	 -0.9077	  0.0000
176.0000	224.0000	 15.0545	  0.0118	  0.0000
192.0000	224.0000	 15.6066	 -0.8635	  0.0000
208.0000	224.0000	 14.8959	  0.0050	  0.0000
224.0000	224.0000	 15.5043	 -0.0010	  0.0000
240.0000	224.0000	 15.0481	  0.0004	  0.0000
256.0000	224.0000	 15.6419	 -0.9836	  0.0000
272.0000	224.0000	 15.1914	  0.0071	  0.0000
288.0000	224.0000	 15.9026	 -0.9716	  0.0000
304.0000	224.0000	 15.0445	 -0.0002	  0.0000
320.0000	224.0000	 15.4297	  0.0048	  0.0000
336.0000	224.0000	 14.9889	  0.0061	  0.0000
352.0000	224.0000	 15.8598	 -0.0129	  0.0000
368.0000	224.0000	 15.1056	 -0.0003	  0.0000
384.0000	224.0000	 15.6489	 -0.0052	  0.0000
400.0000	224.0000	 15.1368	  0.0007	  0.0000
416.0000	224.0000	 16.1386	  0.0060	  0.0000
432.0000	224.0000	 15.1977	  0.0071	  0.0000
448.0000	224.0000	 15.7195	  0.0016	  0.0000
464.0000	224.0000	 15.5474	 -0.0035	  0.0000
480.0000	224.0000	 16.0096	 -0.8962	  0.0000
496.0000	224.0000	 15.0611	  0.0551	  0.0000
 16.0000	208.0000	 15.4022	  0.0085	  0.0000
 32.0000	208.0000	 15.1683	  0.0075	  0.0000
 48.0000	208.0000	 15.4441	  0.0030	  0.0000
 64.0000	208.0000	 14.8436	 -0.0008	  0.0000
 80.0000	208.0000	 15.4466	 -0.0155	  0.0000
 96.0000	208.0000	 14.5538	 -0.0012	  0.0000
112.0000	208.0000	 15.2217	 -0.0114	  0.0000
128.0000	208.0000	 14.9417	 -0.0080	  0.0000
144.0000	208.0000	 15.2486	 -0.0267	  0.0000
160.0000	208.0000	 14.5979	  0.0056	  0.0000
176.0000	208.0000	 15.3784	  0.0216	  0.0000
192.0000	208.0000	 14.6520	  0.0273	  0.0000
208.0000	208.0000	 15.2776	 -0.0082	  0.0000
224.0000	208.0000	 15.2609	  0.0040	  0.0000
240.0000	208.0000	 15.7358	  0.0023	  0.0000
256.0000	208.0000	 15.3211	  0.0052	  0.0000
272.0000	208.0000	 15.6857	 -0.0010	  0.0000
288.0000	208.0000	 15.2405	  0.0491	  0.0000
304.0000	208.0000	 15.6537	 -0.8205	  0.0000
320.0000	208.0000	 15.0699	  0.0055	  0.0000
336.0000	208.0000	 15.4657	  0.0077	  0.0000
352.0000	208.0000	 14.4635	  0.0081	  0.0000
368.0000	208.0000	 15.4318	 -0.0165	  0.0000
384.0000	208.0000	 15.1815	  0.0001	  0.0000
400.0000	208.0000	 14.8395	 -0.0119	  0.0000
416.0000	208.0000	 14.6255	 -0.0013	  0.0000
432.0000	208.0000	 14.8269	 -0.2267	  0.0000
448.0000	208.0000	 15.2665	 -0.0100	  0.0000
464.0000	208.0000	 15.7712	 -0.2390	  0.0000
480.0000	208.0000	 14.6731	  0.0051	  0.0000
496.0000	208.0000	 14.4429	 -0.1867	  0.0000
 16.0000	192.0000	 14.1658	 -0.0002	  0.0000
 32.0000	192.0000	 14.4593	 -0.0236	  0.0000
 48.0000	192.0000	 14.3640	 -0.0090	  0.0000
 64.0000	192.0000	 14.2449	 -0.0102	  0.0000
 80.0000	192.0000	 14.3770	  0.0033	  0.0000
 96.0000	192.0000	 14.9799	 -0.0151	  0.0000
112.0000	192.0000	 14.5108	  0.0002	  0.0000
128.0000	192.0000	 14.1963	 -0.0339	  0.0000
144.0000	192.0000	 14.3259	 -0.0176	  0.0000
160.0000	192.0000	 14.6374	 -0.0221	  0.0000
176.0000	192.0000	 13.9228	 -0.0313	  0.0000
192.0000	192.0000	 15.0745	 -0.0779	  0.0000
208.0000	192.0000	 14.6557	 -0.0014	  0.0000
224.0000	192.0000	 13.9909	 -0.0302	  0.0000
240.0000	192.0000	 13.9540	 -0.0389	  0.0000
256.0000	192.0000	 14.6308	 -0.0212	  0.0000
272.0000	192.0000	 13.8870	 -0.0071	  0.0000
288.0000	192.0000	 14.1558	 -0.0625	  0.0000
304.0000	192.0000	 14.2031	 -0.0535	  0.0000
320.0000	192.0000	 14.4828	 -0.9795	  0.0000
336.0000	192.0000	 14.5137	  0.0292	  0.0000
352.0000	192.0000	 14.7230	  0.0246	  0.0000
368.0000	192.0000	 14.3184	  0.0006	  0.0000
384.0000	192.0000	 14.8443	 -0.0475	  0.0000
400.0000	192.0000	 14.3979	 -0.0016	  0.0000
416.0000	192.0000	 14.8397	 -0.9877	  0.0000
432.0000	192.0000	 14.1735	 -0.0026	  0.0000
448.0000	192.0000	 14.9846	 -0.9018	  0.0000
464.0000	192.0000	 14.3363	  0.0114	  0.0000
480.0000	192.0000	 14.6559	 -0.0240	  0.0000
496.0000	192.0000	 13.4383	  0.0437	  0.0000
 16.0000	176.0000	 13.0290	 -0.0026	  0.0000
 32.0000	176.0000	 13.0117	  0.0079	  0.0000
 48.0000	176.0000	 13.3633	  0.0018	  0.0000
 64.0000	176.0000	 13.1627	  0.0142	  0.0000
 80.0000	176.0000	 13.2808	 -0.0053	  0.0000
 96.0000	176.0000	 13.2355	 -0.0023	  0.0000
112.0000	176.0000	 13.3942	 -0.0292	  0.0000
128.0000	176.0000	 13.0147	  0.0122	  0.0000
144.0000	176.0000	 13.5978	  0.0101	  0.0000
160.0000	176.0000	 13.2317	  0.0019	  0.0000
176.0000	176.0000	 13.7433	 -0.0284	  0.0000
192.0000	176.0000	 13.6534	 -0.0120	  0.0000
208.0000	176.0000	 13.4896	 -0.0401	  0.0000
224.0000	176.0000	 13.4232	  0.0215	  0.0000
240.0000	176.0000	 13.2821	 -0.0092	  0.0000
256.0000	176.0000	 13.1075	 -0.0043	  0.0000
272.0000	176.0000	 13.7231	 -0.0107	  0.0000
288.0000	176.0000	 13.6597	  0.0058	  0.0000
304.0000	176.0000	 13.5105	 -0.0237	  0.0000
320.0000	176.0000	 13.0796	  0.0112	  0.0000
336.0000	176.0000	 13.5731	 -0.0427	  0.0000
352.0000	176.0000	 13.5694	 -0.0459	  0.0000
368.0000	176.0000	 13.6537	 -0.0459	  0.0000
384.0000	176.0000	 13.7584	 -0.0475	  0.0000
400.0000	176.0000	 13.4263	 -0.2475	  0.0000
416.0000	176.0000	 13.7911	 -0.5050	  0.0000
432.0000	176.0000	 13.7001	 -0.4814	  0.0000
448.0000	176.0000	 13.2740	  0.0206	  0.0000
464.0000	176.0000	 13.9850	 -0.2102	  0.0000
480.0000	176.0000	 13.7490	 -0.0015	  0.0000
496.0000	176.0000	 12.7909	  0.0529	  0.0000
 16.0000	160.0000	 12.9364	 -0.0036	  0.0000
 32.0000	160.0000	 12.5390	 -0.0025	  0.0000
 48.0000	160.0000	 11.9700	 -0.0004	  0.0000
 64.0000	160.0000	 12.3645	 -0.8351	  0.0000
 80.0000	160.0000	 12.2163	  0.0102	  0.0000
 96.0000	160.0000	 13.2916	 -0.0336	  0.0000
112.0000	160.0000	 12.7580	 -0.0063	  0.0000
128.0000	160.0000	 13.2536	 -0.9851	  0.0000
144.0000	160.0000	 13.0262	  0.0051	  0.0000
160.0000	160.0000	 12.9063	 -0.0213	  0.0000
176.0000	160.0000	 13.1225	 -0.0100	  0.0000
192.0000	160.0000	 13.2862	 -0.0211	  0.0000
208.0000	160.0000	 12.6278	 -0.0046	  0.0000
224.0000	160.0000	 12.3593	 -0.0577	  0.0000
240.0000	160.0000	 12.0374	 -0.0137	  0.0000
256.0000	160.0000	 13.2130	 -0.9854	  0.0000
272.0000	160.0000	 12.8065	 -0.0209	  0.0000
288.0000	160.0000	 12.8485	 -0.0394	  0.0000
304.0000	160.0000	 12.9281	 -0.0006	  0.0000
320.0000	160.0000	 12.8499	 -0.0894	  0.0000
336.0000	160.0000	 12.3868	 -0.0209	  0.0000
352.0000	160.0000	 12.8793	 -0.0400	  0.0000
368.0000	160.0000	 12.4718	  0.0445	  0.0000
384.0000	160.0000	 12.8006	 -0.8765	  0.0000
400.0000	160.0000	 12.5045	 -0.4938	  0.0000
416.0000	160.0000	 12.7913	 -0.1040	  0.0000
432.0000	160.0000	 12.2945	 -0.5213	  0.0000
448.0000	160.0000	 13.3357	 -0.0456	  0.0000
464.0000	160.0000	 11.5000	  0.0000	  0.0000
480.0000	160.0000	 12.1946	 -0.9120	  0.0000
496.0000	160.0000	 11.8325	 -0.0062	  0.0000
 16.0000	144.0000	 11.5000	  0.0000	  0.0000
 32.0000	144.0000	 12.0571	  0.0134	  0.0000
 48.0000	144.0000	 11.4739	 -0.0014	  0.0000
 64.0000	144.0000	 11.8525	  0.0368	  0.0000
 80.0000	144.0000	 12.3389	  0.0042	  0.0000
 96.0000	144.0000	 11.5052	 -0.0147	  0.0000
112.0000	144.0000	 11.3628	 -0.0316	  0.0000
128.0000	144.0000	 11.9104	 -0.0006	  0.0000
144.0000	144.0000	 11.8204	 -0.0652	  0.0000
160.0000	144.0000	 11.9478	 -0.0004	  0.0000
176.0000	144.0000	 12.3628	 -0.0705	  0.0000
192.0000	144.0000	 11.7597	  0.0006	  0.0000
208.0000	144.0000	 11.7252	 -0.0466	  0.0000
224.0000	144.0000	 11.5834	  0.0026	  0.0000
240.0000	144.0000	 11.6213	 -0.0172	  0.0000
256.0000	144.0000	 10.4878	 -0.0001	  0.0000
272.0000	144.0000	 11.6836	 -0.0244	  0.0000
288.0000	144.0000	 10.8757	 -0.0028	  0.0000
304.0000	144.0000	 11.8141	 -0.0586	  0.0000
320.0000	144.0000	 11.5540	 -0.0272	  0.0000
336.0000	144.0000	 11.9417	 -0.0378	  0.0000
352.0000	144.0000	 11.1913	 -0.0012	  0.0000
368.0000	144.0000	 11.3840	 -0.1872	  0.0000
384.0000	144.0000	 11.0500	  0.0197	  0.0000
400.0000	144.0000	 10.8117	 -0.4646	  0.0000
416.0000	144.0000	 11.7770	 -0.5416	  0.0000
432.0000	144.0000	 11.4467	 -0.2996	  0.0000
448.0000	144.0000	 10.9920	  0.0109	  0.0000
464.0000	144.0000	 10.8160	 -0.0335	  0.0000
480.0000	144.0000	 11.0645	  0.0118	  0.0000
496.0000	144.0000	 10.8987	 -0.0091	  0.0000
 16.0000	128.0000	 10.3748	 -0.1571	  0.0000
 32.0000	128.0000	 10.2274	 -0.1882	  0.0000
 48.0000	128.0000	 10.3738	 -0.0045	  0.0000
 64.0000	128.0000	 11.2753	 -0.0201	  0.0000
 80.0000	128.0000	  9.5960	 -0.0013	  0.0000
 96.0000	128.0000	 10.3372	 -0.9288	  0.0000
112.0000	128.0000	  9.9776	  0.0257	  0.0000
128.0000	128.0000	 10.0050	 -0.0364	  0.0000
144.0000	128.0000	  9.6427	  0.0013	  0.0000
160.0000	128.0000	 11.0610	 -0.1435	  0.0000
176.0000	128.0000	 10.5595	 -0.0398	  0.0000
192.0000	128.0000	 10.7635	 -0.1832	  0.0000
208.0000	128.0000	 10.5891	 -0.0004	  0.0000
224.0000	128.0000	 10.2599	 -0.0001	  0.0000
240.0000	128.0000	 10.4544	 -0.0260	  0.0000
256.0000	128.0000	 10.6351	 -0.1089	  0.0000
272.0000	128.0000	  9.7363	 -0.0064	  0.0000
288.0000	128.0000	 10.2595	 -1.0276	  0.0000
304.0000	128.0000	  9.9224	 -0.0116	  0.0000
320.0000	128.0000	 10.4169	 -0.0039	  0.0000
336.0000	128.0000	 10.8587	  0.0123	  0.0000
352.0000	128.0000	 11.0504	 -0.9244	  0.0000
368.0000	128.0000	 10.5299	  0.0108	  0.0000
384.0000	128.0000	 10.9093	 -0.8747	  0.0000
400.0000	128.0000	 10.6236	 -0.0015	  0.0000
416.0000	128.0000	 10.4578	 -0.0104	  0.0000
432.0000	128.0000	 10.8145	  0.0003	  0.0000
448.0000	128.0000	 11.5115	 -0.1167	  0.0000
464.0000	128.0000	 10.7005	 -0.0324	  1.0000
480.0000	128.0000	 10.7220	 -0.0138	  0.0000
496.0000	128.0000	  9.7538	  0.0005	  0.0000
 16.0000	112.0000	  8.6544	  0.0396	  0.0000
 32.0000	112.0000	  9.5000	  0.0000	  0.0000
 48.0000	112.0000	  8.9871	 -0.0371	  0.0000
 64.0000	112.0000	  8.8367	  0.0022	  0.0000
 80.0000	112.0000	  9.7180	 -0.2379	  0.0000
 96.0000	112.0000	  9.2972	 -0.0015	  0.0000
112.0000	112.0000	  8.1647	 -0.2572	  0.0000
128.0000	112.0000	  8.2526	 -0.0036	  0.0000
144.0000	112.0000	  8.3229	 -0.0561	  0.0000
160.0000	112.0000	  7.8682	 -0.0063	  0.0000
176.0000	112.0000	  8.6737	  0.0011	  0.0000
192.0000	112.0000	  8.4503	  0.0398	  0.0000
208.0000	112.0000	  8.5852	 -0.0022	  0.0000
224.0000	112.0000	  8.5940	 -0.0123	  0.0000
240.0000	112.0000	  8.6878	 -0.9566	  0.0000
256.0000	112.0000	  8.4675	  0.0359	  0.0000
272.0000	112.0000	  8.5245	  0.0205	  0.0000
288.0000	112.0000	  9.2877	 -0.0112	  0.0000
304.0000	112.0000	  9.5495	 -0.0056	  0.0000
320.0000	112.0000	  9.1547	  0.0180	  0.0000
336.0000	112.0000	  9.0174	 -0.2177	  0.0000
352.0000	112.0000	  8.5700	 -0.5739	  0.0000
368.0000	112.0000	  8.8045	 -0.5611	  0.0000
384.0000	112.0000	  8.0069	  0.0155	  0.0000
400.0000	112.0000	  8.9436	 -0.2240	  0.0000
416.0000	112.0000	  8.8543	  0.0060	  0.0000
432.0000	112.0000	  8.6073	 -0.0392	  0.0000
448.0000	112.0000	  7.6878	  0.0234	  0.0000
464.0000	112.0000	  7.7789	 -0.1854	  0.0000
480.0000	112.0000	  7.5000	  0.0000	  0.0000
496.0000	112.0000	  8.1611	 -0.0464	  0.0000
 16.0000	 96.0000	  7.5886	 -0.0675	  0.0000
 32.0000	 96.0000	  7.2906	 -0.0782	  0.0000
 48.0000	 96.0000	  7.4122	 -0.0007	  0.0000
 64.0000	 96.0000	  5.9785	 -0.3912	  0.0000
 80.0000	 96.0000	  5.8167	  0.0006	  0.0000
 96.0000	 96.0000	  6.4170	 -0.9945	  0.0000
112.0000	 96.0000	  7.3689	 -0.0062	  0.0000
128.0000	 96.0000	  7.2509	 -0.0098	  0.0000
144.0000	 96.0000	  7.5773	 -0.0010	  0.0000
160.0000	 96.0000	  6.9535	 -0.9315	  0.0000
176.0000	 96.0000	  6.2188	 -0.0111	  0.0000
192.0000	 96.0000	  7.7675	 -0.7783	  0.0000
208.0000	 96.0000	  8.3836	  0.0060	  0.0000
224.0000	 96.0000	  7.6673	 -0.9318	  0.0000
240.0000	 96.0000	  6.9098	  0.0079	  0.0000
256.0000	 96.0000	  7.9756	 -0.8386	  0.0000
272.0000	 96.0000	  7.4954	  0.0208	  0.0000
288.0000	 96.0000	  7.0968	 -0.0032	  0.0000
304.0000	 96.0000	  6.7854	 -0.0121	  0.0000
320.0000	 96.0000	  7.7413	 -0.0489	  0.0000
336.0000	 96.0000	  8.3931	 -0.5285	  0.0000
352.0000	 96.0000	  7.5364	 -0.2122	  0.0000
368.0000	 96.0000	  7.2340	 -0.4769	  0.0000
384.0000	 96.0000	  7.8783	  0.0015	  0.0000
400.0000	 96.0000	  7.4739	  0.0241	  0.0000
416.0000	 96.0000	  7.5055	  0.0134	  0.0000
432.0000	 96.0000	  7.2457	  0.0441	  0.0000
448.0000	 96.0000	  6.6311	 -0.0342	  0.0000
464.0000	 96.0000	  6.5885	  0.0184	  0.0000
480.0000	 96.0000	  7.0660	 -0.0188	  0.0000
496.0000	 96.0000	  6.7876	 -0.0038	  0.0000
 16.0000	 80.0000	  3.7609	 -0.0468	  0.0000
 32.0000	 80.0000	  3.7475	 -0.0416	  0.0000
 48.0000	 80.0000	  4.4832	 -0.4193	  0.0000
 64.0000	 80.0000	  5.5271	  0.0031	  0.0000
 80.0000	 80.0000	  5.3214	 -0.4494	  0.0000
 96.0000	 80.0000	  4.9917	 -0.0024	  0.0000
112.0000	 80.0000	  5.9006	 -0.4831	  0.0000
128.0000	 80.0000	  5.0300	  0.0007	  0.0000
144.0000	 80.0000	  5.2295	 -0.2268	  0.0000
160.0000	 80.0000	  5.3968	  0.0008	  0.0000
176.0000	 80.0000	  6.0218	 -0.8894	  0.0000
192.0000	 80.0000	  3.9363	  0.0042	  0.0000
208.0000	 80.0000	  4.6164	 -0.9672	  0.0000
224.0000	 80.0000	  4.7545	 -0.0356	  0.0000
240.0000	 80.0000	  5.0322	 -0.2518	  0.0000
256.0000	 80.0000	  5.3487	 -0.0694	  0.0000
272.0000	 80.0000	  5.6376	 -0.2680	  0.0000
288.0000	 80.0000	  5.1497	  0.0353	  0.0000
304.0000	 80.0000	  5.1352	 -0.2154	  0.0000
320.0000	 80.0000	  4.5747	 -0.0109	  0.0000
336.0000	 80.0000	  4.3183	 -0.5359	  0.0000
352.0000	 80.0000	  4.5059	 -0.6376	  0.0000
368.0000	 80.0000	  5.6303	 -0.5421	  0.0000
384.0000	 80.0000	  4.6361	  0.0104	  0.0000
400.0000	 80.0000	  6.3307	 -0.1925	  0.0000
416.0000	 80.0000	  5.7654	 -0.2105	  0.0000
432.0000	 80.0000	  6.5488	 -0.1765	  0.0000
448.0000	 80.0000	  6.3736	  0.0104	  0.0000
464.0000	 80.0000	  6.1049	 -0.0186	  0.0000
480.0000	 80.0000	  5.2066	 -0.2974	  1.0000
496.0000	 80.0000	  4.7781	 -0.4445	  1.0000
 16.0000	 64.0000	  3.5699	 -0.7370	  0.0000
 32.0000	 64.0000	  4.2311	 -0.7251	  0.0000
 48.0000	 64.0000	  2.0210	  0.0010	  0.0000
 64.0000	 64.0000	  2.7210	 -0.8451	  0.0000
 80.0000	 64.0000	  3.5501	  0.0400	  0.0000
 96.0000	 64.0000	  4.6931	 -0.8947	  0.0000
112.0000	 64.0000	  3.0050	  0.0031	  0.0000
128.0000	 64.0000	  2.2698	 -0.9287	  0.0000
144.0000	 64.0000	  1.8943	 -0.0382	  0.0000
160.0000	 64.0000	  2.4615	 -0.8646	  0.0000
176.0000	 64.0000	  2.2687	 -0.0009	  0.0000
192.0000	 64.0000	  3.2217	 -0.9827	  0.0000
208.0000	 64.0000	  3.2824	  0.0271	  0.0000
224.0000	 64.0000	  3.8037	 -0.9534	  0.0000
240.0000	 64.0000	  3.7144	  0.0170	  0.0000
256.0000	 64.0000	  4.0757	 -0.8943	  0.0000
272.0000	 64.0000	  3.0457	  0.0412	  0.0000
288.0000	 64.0000	  3.0122	 -0.9987	  0.0000
304.0000	 64.0000	  3.5549	 -0.0595	  0.0000
320.0000	 64.0000	  3.3364	 -0.8092	  0.0000
336.0000	 64.0000	  3.8267	 -0.3951	  1.0000
352.0000	 64.0000	  3.9842	 -0.8010	  0.0000
368.0000	 64.0000	  4.4314	  0.0895	  0.0000
384.0000	 64.0000	  2.5594	 -0.9500	  0.0000
400.0000	 64.0000	  2.5916	  0.0072	  0.0000
416.0000	 64.0000	  2.8848	 -0.7696	  0.0000
432.0000	 64.0000	  2.7648	 -0.1931	  1.0000
448.0000	 64.0000	  2.6844	 -0.0033	  0.0000
464.0000	 64.0000	  2.8983	 -0.0067	  0.0000
480.0000	 64.0000	  3.2015	 -0.0411	  0.0000
496.0000	 64.0000	  1.9965	 -0.0007	  0.0000
 16.0000	 48.0000	  2.2521	  0.0136	  0.0000
 32.0000	 48.0000	  1.8964	 -0.0116	  0.0000
 48.0000	 48.0000	  0.9738	 -0.8286	  0.0000
 64.0000	 48.0000	  1.2649	  0.0111	  0.0000
 80.0000	 48.0000	  1.4471	 -0.4887	  0.0000
 96.0000	 48.0000	  0.8040	 -0.0612	  0.0000
112.0000	 48.0000	  1.6253	 -0.4834	  0.0000
128.0000	 48.0000	  1.2528	 -0.0112	  0.0000
144.0000	 48.0000	  1.4983	 -0.4950	  0.0000
160.0000	 48.0000	  0.4809	 -0.0361	  0.0000
176.0000	 48.0000	  0.6133	 -0.0098	  0.0000
192.0000	 48.0000	  0.5078	  0.0009	  0.0000
208.0000	 48.0000	  1.0953	 -0.8483	  0.0000
224.0000	 48.0000	  1.5063	 -0.0002	  0.0000
240.0000	 48.0000	  1.4478	 -0.2045	  0.0000
256.0000	 48.0000	  0.5233	 -0.0265	  0.0000
272.0000	 48.0000	  0.9690	 -0.2657	  0.0000
288.0000	 48.0000	  0.5163	 -0.0443	  0.0000
304.0000	 48.0000	  1.0225	 -0.2124	  0.0000
320.0000	 48.0000	  0.9005	 -0.0340	  0.0000
336.0000	 48.0000	  1.2662	 -0.2435	  0.0000
352.0000	 48.0000	  1.0011	  0.0066	  0.0000
368.0000	 48.0000	  0.5725	 -0.2042	  0.0000
384.0000	 48.0000	  1.1594	 -0.0091	  0.0000
400.0000	 48.0000	  1.2703	 -0.1733	  0.0000
416.0000	 48.0000	  1.5125	  0.0992	  0.0000
432.0000	 48.0000	  1.4126	 -0.0601	  0.0000
448.0000	 48.0000	  1.1171	 -0.0317	  0.0000
464.0000	 48.0000	  2.3927	 -0.0387	  0.0000
480.0000	 48.0000	  2.0906	 -0.0336	  0.0000
496.0000	 48.0000	  0.5843	 -0.0455	  0.0000
 16.0000	 32.0000	  0.5987	 -0.8675	  0.0000
 32.0000	 32.0000	  0.2088	 -0.8816	  0.0000
 48.0000	 32.0000	  0.5059	  0.0001	  0.0000
 64.0000	 32.0000	  0.6933	 -0.8627	  0.0000
 80.0000	 32.0000	  0.0051	  0.0002	  0.0000
 96.0000	 32.0000	  0.1977	 -0.0070	  0.0000
112.0000	 32.0000	  0.0000	 -0.0000	  0.0000
128.0000	 32.0000	  0.5804	 -0.9764	  0.0000
144.0000	 32.0000	  0.0259	 -0.0003	  0.0000
160.0000	 32.0000	  0.2557	 -0.0134	  0.0000
176.0000	 32.0000	  0.0228	  0.0000	  0.0000
192.0000	 32.0000	  0.1352	 -0.0060	  0.0000
208.0000	 32.0000	  0.0000	 -0.0000	  0.0000
224.0000	 32.0000	  0.2261	 -0.0067	  0.0000
240.0000	 32.0000	  0.0006	  0.0005	  0.0000
256.0000	 32.0000	  0.3234	 -0.9562	  0.0000
272.0000	 32.0000	  0.0004	 -0.0004	  0.0000
288.0000	 32.0000	  0.1773	 -0.0098	  0.0000
304.0000	 32.0000	  0.0018	  0.0001	  0.0000
320.0000	 32.0000	  0.3716	 -0.9706	  0.0000
336.0000	 32.0000	  0.0223	  0.0043	  0.0000
352.0000	 32.0000	  0.3685	 -0.0165	  0.0000
368.0000	 32.0000	  0.1235	 -0.0055	  0.0000
384.0000	 32.0000	  0.3458	 -0.9636	  0.0000
400.0000	 32.0000	  0.0138	 -0.0006	  0.0000
416.0000	 32.0000	  0.3348	 -0.9183	  0.0000
432.0000	 32.0000	  0.0014	  0.0000	  0.0000
448.0000	 32.0000	  0.4955	 -0.0282	  0.0000
464.0000	 32.0000	  0.0237	 -0.0001	  0.0000
480.0000	 32.0000	  0.4659	 -0.0203	  0.0000
496.0000	 32.0000	  0.0864	  0.0019	  0.0000
 16.0000	 16.0000	  0.0000	 -0.0000	  0.0000
 32.0000	 16.0000	  0.0000	 -0.0000	  0.0000
 48.0000	 16.0000	  0.0000	 -0.0000	  0.0000
 64.0000	 16.0000	  0.0000	 -0.0000	  0.0000
 80.0000	 16.0000	  0.0000	 -0.0000	  0.0000
 96.0000	 16.0000	  0.0000	 -0.0000	  0.0000
112.0000	 16.0000	  0.0000	 -0.0000	  0.0000
128.0000	 16.0000	  0.0000	 -0.0000	  0.0000
144.0000	 16.0000	  0.0000	 -0.0000	  0.0000
160.0000	 16.0000	  0.0000	 -0.0000	  0.0000
176.0000	 16.0000	  0.0000	 -0.0000	  0.0000
192.0000	 16.0000	  0.0000	 -0.0000	  0.0000
208.0000	 16.0000	  0.0000	 -0.0000	  0.0000
224.0000	 16.0000	  0.0000	 -0.0000	  0.0000
240.0000	 16.0000	  0.0000	 -0.0000	  0.0000
256.0000	 16.0000	  0.3220	  0.0331	  0.0000
272.0000	 16.0000	  0.0000	 -0.0000	  0.0000
288.0000	 16.0000	  0.0000	 -0.0000	  0.0000
304.0000	 16.0000	  0.0000	 -0.0000	  0.0000
320.0000	 16.0000	  0.3656	  0.0095	  0.0000
336.0000	 16.0000	  0.0000	 -0.0000	  0.0000
352.0000	 16.0000	  0.0000	 -0.0000	  0.0000
368.0000	 16.0000	  0.0000	 -0.0000	  0.0000
384.0000	 16.0000	  0.3358	 -0.9461	  0.0000
400.0000	 16.0000	  0.0000	 -0.0000	  0.0000
416.0000	 16.0000	  0.3299	  0.0052	  0.0000
432.0000	 16.0000	  0.0000	 -0.0000	  0.0000
448.0000	 16.0000	  0.0000	 -0.0000	  0.0000
464.0000	 16.0000	  0.0000	 -0.0000	  0.0000
480.0000	 16.0000	  0.0000	 -0.0000	  0.0000
496.0000	 16.0000	  0.0000	 -0.0000	  0.0000
