 16.0000	 16.0000	  0.0365	 -0.0519	  3.8320
 32.0000	 16.0000	 -0.0380	 -0.0484	  4.8365
 48.0000	 16.0000	 -0.0443	 -0.0231	  2.2280
 64.0000	 16.0000	  0.2044	 -0.0048	  2.4545
 80.0000	 16.0000	  0.0007	 -0.0012	  3.8925
 96.0000	 16.0000	  0.0302	 -0.0189	  3.0958
112.0000	 16.0000	  0.0042	 -0.0413	  2.7895
128.0000	 16.0000	 -0.1294	 -0.0319	  3.2678
144.0000	 16.0000	 -0.0088	 -0.0006	  2.5734
160.0000	 16.0000	  0.0018	  0.0013	  4.8151
176.0000	 16.0000	  0.0136	 -0.0038	  3.0227
192.0000	 16.0000	  0.0027	 -0.0411	  2.7467
208.0000	 16.0000	  0.0129	 -0.0337	  3.2815
224.0000	 16.0000	  0.2008	 -0.0004	  2.5898
240.0000	 16.0000	 -0.0192	 -0.0007	  2.9720
256.0000	 16.0000	 -0.1051	 -0.0191	  3.0614
272.0000	 16.0000	  0.0861	 -0.0283	  2.6926
288.0000	 16.0000	  0.0147	 -0.0048	  2.9878
304.0000	 16.0000	 -0.0887	 -0.0075	  2.6384
320.0000	 16.0000	  0.0081	 -0.0130	  2.6996
336.0000	 16.0000	  0.0145	 -0.0060	  4.4331
352.0000	 16.0000	 -0.0256	 -0.0015	  3.2321
368.0000	 16.0000	  0.1000	 -0.0443	  2.4428
384.0000	 16.0000	  0.0093	 -0.0399	  2.8784
400.0000	 16.0000	 -0.0979	 -0.0026	  3.0159
416.0000	 16.0000	 -0.0081	  0.0003	  2.7784
432.0000	 16.0000	  0.0085	 -0.0125	  2.6535
448.0000	 16.0000	  0.0456	 -0.0101	  3.9116
464.0000	 16.0000	 -0.0050	 -0.0015	  2.9311
480.0000	 16.0000	 -0.0960	 -0.0006	  2.0182
496.0000	 16.0000	 -0.0079	 -0.0011	  2.2899
 16.0000	 32.0000	  0.0277	  0.0173	  3.6778
 32.0000	 32.0000	  0.0160	  0.0095	  4.5137
 48.0000	 32.0000	 -0.0006	  0.0001	  2.1455
 64.0000	 32.0000	  0.2880	 -0.0322	  2.1873
 80.0000	 32.0000	  0.0373	  0.0090	  3.4217
 96.0000	 32.0000	  0.0389	  0.0227	  3.6344
112.0000	 32.0000	  0.0159	 -0.0013	  3.2724
128.0000	 32.0000	 -0.1675	 -0.0065	  3.2565
144.0000	 32.0000	  0.0492	 -0.0130	  1.5899
160.0000	 32.0000	  0.0678	  0.0765	  1.1648
176.0000	 32.0000	-22.7942	-32.1802	  1.2004
192.0000	 32.0000	  0.0002	 -0.0004	  2.2888
208.0000	 32.0000	  0.0214	 -0.0018	  3.1888
224.0000	 32.0000	  0.0204	 -0.0056	  2.3410
240.0000	 32.0000	  0.0552	 -0.0761	  3.1043
256.0000	 32.0000	  0.0223	 -0.0413	  3.2782
272.0000	 32.0000	  0.0360	 -0.0351	  3.3459
288.0000	 32.0000	  0.0439	  0.0778	  2.3971
304.0000	 32.0000	  0.0045	  0.1172	  3.2401
320.0000	 32.0000	  0.0602	  0.0537	  1.9622
336.0000	 32.0000	  0.0885	 -0.0215	  2.8413
352.0000	 32.0000	  0.1490	 -0.1315	  1.8471
368.0000	 32.0000	  0.0552	 -0.0960	  2.3849
384.0000	 32.0000	  0.0143	 -0.0089	  1.6539
400.0000	 32.0000	  0.1227	 -0.0342	  3.7155
416.0000	 32.0000	  0.0121	 -0.0209	  4.1333
432.0000	 32.0000	 -0.3102	  0.0216	  1.6989
448.0000	 32.0000	 -0.0071	  0.0145	  1.0292
464.0000	 32.0000	-23.9231	 25.6743	  1.0975
480.0000	 32.0000	  0.0301	 -0.0000	  1.6658
496.0000	 32.0000	 -0.0022	 -0.0004	  1.9575
 16.0000	 48.0000	  1.3210	  0.0452	  1.7120
 32.0000	 48.0000	  0.4454	  0.0850	  2.6402
 48.0000	 48.0000	  0.3434	  0.0321	  1.4163
 64.0000	 48.0000	 -5.0186	 23.9701	  1.0255
 80.0000	 48.0000	  0.8096	  0.0121	  1.0040
 96.0000	 48.0000	  0.5969	  0.1668	  2.2116
112.0000	 48.0000	  1.0194	  0.0197	  1.9122
128.0000	 48.0000	  1.0606	 -0.1160	  1.6942
144.0000	 48.0000	  0.9183	 -0.0073	  1.8335
160.0000	 48.0000	  1.6914	 -0.1542	  2.2852
176.0000	 48.0000	  1.5983	 -0.1328	  2.3864
192.0000	 48.0000	  1.6644	  0.0176	  1.4588
208.0000	 48.0000	  1.1276	  0.0445	  2.1746
224.0000	 48.0000	  1.3164	  0.0020	  1.7323
240.0000	 48.0000	  0.6028	  0.0342	  2.3191
256.0000	 48.0000	  0.5192	  0.0286	  3.4833
272.0000	 48.0000	  0.6824	  0.0125	  2.8840
288.0000	 48.0000	  0.8000	 -0.0364	  2.2091
304.0000	 48.0000	  1.3673	 -0.0097	  1.8759
320.0000	 48.0000	  1.8250	 -0.0178	  2.7876
336.0000	 48.0000	  1.2529	  0.0384	  1.8202
352.0000	 48.0000	  0.9601	  0.0247	  2.4739
368.0000	 48.0000	  0.9093	  0.0379	  2.8968
384.0000	 48.0000	  0.4329	  0.0696	  1.8905
400.0000	 48.0000	  0.7243	 -0.0501	  3.1674
416.0000	 48.0000	  0.4927	 -0.0082	  2.9681
432.0000	 48.0000	  1.0191	 -0.0112	  1.1230
448.0000	 48.0000	  1.6030	 -0.1087	  1.8183
464.0000	 48.0000	  1.4557	 -0.1358	  2.3492
480.0000	 48.0000	  1.1054	 -0.1047	  3.3955
496.0000	 48.0000	  0.1620	  0.0012	  2.6329
 16.0000	 64.0000	  3.0697	 -0.0167	  2.3259
 32.0000	 64.0000	  3.0027	  0.0036	  1.9758
 48.0000	 64.0000	  2.5152	 -0.1354	  1.0494
 64.0000	 64.0000	  1.4754	  0.3149	  1.5531
 80.0000	 64.0000	 31.6825	 12.0172	  1.1144
 96.0000	 64.0000	  3.0417	 -0.0532	  2.0517
112.0000	 64.0000	  3.0067	 -0.0118	  2.9865
128.0000	 64.0000	  3.0717	 -0.0045	  2.2565
144.0000	 64.0000	  3.6852	 -0.0378	  1.6358
160.0000	 64.0000	  3.0832	  0.0363	  3.0436
176.0000	 64.0000	  2.1599	 -0.0417	  2.6113
192.0000	 64.0000	  3.0613	 -0.0232	  1.5366
208.0000	 64.0000	  2.8703	 -0.0174	  2.4827
224.0000	 64.0000	  2.1440	  0.0068	  1.5660
240.0000	 64.0000	  1.4989	  0.2017	  1.4559
256.0000	 64.0000	  2.0409	  0.0594	  2.1269
272.0000	 64.0000	  2.1344	  0.0227	  2.3823
288.0000	 64.0000	  2.4695	  0.0460	  1.8261
304.0000	 64.0000	  2.9314	 -0.0065	  2.4895
320.0000	 64.0000	  2.7427	 -0.0227	  2.7562
336.0000	 64.0000	  2.5521	 -0.0197	  1.8837
352.0000	 64.0000	  1.3438	  0.1824	  2.1333
368.0000	 64.0000	  2.3208	  0.1606	  2.0610
384.0000	 64.0000	  3.3899	 -0.0382	  2.5802
400.0000	 64.0000	  1.9617	  0.0830	  2.1904
416.0000	 64.0000	  2.5073	  0.0530	  2.2077
432.0000	 64.0000	  2.6900	 -0.0975	  1.5289
448.0000	 64.0000	  2.0193	 -0.0081	  1.7441
464.0000	 64.0000	  2.3669	 -0.0272	  2.4309
480.0000	 64.0000	  2.5606	  0.0523	  2.4003
496.0000	 64.0000	  3.1622	  0.0809	  1.7834
 16.0000	 80.0000	  4.9770	  0.0590	  2.4765
 32.0000	 80.0000	  4.9853	  0.0716	  2.4837
 48.0000	 80.0000	  4.9396	 -0.0276	  2.4905
 64.0000	 80.0000	  5.1949	 -0.0230	  2.1395
 80.0000	 80.0000	  5.6410	 -0.0054	  1.6612
 96.0000	 80.0000	  5.1667	  0.0044	  2.3549
112.0000	 80.0000	  4.6991	  0.0017	  2.5270
128.0000	 80.0000	  4.6102	 -0.0394	  1.8330
144.0000	 80.0000	  4.6889	 -0.0921	  2.1501
160.0000	 80.0000	  4.4324	  0.1037	  2.3938
176.0000	 80.0000	  5.1240	  0.0073	  1.7849
192.0000	 80.0000	  5.3894	  0.0149	  2.1485
208.0000	 80.0000	  5.2043	  0.0273	  2.2262
224.0000	 80.0000	  5.5537	 -0.0045	  1.4707
240.0000	 80.0000	  4.8762	  0.0042	  1.3197
256.0000	 80.0000	  4.6344	  0.0397	  2.1488
272.0000	 80.0000	  4.7521	  0.0225	  2.5048
288.0000	 80.0000	  4.5803	  0.0241	  2.0390
304.0000	 80.0000	  3.8650	  0.1259	  1.7522
320.0000	 80.0000	  3.8649	  0.0105	  2.4962
336.0000	 80.0000	  3.8055	  0.0145	  1.2548
352.0000	 80.0000	 -1.1309	 33.1794	  1.0508
368.0000	 80.0000	  4.9977	 -0.0002	  2.1108
384.0000	 80.0000	  4.8040	 -0.0047	  2.3119
400.0000	 80.0000	  4.5390	 -0.0265	  2.2558
416.0000	 80.0000	  4.7120	 -0.0398	  2.5408
432.0000	 80.0000	  5.0089	 -0.0329	  2.0255
448.0000	 80.0000	  5.1954	 -0.0273	  2.0095
464.0000	 80.0000	  5.0880	  0.0125	  2.4907
480.0000	 80.0000	  4.1914	  0.0455	  1.5130
496.0000	 80.0000	  4.2478	 -0.1272	  1.8872
 16.0000	 96.0000	  6.0040	 -0.1010	  2.2738
 32.0000	 96.0000	  6.2842	 -0.1440	  2.0729
 48.0000	 96.0000	  6.5138	 -0.0502	  1.6773
 64.0000	 96.0000	  5.9034	 -0.1015	  2.4486
 80.0000	 96.0000	  6.2963	 -0.4251	  1.3537
 96.0000	 96.0000	  6.8081	 -0.1607	  2.0244
112.0000	 96.0000	  6.7666	 -0.0056	  1.8634
128.0000	 96.0000	  7.0627	 -0.0552	  2.3580
144.0000	 96.0000	  6.9481	 -0.0746	  2.7849
160.0000	 96.0000	  6.3095	  0.0253	  1.6534
176.0000	 96.0000	  6.6957	  0.0403	  1.6214
192.0000	 96.0000	  7.0591	  0.0129	  3.7918
208.0000	 96.0000	  6.8995	  0.0010	  3.4859
224.0000	 96.0000	  6.6581	  0.0084	  2.0989
240.0000	 96.0000	  7.0032	 -0.0035	  2.2892
256.0000	 96.0000	  7.1232	 -0.0632	  1.6154
272.0000	 96.0000	  6.4286	  0.0762	  2.3283
288.0000	 96.0000	  6.3568	  0.0026	  1.6975
304.0000	 96.0000	  7.1894	 -0.0045	  1.1278
320.0000	 96.0000	  7.9183	  0.0066	  2.4980
336.0000	 96.0000	  7.8297	  0.0140	  2.0649
352.0000	 96.0000	  6.1588	 -0.0212	  1.3599
368.0000	 96.0000	  7.0408	  0.0028	  2.9974
384.0000	 96.0000	  7.3151	 -0.0023	  2.7097
400.0000	 96.0000	  7.1356	  0.0535	  2.3636
416.0000	 96.0000	  6.4238	  0.0676	  2.0322
432.0000	 96.0000	  7.1148	  0.0257	  2.1522
448.0000	 96.0000	  6.9786	 -0.0778	  2.2437
464.0000	 96.0000	  6.4223	 -0.0400	  2.2222
480.0000	 96.0000	  6.9222	 -0.0025	  2.1872
496.0000	 96.0000	  6.1819	  0.0525	  1.9428
 16.0000	112.0000	  8.4821	  0.0061	  2.2765
 32.0000	112.0000	  7.9431	  0.0047	  2.5494
 48.0000	112.0000	  7.8591	  0.0511	  2.7079
 64.0000	112.0000	  8.6065	 -0.0444	  2.2070
 80.0000	112.0000	  8.6270	 -0.0466	  1.9681
 96.0000	112.0000	  7.9237	  0.0008	  1.9801
112.0000	112.0000	  7.8567	  0.0087	  1.7604
128.0000	112.0000	  7.7815	  0.1495	  2.2230
144.0000	112.0000	  7.7021	  0.1010	  2.4307
160.0000	112.0000	  8.8010	 -0.1120	  1.6336
176.0000	112.0000	  9.0169	 -0.4091	  1.9248
192.0000	112.0000	  7.8209	 -0.1126	  2.9961
208.0000	112.0000	  8.1486	 -0.0425	  2.7554
224.0000	112.0000	  8.1701	  0.0013	  2.0658
240.0000	112.0000	  7.4973	  0.0227	  2.4100
256.0000	112.0000	  8.0932	  0.0038	  1.8742
272.0000	112.0000	  8.4065	  0.0024	  2.1244
288.0000	112.0000	  8.5915	 -0.0596	  1.9220
304.0000	112.0000	  8.5298	 -0.0506	  1.5739
320.0000	112.0000	  8.2784	  0.0069	  2.9731
336.0000	112.0000	  7.9297	  0.0111	  2.5253
352.0000	112.0000	  8.1349	 -0.0073	  1.0560
368.0000	112.0000	  8.1756	 -0.0112	  3.3025
384.0000	112.0000	  7.9153	  0.0079	  3.6576
400.0000	112.0000	  8.1585	 -0.0144	  2.9532
416.0000	112.0000	  8.6158	 -0.0923	  2.5504
432.0000	112.0000	  8.1026	 -0.0332	  2.8466
448.0000	112.0000	  7.9841	  0.0164	  1.9590
464.0000	112.0000	  8.6692	 -0.0101	  1.9933
480.0000	112.0000	  8.3223	 -0.0195	  1.8591
496.0000	112.0000	  7.3695	  0.2365	  2.0690
 16.0000	128.0000	  9.6424	 -0.0279	  2.9395
 32.0000	128.0000	  9.6798	  0.0003	  1.2410
 48.0000	128.0000	 10.1182	 -0.0184	  2.3651
 64.0000	128.0000	 10.1835	  0.0786	  2.9660
 80.0000	128.0000	  9.8215	  0.1664	  2.0655
 96.0000	128.0000	 10.2681	  0.1032	  2.1431
112.0000	128.0000	 10.4377	 -0.0072	  1.4482
128.0000	128.0000	  9.6498	 -0.0084	  1.4708
144.0000	128.0000	  9.4332	  0.0495	  1.8718
160.0000	128.0000	  9.6915	  0.0270	  2.5702
176.0000	128.0000	  9.7239	 -0.0101	  1.6855
192.0000	128.0000	  9.6184	 -0.0099	  1.6670
208.0000	128.0000	  9.5228	 -0.0042	  2.1009
224.0000	128.0000	  9.7688	 -0.0222	  1.9739
240.0000	128.0000	 10.5199	 -0.1610	  1.2877
256.0000	128.0000	 36.7858	  5.0500	  1.0596
272.0000	128.0000	  9.9985	  0.0453	  2.1784
288.0000	128.0000	  9.7746	 -0.0253	  3.1280
304.0000	128.0000	  9.7527	 -0.0706	  2.4716
320.0000	128.0000	 10.2809	 -0.0993	  1.2622
336.0000	128.0000	 10.4724	 -0.0418	  1.0789
352.0000	128.0000	 10.2975	 -0.0705	  2.5581
368.0000	128.0000	  9.6775	 -0.0656	  2.0057
384.0000	128.0000	  9.1448	  0.0387	  1.7647
400.0000	128.0000	  9.2467	  0.1487	  2.0394
416.0000	128.0000	  9.1490	  0.0254	  2.9701
432.0000	128.0000	  9.5316	 -0.0362	  2.5868
448.0000	128.0000	  9.9783	 -0.0673	  1.9538
464.0000	128.0000	  9.8154	 -0.0124	  2.5750
480.0000	128.0000	  9.9574	  0.0037	  1.8577
496.0000	128.0000	-12.0523	 -7.6927	  1.1092
 16.0000	144.0000	 10.4393	 -0.0864	  1.6754
 32.0000	144.0000	 11.5946	  0.0703	  2.5130
 48.0000	144.0000	 11.1961	  0.0224	  3.6109
 64.0000	144.0000	 10.9240	  0.1033	  2.5250
 80.0000	144.0000	 11.0793	  0.0409	  2.4208
 96.0000	144.0000	 11.1200	 -0.0160	  2.6816
112.0000	144.0000	 10.9610	 -0.0152	  2.5233
128.0000	144.0000	  9.8967	  0.0370	  1.0706
144.0000	144.0000	 11.3952	 -0.2245	  2.1494
160.0000	144.0000	 11.4339	 -0.1433	  2.6104
176.0000	144.0000	 11.3016	  0.1619	  1.7427
192.0000	144.0000	 11.1554	  0.2584	  1.7524
208.0000	144.0000	 10.7783	  0.2823	  1.2926
224.0000	144.0000	 10.9101	 -0.0141	  2.0851
240.0000	144.0000	 11.5759	 -0.0266	  2.6369
256.0000	144.0000	 11.7963	 -0.0859	  1.9239
272.0000	144.0000	 10.7746	 -0.1270	  1.7287
288.0000	144.0000	 10.2846	  0.0756	  1.4791
304.0000	144.0000	 10.7313	 -0.0160	  1.6242
320.0000	144.0000	 11.5848	 -0.0464	  2.3977
336.0000	144.0000	 11.5924	 -0.0444	  3.2724
352.0000	144.0000	 10.9360	  0.0292	  2.8823
368.0000	144.0000	 10.7504	  0.0854	  2.0277
384.0000	144.0000	 11.3415	  0.0499	  1.1801
400.0000	144.0000	 11.4505	 -0.0978	  1.3165
416.0000	144.0000	 10.8582	  0.3229	  1.4645
432.0000	144.0000	 10.8877	  0.1424	  2.3610
448.0000	144.0000	 11.1992	 -0.0002	  3.0277
464.0000	144.0000	 11.1491	  0.0016	  3.1192
480.0000	144.0000	 11.1040	  0.0058	  1.9144
496.0000	144.0000	-11.4319	 -7.3872	  1.0977
 16.0000	160.0000	 12.1111	  0.0067	  1.2424
 32.0000	160.0000	 12.0708	  0.0079	  2.9891
 48.0000	160.0000	 11.8879	  0.0137	  3.3743
 64.0000	160.0000	 11.8625	 -0.0008	  1.8542
 80.0000	160.0000	 11.9768	 -0.0039	  1.7303
 96.0000	160.0000	 11.7742	  0.0119	  2.1730
112.0000	160.0000	 12.2940	  0.0432	  2.5955
128.0000	160.0000	 12.7437	 -0.0146	  2.6872
144.0000	160.0000	 12.4334	  0.0152	  3.2021
160.0000	160.0000	 12.4509	 -0.0251	  4.3465
176.0000	160.0000	 12.4650	 -0.0702	  3.8488
192.0000	160.0000	 12.3750	 -0.0642	  2.4415
208.0000	160.0000	 12.4826	 -0.0957	  2.1997
224.0000	160.0000	 12.6106	  0.0280	  2.8532
240.0000	160.0000	 12.3467	  0.0010	  4.0239
256.0000	160.0000	 12.1622	  0.0051	  3.8811
272.0000	160.0000	 12.2419	 -0.0785	  1.4203
288.0000	160.0000	 20.4901	-11.3191	  1.0157
304.0000	160.0000	 12.7382	  0.0437	  1.4782
320.0000	160.0000	 12.3409	 -0.0014	  3.0949
336.0000	160.0000	 12.1989	 -0.0454	  2.8635
352.0000	160.0000	 12.4027	  0.0487	  1.7574
368.0000	160.0000	 12.4509	  0.0235	  2.1449
384.0000	160.0000	 11.9037	  0.0035	  1.1821
400.0000	160.0000	 12.2617	  0.0158	  3.3035
416.0000	160.0000	 12.4997	  0.0153	  2.5329
432.0000	160.0000	 12.4256	  0.0297	  2.5185
448.0000	160.0000	 12.2992	  0.0169	  3.2994
464.0000	160.0000	 12.4311	  0.0684	  3.0454
480.0000	160.0000	 12.3600	  0.0984	  2.0687
496.0000	160.0000	 -4.7154	-13.9544	  1.1857
 16.0000	176.0000	 13.7469	 -0.0123	  3.5205
 32.0000	176.0000	 13.6649	  0.0007	  3.5571
 48.0000	176.0000	 13.5636	 -0.0058	  2.4039
 64.0000	176.0000	 13.1872	 -0.0489	  1.6094
 80.0000	176.0000	 13.2097	 -0.0576	  1.4174
 96.0000	176.0000	 13.2968	  0.0054	  2.3694
112.0000	176.0000	 13.1883	 -0.0020	  3.9079
128.0000	176.0000	 13.2999	 -0.0017	  4.7690
144.0000	176.0000	 13.2267	  0.0925	  3.1054
160.0000	176.0000	 12.9539	  0.1249	  4.1735
176.0000	176.0000	 12.7823	  0.1199	  3.0757
192.0000	176.0000	 13.1978	  0.0173	  2.4663
208.0000	176.0000	 13.3972	 -0.0221	  3.0962
224.0000	176.0000	 13.1577	 -0.0454	  2.9864
240.0000	176.0000	 12.8439	 -0.0582	  2.4832
256.0000	176.0000	 12.8659	  0.0074	  2.9815
272.0000	176.0000	 13.3155	  0.0081	  3.4192
288.0000	176.0000	 13.5103	 -0.0199	  2.7981
304.0000	176.0000	 13.4506	  0.0378	  2.2513
320.0000	176.0000	 13.3316	  0.0226	  2.8134
336.0000	176.0000	 13.5456	 -0.0498	  2.6519
352.0000	176.0000	 13.2934	 -0.0176	  2.1988
368.0000	176.0000	 13.2093	 -0.0336	  3.4845
384.0000	176.0000	 13.5263	  0.0073	  1.5972
400.0000	176.0000	 13.1269	  0.0324	  2.8139
416.0000	176.0000	 13.1293	  0.0195	  3.5538
432.0000	176.0000	 13.3907	 -0.1305	  2.9776
448.0000	176.0000	 13.3554	 -0.0477	  4.1994
464.0000	176.0000	 13.1784	  0.0124	  3.1513
480.0000	176.0000	 13.2598	 -0.0214	  2.9985
496.0000	176.0000	 13.3458	  0.0038	  2.1626
 16.0000	192.0000	 13.9777	  0.0194	  4.2582
 32.0000	192.0000	 13.8050	  0.0514	  3.9094
 48.0000	192.0000	 14.0101	  0.0027	  3.5106
 64.0000	192.0000	 14.1153	 -0.0641	  2.8141
 80.0000	192.0000	 13.8624	  0.0048	  1.7341
 96.0000	192.0000	 13.9270	  0.0480	  2.1823
112.0000	192.0000	 13.9575	 -0.0178	  2.9162
128.0000	192.0000	 14.0636	 -0.0463	  3.5840
144.0000	192.0000	 13.9534	  0.0558	  3.2223
160.0000	192.0000	 13.6382	  0.1769	  2.2003
176.0000	192.0000	 14.0923	  0.0135	  2.3399
192.0000	192.0000	 14.1710	 -0.0937	  2.2089
208.0000	192.0000	 14.0271	 -0.0012	  2.2297
224.0000	192.0000	 14.1026	 -0.0015	  2.4751
240.0000	192.0000	 14.1325	  0.0006	  2.1652
256.0000	192.0000	 14.1809	  0.0287	  1.4382
272.0000	192.0000	 13.6182	  0.0549	  2.9269
288.0000	192.0000	 13.7223	  0.0353	  2.7999
304.0000	192.0000	 14.0180	 -0.0107	  2.7494
320.0000	192.0000	 13.9788	  0.0857	  2.7587
336.0000	192.0000	 14.1977	  0.1218	  2.8257
352.0000	192.0000	 13.9491	 -0.0018	  2.5436
368.0000	192.0000	 13.7452	 -0.0006	  2.3389
384.0000	192.0000	 14.2239	 -0.0030	  2.7684
400.0000	192.0000	 14.1810	 -0.0492	  3.2168
416.0000	192.0000	 14.0137	 -0.0630	  3.2073
432.0000	192.0000	 13.9443	 -0.0108	  2.9246
448.0000	192.0000	 13.9106	  0.0070	  3.9560
464.0000	192.0000	 14.0777	  0.0120	  3.6003
480.0000	192.0000	 13.9377	  0.0007	  2.5941
496.0000	192.0000	 13.7448	  0.0029	  2.2994
 16.0000	208.0000	 14.6691	  0.0084	  3.9479
 32.0000	208.0000	 15.0038	  0.0118	  2.6126
 48.0000	208.0000	 14.5659	  0.0285	  2.0272
 64.0000	208.0000	 14.5017	  0.0395	  2.0790
 80.0000	208.0000	 14.4670	  0.0587	  1.7359
 96.0000	208.0000	 14.4118	 -0.0198	  1.7070
112.0000	208.0000	 14.7416	 -0.0980	  3.6213
128.0000	208.0000	 14.7213	 -0.1437	  3.5030
144.0000	208.0000	 14.3867	 -0.1973	  1.6690
160.0000	208.0000	 14.7071	 -0.0450	  2.4436
176.0000	208.0000	 14.7716	  0.0041	  3.6058
192.0000	208.0000	 14.5638	  0.0009	  2.7252
208.0000	208.0000	 14.2614	  0.0617	  1.9276
224.0000	208.0000	 14.2479	  0.0817	  2.1230
240.0000	208.0000	 14.4613	 -0.0442	  2.7015
256.0000	208.0000	 14.8904	 -0.3408	  2.3684
272.0000	208.0000	 14.8162	 -0.4370	  1.7710
288.0000	208.0000	 14.4626	 -0.0203	  1.9190
304.0000	208.0000	 14.6706	 -0.0537	  3.8574
320.0000	208.0000	 14.7734	 -0.0624	  3.0278
336.0000	208.0000	 14.5823	 -0.0099	  1.2572
352.0000	208.0000	 14.4531	  0.2939	  1.1217
368.0000	208.0000	 14.6250	  0.1373	  2.0950
384.0000	208.0000	 14.6670	 -0.0300	  2.9802
400.0000	208.0000	 14.5236	 -0.0015	  2.7287
416.0000	208.0000	 14.3388	  0.1202	  2.0934
432.0000	208.0000	 14.2567	  0.3146	  1.7165
448.0000	208.0000	 14.4453	  0.2616	  1.6045
464.0000	208.0000	 14.5969	 -0.0102	  2.1851
480.0000	208.0000	 14.5180	 -0.0179	  1.8588
496.0000	208.0000	  8.0071	 20.1488	  1.0661
 16.0000	224.0000	 15.0265	 -0.0045	  3.0127
 32.0000	224.0000	 15.1702	 -0.0016	  2.2934
 48.0000	224.0000	 15.2693	  0.0049	  2.9967
 64.0000	224.0000	 15.1892	  0.0136	  3.4334
 80.0000	224.0000	 15.1389	  0.0212	  2.1114
 96.0000	224.0000	 15.0101	 -0.0029	  1.0110
112.0000	224.0000	 15.0169	  0.0961	  3.4193
128.0000	224.0000	 15.1383	  0.0529	  3.4039
144.0000	224.0000	 15.2557	 -0.0051	  2.4146
160.0000	224.0000	 15.0586	  0.0023	  2.4286
176.0000	224.0000	 15.0322	  0.0910	  3.1839
192.0000	224.0000	 14.8999	  0.0796	  3.3454
208.0000	224.0000	 15.0827	 -0.0319	  2.2725
224.0000	224.0000	 15.3999	 -0.0133	  1.7430
240.0000	224.0000	 15.0170	  0.0138	  1.4410
256.0000	224.0000	 15.1718	 -0.0082	  2.6858
272.0000	224.0000	 15.1374	 -0.0058	  2.5949
288.0000	224.0000	 15.0970	 -0.3730	  2.1570
304.0000	224.0000	 15.0454	 -0.1841	  3.0784
320.0000	224.0000	 15.0719	  0.0109	  2.2749
336.0000	224.0000	 15.2754	  0.0492	  2.3224
352.0000	224.0000	 15.1199	 -0.0184	  2.4328
368.0000	224.0000	 15.0896	 -0.0229	  2.4546
384.0000	224.0000	 15.1197	  0.0400	  2.4859
400.0000	224.0000	 15.1772	  0.2465	  1.8677
416.0000	224.0000	 15.1731	  0.1686	  1.7875
432.0000	224.0000	 15.3271	  0.0426	  1.8210
448.0000	224.0000	 14.9992	  0.0011	  1.2073
464.0000	224.0000	 14.8858	  0.0016	  1.2197
480.0000	224.0000	 -6.3627	 -9.0149	  1.1055
496.0000	224.0000	-11.5696	 22.8310	  1.1368
 16.0000	240.0000	 15.3928	  0.0327	  3.5492
 32.0000	240.0000	 15.4524	  0.0254	  3.3138
 48.0000	240.0000	 15.3902	 -0.0051	  3.2144
 64.0000	240.0000	 15.3257	  0.0022	  2.7965
 80.0000	240.0000	 15.4287	  0.0164	  2.5939
 96.0000	240.0000	 15.4203	 -0.0009	  1.9053
112.0000	240.0000	 15.2941	  0.2537	  2.3594
128.0000	240.0000	 15.3201	  0.1808	  2.1896
144.0000	240.0000	 15.3790	  0.1080	  1.9656
160.0000	240.0000	 15.4352	  0.0608	  2.7349
176.0000	240.0000	 15.3945	  0.0492	  2.9022
192.0000	240.0000	 15.4614	 -0.0025	  2.7253
208.0000	240.0000	 15.4198	 -0.0217	  3.0570
224.0000	240.0000	 15.4693	  0.0006	  3.3729
240.0000	240.0000	 15.4629	  0.0098	  2.2589
256.0000	240.0000	 15.3281	  0.0879	  2.6466
272.0000	240.0000	 15.3195	  0.1095	  2.9300
288.0000	240.0000	 15.4015	 -0.0002	  2.4565
304.0000	240.0000	 15.3506	  0.0294	  2.2784
320.0000	240.0000	 15.5023	  0.0556	  1.6953
336.0000	240.0000	 15.3762	  0.0305	  2.7313
352.0000	240.0000	 15.2913	  0.0174	  3.0144
368.0000	240.0000	 15.3588	 -0.0018	  2.4719
384.0000	240.0000	 15.3921	  0.0421	  2.4080
400.0000	240.0000	 15.5707	  0.0280	  2.4988
416.0000	240.0000	 15.5439	 -0.1484	  2.5264
432.0000	240.0000	 15.3407	 -0.0981	  3.0053
448.0000	240.0000	 15.0335	  0.0001	  1.9067
464.0000	240.0000	 15.3814	 -0.0018	  2.0887
480.0000	240.0000	 15.4821	 -0.0027	  1.7427
496.0000	240.0000	-17.8574	-31.7387	  1.2698
 16.0000	256.0000	 15.4133	  0.0138	  4.1858
 32.0000	256.0000	 15.4538	 -0.0289	  4.5133
 48.0000	256.0000	 15.4406	 -0.0534	  4.5479
 64.0000	256.0000	 15.4260	 -0.0908	  1.4223
 80.0000	256.0000	 15.4815	 -0.1387	  1.5087
 96.0000	256.0000	 15.4579	 -0.0529	  1.6102
112.0000	256.0000	-12.1226	-23.4594	  1.2926
128.0000	256.0000	 15.4410	 -0.1600	  2.0996
144.0000	256.0000	 15.4853	 -0.1532	  1.8111
160.0000	256.0000	 15.5166	 -0.0077	  1.6386
176.0000	256.0000	 15.4851	  0.0630	  2.3017
192.0000	256.0000	 15.5098	 -0.0347	  2.8619
208.0000	256.0000	 15.4239	 -0.0117	  2.2524
224.0000	256.0000	 15.5048	 -0.0444	  2.4686
240.0000	256.0000	 15.4540	  0.0023	  3.7390
256.0000	256.0000	 15.4146	  0.0724	  2.1250
272.0000	256.0000	 15.5233	 -0.0760	  2.0947
288.0000	256.0000	 15.4266	  0.1542	  2.7299
304.0000	256.0000	 15.4023	  0.1613	  2.7944
320.0000	256.0000	 15.4871	 -0.0326	  1.5945
336.0000	256.0000	 15.4580	 -0.1042	  2.3200
352.0000	256.0000	 15.4829	 -0.0527	  2.9484
368.0000	256.0000	 15.4656	  0.0301	  1.7195
384.0000	256.0000	 15.4740	  0.0107	  2.2799
400.0000	256.0000	 15.5422	 -0.0229	  3.1971
416.0000	256.0000	 15.5382	 -0.0744	  3.3099
432.0000	256.0000	 15.5086	 -0.0639	  4.2107
448.0000	256.0000	 15.3824	 -0.0264	  2.9346
464.0000	256.0000	 15.4199	 -0.0353	  3.3597
480.0000	256.0000	 15.5012	  0.0331	  3.5661
496.0000	256.0000	 -6.2150	 -0.5354	  1.0606
 16.0000	272.0000	 15.1412	 -0.0354	  3.5869
 32.0000	272.0000	 15.3759	 -0.0466	  3.4997
 48.0000	272.0000	 15.3719	 -0.0594	  3.1082
 64.0000	272.0000	 15.4498	  0.0154	  1.9748
 80.0000	272.0000	 15.3905	  0.0300	  2.2966
 96.0000	272.0000	 15.2572	 -0.0074	  2.0424
112.0000	272.0000	 15.4343	 -0.0004	  1.2125
128.0000	272.0000	 15.4296	  0.0044	  2.4098
144.0000	272.0000	 15.3223	 -0.0000	  2.8512
160.0000	272.0000	 15.2059	 -0.0010	  1.8197
176.0000	272.0000	 15.6122	 -0.0294	  1.2056
192.0000	272.0000	 15.3386	  0.0094	  2.4286
208.0000	272.0000	 15.3451	  0.0048	  3.1997
224.0000	272.0000	 15.3764	  0.0382	  2.4674
240.0000	272.0000	 15.2493	 -0.0701	  2.8394
256.0000	272.0000	 15.3742	  0.0169	  2.2489
272.0000	272.0000	 15.5277	  0.2070	  1.8026
288.0000	272.0000	 15.4239	 -0.0321	  2.2712
304.0000	272.0000	 15.3334	 -0.0004	  3.0701
320.0000	272.0000	 15.3342	 -0.0305	  2.3631
336.0000	272.0000	 15.3930	  0.0098	  2.4964
352.0000	272.0000	 15.4015	  0.0179	  4.3330
368.0000	272.0000	 15.3865	 -0.0026	  2.3224
384.0000	272.0000	 15.3311	 -0.0502	  3.0569
400.0000	272.0000	 15.3054	 -0.0466	  3.2796
416.0000	272.0000	 15.3419	  0.1038	  3.0865
432.0000	272.0000	 15.4975	  0.0752	  3.7625
448.0000	272.0000	 15.4359	 -0.0097	  3.4564
464.0000	272.0000	 15.3471	 -0.0598	  3.9655
480.0000	272.0000	 15.4876	 -0.0488	  3.6671
496.0000	272.0000	 15.0839	  0.0290	  1.7617
 16.0000	288.0000	 15.0004	  0.0009	  3.0102
 32.0000	288.0000	 15.2049	  0.0936	  3.1653
 48.0000	288.0000	 15.2115	  0.1123	  2.6260
 64.0000	288.0000	 15.2601	  0.0921	  2.6645
 80.0000	288.0000	 15.2982	  0.1667	  2.8610
 96.0000	288.0000	 15.0700	 -0.1590	  2.3590
112.0000	288.0000	 15.0614	 -0.1483	  2.1624
128.0000	288.0000	 15.0652	  0.1161	  2.2472
144.0000	288.0000	 15.1257	  0.0651	  2.9073
160.0000	288.0000	 15.0634	  0.0016	  3.1261
176.0000	288.0000	 15.0162	 -0.0019	  3.0435
192.0000	288.0000	 15.0643	 -0.0116	  3.6586
208.0000	288.0000	 15.1481	 -0.0073	  3.5771
224.0000	288.0000	 15.0911	 -0.0048	  3.2469
240.0000	288.0000	 15.0156	  0.0260	  2.4895
256.0000	288.0000	 15.1079	 -0.0091	  2.5240
272.0000	288.0000	 15.2009	 -0.0911	  1.2577
288.0000	288.0000	 15.1695	  0.0571	  1.2826
304.0000	288.0000	 15.0692	  0.0123	  2.3235
320.0000	288.0000	 14.9956	 -0.0109	  3.3917
336.0000	288.0000	 15.1025	  0.0720	  3.3642
352.0000	288.0000	 15.2108	  0.0713	  3.7430
368.0000	288.0000	 15.1486	 -0.0103	  2.2563
384.0000	288.0000	 15.1834	 -0.0324	  3.4097
400.0000	288.0000	 15.1421	 -0.0301	  3.3556
416.0000	288.0000	 15.0541	  0.0136	  2.3798
432.0000	288.0000	 15.2049	  0.0258	  1.7660
448.0000	288.0000	 15.1577	  0.0170	  2.7430
464.0000	288.0000	 15.1355	 -0.0033	  3.1642
480.0000	288.0000	 15.2096	 -0.0011	  2.8570
496.0000	288.0000	 14.7517	  0.0260	  2.5142
 16.0000	304.0000	 14.6348	 -0.0236	  3.2432
 32.0000	304.0000	 14.7559	  0.0458	  2.2577
 48.0000	304.0000	 14.8864	  0.3755	  1.5179
 64.0000	304.0000	 14.6202	  0.0080	  2.9312
 80.0000	304.0000	 14.5286	  0.0028	  3.1225
 96.0000	304.0000	 14.6761	  0.0009	  3.0410
112.0000	304.0000	 14.8174	  0.0008	  3.3564
128.0000	304.0000	 14.8369	 -0.0520	  2.8358
144.0000	304.0000	 14.8136	 -0.0481	  2.7862
160.0000	304.0000	 14.8768	 -0.0007	  3.7818
176.0000	304.0000	 14.8467	 -0.0092	  2.8189
192.0000	304.0000	 14.6753	 -0.0168	  2.8865
208.0000	304.0000	 14.6647	 -0.0288	  2.0414
224.0000	304.0000	 14.8057	 -0.0262	  2.5685
240.0000	304.0000	 14.7398	  0.1383	  2.0984
256.0000	304.0000	 14.7947	  0.1237	  3.0086
272.0000	304.0000	 14.7507	  0.0257	  1.6762
288.0000	304.0000	 14.6552	 -0.0090	  1.9689
304.0000	304.0000	 14.7563	 -0.0284	  2.4491
320.0000	304.0000	 14.7281	 -0.0212	  3.5730
336.0000	304.0000	 14.6804	 -0.0020	  3.3673
352.0000	304.0000	 14.7745	  0.0062	  2.7605
368.0000	304.0000	 14.7307	  0.0211	  1.7121
384.0000	304.0000	 14.4763	  0.0131	  1.7028
400.0000	304.0000	 14.7706	  0.0531	  1.9325
416.0000	304.0000	 14.5778	 -0.0399	  2.4285
432.0000	304.0000	 14.5603	 -0.0387	  2.5388
448.0000	304.0000	 14.6112	 -0.0712	  2.7094
464.0000	304.0000	 14.7133	 -0.0230	  3.1449
480.0000	304.0000	 14.7116	  0.0107	  2.5751
496.0000	304.0000	 14.3650	 -0.0020	  1.2524
 16.0000	320.0000	 14.2744	  0.0637	  2.5975
 32.0000	320.0000	 14.2423	  0.1263	  1.7367
 48.0000	320.0000	 14.0005	  0.0666	  1.5953
 64.0000	320.0000	 14.1867	 -0.0611	  2.7768
 80.0000	320.0000	 14.2749	 -0.1232	  2.3315
 96.0000	320.0000	 14.3788	  0.1449	  2.4987
112.0000	320.0000	 14.3434	  0.0686	  2.7669
128.0000	320.0000	 13.8357	 -0.2540	  1.5105
144.0000	320.0000	 13.7504	 -0.1029	  2.6825
160.0000	320.0000	 13.9352	  0.0069	  3.6758
176.0000	320.0000	 14.0118	  0.0081	  2.5562
192.0000	320.0000	 14.0244	 -0.0452	  3.1888
208.0000	320.0000	 13.9099	 -0.0282	  3.4737
224.0000	320.0000	 14.0450	  0.0351	  1.9830
240.0000	320.0000	 14.0747	 -0.0588	  2.1346
256.0000	320.0000	 14.0801	 -0.0530	  3.2074
272.0000	320.0000	 14.1546	 -0.0100	  2.4487
288.0000	320.0000	 14.0004	 -0.0838	  2.4452
304.0000	320.0000	 14.3097	 -0.0658	  1.9777
320.0000	320.0000	 14.2481	  0.0525	  3.2061
336.0000	320.0000	 14.1558	  0.0601	  2.5985
352.0000	320.0000	 14.5885	  0.0614	  1.9049
368.0000	320.0000	 14.3849	 -0.0014	  1.1575
384.0000	320.0000	 14.0202	 -0.0051	  1.7714
400.0000	320.0000	 14.2540	  0.0197	  1.2510
416.0000	320.0000	 14.3012	 -0.0072	  2.2466
432.0000	320.0000	 14.2936	 -0.0283	  3.2392
448.0000	320.0000	 14.1673	 -0.0253	  2.6030
464.0000	320.0000	 14.0580	 -0.0013	  2.6918
480.0000	320.0000	 14.2288	 -0.0056	  2.2478
496.0000	320.0000	 13.9417	 -0.0097	  1.4016
 16.0000	336.0000	 13.4656	  0.0035	  1.4708
 32.0000	336.0000	 13.0905	  0.0115	  2.3740
 48.0000	336.0000	 13.1194	  0.0066	  3.4662
 64.0000	336.0000	 13.3304	 -0.0103	  2.5913
 80.0000	336.0000	 13.1052	 -0.0218	  1.4672
 96.0000	336.0000	 12.7968	  0.0343	  1.9086
112.0000	336.0000	 13.0471	 -0.0594	  2.6891
128.0000	336.0000	 13.1007	 -0.0364	  2.7639
144.0000	336.0000	 13.2643	  0.0337	  3.4369
160.0000	336.0000	 13.4555	 -0.0277	  3.1882
176.0000	336.0000	 13.4027	 -0.0457	  2.4823
192.0000	336.0000	 13.5938	 -0.0028	  2.4387
208.0000	336.0000	 13.5066	 -0.0164	  3.2620
224.0000	336.0000	 13.2946	 -0.0066	  3.0675
240.0000	336.0000	 13.2764	 -0.0511	  1.7908
256.0000	336.0000	 13.4884	 -0.0645	  2.0582
272.0000	336.0000	 13.5841	 -0.0001	  2.0353
288.0000	336.0000	 13.5998	 -0.0369	  2.3065
304.0000	336.0000	 13.2167	  0.0092	  2.0027
320.0000	336.0000	 13.0930	 -0.0033	  2.3919
336.0000	336.0000	 13.0465	 -0.0851	  1.5778
352.0000	336.0000	 12.8352	 -0.0756	  2.0300
368.0000	336.0000	 12.9833	 -0.0341	  3.5270
384.0000	336.0000	 12.8507	 -0.1060	  3.3884
400.0000	336.0000	 12.3484	 -0.1503	  2.2487
416.0000	336.0000	 12.7652	  0.1193	  1.4074
432.0000	336.0000	 13.5768	  0.2633	  2.5082
448.0000	336.0000	 13.5329	  0.1906	  2.1766
464.0000	336.0000	 13.2577	  0.0741	  2.4445
480.0000	336.0000	 13.0959	 -0.0043	  2.5292
496.0000	336.0000	 13.2215	  0.0425	  1.2630
 16.0000	352.0000	 12.1795	  0.0127	  1.8154
 32.0000	352.0000	 12.3904	 -0.0301	  2.6182
 48.0000	352.0000	 12.4340	 -0.0558	  3.3257
 64.0000	352.0000	 12.3592	 -0.0047	  2.7058
 80.0000	352.0000	 12.3896	  0.1807	  1.8438
 96.0000	352.0000	 12.3614	 -0.0298	  2.2866
112.0000	352.0000	 12.2401	 -0.0185	  3.3924
128.0000	352.0000	 12.4158	  0.0868	  2.7253
144.0000	352.0000	 12.7472	  0.1708	  2.3918
160.0000	352.0000	 12.6177	 -0.0258	  1.8296
176.0000	352.0000	 12.0824	  0.0479	  2.8461
192.0000	352.0000	 11.8743	  0.0336	  3.2591
208.0000	352.0000	 12.5317	  0.0903	  2.4716
224.0000	352.0000	 12.4842	  0.0481	  2.9318
240.0000	352.0000	 12.2409	  0.0746	  2.2421
256.0000	352.0000	 -8.0288	-12.7957	  1.0003
272.0000	352.0000	 12.2070	 -0.2165	  2.0573
288.0000	352.0000	 12.3364	 -0.0667	  2.4383
304.0000	352.0000	 12.4843	  0.0685	  1.8310
320.0000	352.0000	 12.1311	  0.0024	  2.2123
336.0000	352.0000	 12.2444	 -0.0036	  3.0309
352.0000	352.0000	 12.4762	 -0.0047	  1.7950
368.0000	352.0000	 12.6539	  0.0426	  2.5681
384.0000	352.0000	 12.5813	  0.0347	  3.3271
400.0000	352.0000	 12.1365	 -0.1967	  2.8820
416.0000	352.0000	 11.9447	 -0.3211	  2.2153
432.0000	352.0000	 12.2205	 -0.0144	  2.2954
448.0000	352.0000	 12.1709	 -0.0154	  2.1430
464.0000	352.0000	 12.1044	 -0.0182	  3.1932
480.0000	352.0000	 12.1712	  0.0487	  2.0854
496.0000	352.0000	 12.0912	  0.0252	  1.2318
 16.0000	368.0000	 11.0677	  0.0077	  2.2457
 32.0000	368.0000	 11.2290	  0.0057	  1.6203
 48.0000	368.0000	 11.1085	  0.0245	  1.6836
 64.0000	368.0000	 11.1067	  0.0272	  1.3564
 80.0000	368.0000	 11.4621	 -0.0145	  1.4653
 96.0000	368.0000	 11.1579	 -0.0368	  2.4102
112.0000	368.0000	 11.3452	  0.0115	  2.6419
128.0000	368.0000	 11.4101	  0.0265	  2.5919
144.0000	368.0000	 11.2701	 -0.0417	  1.9415
160.0000	368.0000	 11.4064	 -0.0327	  1.6166
176.0000	368.0000	 11.4138	  0.0007	  3.4215
192.0000	368.0000	 11.4198	  0.0102	  4.0760
208.0000	368.0000	 11.3898	 -0.0362	  2.0892
224.0000	368.0000	 11.5164	  0.0253	  2.1047
240.0000	368.0000	 11.0098	  0.0029	  2.2206
256.0000	368.0000	 10.5118	  0.0409	  2.4703
272.0000	368.0000	 10.7665	 -0.1525	  2.2719
288.0000	368.0000	 11.0768	 -0.1515	  3.0897
304.0000	368.0000	 11.2611	  0.0002	  1.4341
320.0000	368.0000	 11.2163	  0.0007	  1.7659
336.0000	368.0000	 11.0960	  0.0381	  2.7918
352.0000	368.0000	 10.6888	  0.1195	  1.7068
368.0000	368.0000	 10.8997	  0.0287	  2.8563
384.0000	368.0000	 11.0691	  0.0177	  2.3736
400.0000	368.0000	 11.0958	  0.0685	  3.0557
416.0000	368.0000	 11.0541	  0.0119	  2.6465
432.0000	368.0000	 10.9344	 -0.0032	  2.5678
448.0000	368.0000	 11.7790	 -0.0408	  1.8432
464.0000	368.0000	 11.2547	  0.0717	  2.2212
480.0000	368.0000	 11.0447	 -0.0297	  2.0382
496.0000	368.0000	 11.2224	 -0.0577	  1.9653
 16.0000	384.0000	  9.8220	 -0.0886	  2.5116
 32.0000	384.0000	 10.0473	  0.0077	  2.0239
 48.0000	384.0000	 10.1858	  0.0466	  2.1129
 64.0000	384.0000	 10.4062	  0.2121	  1.2039
 80.0000	384.0000	-38.6180	-40.7873	  1.0087
 96.0000	384.0000	 10.6027	  0.0218	  1.9197
112.0000	384.0000	 10.4912	  0.0235	  2.1853
128.0000	384.0000	 10.2914	  0.0026	  2.6039
144.0000	384.0000	 10.1694	  0.0014	  1.6935
160.0000	384.0000	  9.9771	 -0.0738	  1.4403
176.0000	384.0000	 10.1880	 -0.0165	  2.8820
192.0000	384.0000	 10.1170	 -0.0854	  2.5204
208.0000	384.0000	  9.6531	 -0.1646	  1.6913
224.0000	384.0000	  9.7773	  0.0175	  2.4817
240.0000	384.0000	  9.9768	  0.0229	  2.8499
256.0000	384.0000	 10.0047	  0.0170	  3.0119
272.0000	384.0000	 10.0034	  0.0539	  3.1034
288.0000	384.0000	 10.1271	  0.0440	  2.8138
304.0000	384.0000	  9.9042	 -0.0394	  1.8996
320.0000	384.0000	 10.4341	 -0.0145	  1.0877
336.0000	384.0000	 10.2851	  0.0031	  2.0197
352.0000	384.0000	 10.1224	 -0.1186	  3.7903
368.0000	384.0000	 10.2358	 -0.1276	  2.2686
384.0000	384.0000	 10.4173	 -0.0062	  1.7773
400.0000	384.0000	 10.3341	  0.0491	  2.6426
416.0000	384.0000	 10.0722	  0.0739	  2.3345
432.0000	384.0000	  9.8973	  0.0752	  3.0483
448.0000	384.0000	-15.1836	 -4.6520	  1.1038
464.0000	384.0000	  9.8631	 -0.2583	  1.0880
480.0000	384.0000	  9.8963	 -0.2597	  1.9365
496.0000	384.0000	 10.4919	 -0.1053	  1.9824
 16.0000	400.0000	  8.6325	  0.0158	  2.4260
 32.0000	400.0000	  8.5677	  0.0073	  1.7452
 48.0000	400.0000	  7.8448	 -0.0533	  2.5675
 64.0000	400.0000	  7.5054	  0.0146	  1.9279
 80.0000	400.0000	  7.2545	 -0.0073	  1.7565
 96.0000	400.0000	 23.7978	-17.6630	  1.1273
112.0000	400.0000	  8.2147	  0.0339	  1.8486
128.0000	400.0000	  8.7017	 -0.0172	  2.5337
144.0000	400.0000	  8.3530	 -0.0209	  2.1047
160.0000	400.0000	  7.5896	 -0.0186	  2.0417
176.0000	400.0000	  8.3057	 -0.0944	  2.3577
192.0000	400.0000	  8.4278	 -0.0677	  2.2141
208.0000	400.0000	  7.9582	 -0.0388	  1.4546
224.0000	400.0000	  9.0939	 -0.1267	  1.8412
240.0000	400.0000	  9.4323	 -0.1199	  2.0211
256.0000	400.0000	  8.1403	 -0.0307	  1.3207
272.0000	400.0000	  8.7005	  0.2577	  1.5328
288.0000	400.0000	  9.3565	  0.3635	  1.7207
304.0000	400.0000	  8.6009	 -0.0038	  2.1834
320.0000	400.0000	  7.9591	 -0.0054	  1.6544
336.0000	400.0000	  7.7079	 -0.0033	  2.0753
352.0000	400.0000	  8.1370	 -0.0020	  1.9296
368.0000	400.0000	  8.1517	 -0.1243	  1.6921
384.0000	400.0000	  7.9161	 -0.1226	  1.4468
400.0000	400.0000	  8.3382	  0.0103	  2.0398
416.0000	400.0000	  8.6095	 -0.0104	  2.3032
432.0000	400.0000	  8.7065	 -0.0247	  2.0063
448.0000	400.0000	  8.5243	  0.0032	  1.1364
464.0000	400.0000	  8.5204	  0.0487	  1.2415
480.0000	400.0000	  8.3491	 -0.0103	  2.5416
496.0000	400.0000	  8.1251	  0.0070	  2.6870
 16.0000	416.0000	  7.5668	  0.5059	  1.4313
 32.0000	416.0000	  6.8565	 -0.0674	  2.0580
 48.0000	416.0000	  7.1663	 -0.0436	  2.6871
 64.0000	416.0000	  7.0268	 -0.0689	  2.4207
 80.0000	416.0000	  6.5271	 -0.0220	  2.5280
 96.0000	416.0000	  6.0670	 -0.0106	  2.5599
112.0000	416.0000	  6.3476	 -0.0150	  2.4407
128.0000	416.0000	  6.7429	 -0.0494	  2.2878
144.0000	416.0000	  6.6040	 -0.0534	  2.4425
160.0000	416.0000	  6.8887	  0.0109	  2.4668
176.0000	416.0000	  6.2435	 -0.0019	  2.5791
192.0000	416.0000	  6.8251	  0.1448	  2.2277
208.0000	416.0000	  7.3689	  0.0948	  1.8640
224.0000	416.0000	  6.7084	 -0.0089	  1.6098
240.0000	416.0000	  6.4520	 -0.0059	  1.8635
256.0000	416.0000	  6.6218	 -0.3137	  1.4330
272.0000	416.0000	  6.5865	 -0.5227	  1.4137
288.0000	416.0000	  6.0696	 -0.0264	  1.4707
304.0000	416.0000	  6.5390	  0.0421	  1.7237
320.0000	416.0000	  7.7685	  0.0295	  1.4551
336.0000	416.0000	  6.9470	  0.0642	  2.3972
352.0000	416.0000	  7.0784	  0.1592	  2.0459
368.0000	416.0000	  6.8311	  0.0512	  2.0832
384.0000	416.0000	  6.2671	  0.0043	  2.3985
400.0000	416.0000	  6.0272	 -0.0842	  2.2373
416.0000	416.0000	  6.1708	 -0.1320	  2.6505
432.0000	416.0000	  6.5262	 -0.0452	  2.5839
448.0000	416.0000	  6.6376	 -0.0272	  1.5159
464.0000	416.0000	  6.5530	  0.0495	  1.5490
480.0000	416.0000	  7.8902	  0.2612	  1.9676
496.0000	416.0000	  7.6831	  0.2199	  2.1870
 16.0000	432.0000	  4.8785	 -0.0195	  2.3876
 32.0000	432.0000	  4.8058	  0.0379	  2.2692
 48.0000	432.0000	  4.7588	  0.0404	  2.3244
 64.0000	432.0000	  4.9323	 -0.0424	  2.2545
 80.0000	432.0000	  6.0251	 -0.0210	  1.8328
 96.0000	432.0000	  5.4473	  0.0076	  2.2593
112.0000	432.0000	  5.3268	  0.0134	  3.5919
128.0000	432.0000	  5.8052	  0.0394	  2.0501
144.0000	432.0000	  4.5666	  0.0724	  2.1775
160.0000	432.0000	  3.8460	 -0.2615	  2.5943
176.0000	432.0000	  5.0982	 -0.0299	  2.2120
192.0000	432.0000	  4.4959	  0.0097	  1.5000
208.0000	432.0000	  4.1004	  0.0648	  1.7928
224.0000	432.0000	  5.0798	  0.0622	  2.5048
240.0000	432.0000	  5.8246	  0.0047	  1.9260
256.0000	432.0000	  4.6823	  0.0105	  1.4919
272.0000	432.0000	  3.9235	  0.0896	  1.7853
288.0000	432.0000	  5.1118	  0.0021	  1.8989
304.0000	432.0000	  4.7386	  0.0365	  2.0516
320.0000	432.0000	  4.3112	 -0.0042	  2.5539
336.0000	432.0000	  4.5408	 -0.1383	  2.6792
352.0000	432.0000	  4.7347	 -0.1219	  1.5605
368.0000	432.0000	  5.5796	  0.1537	  2.2187
384.0000	432.0000	  5.7941	  0.0676	  2.0934
400.0000	432.0000	  5.5732	 -0.1081	  1.9843
416.0000	432.0000	  5.1110	 -0.0184	  2.4801
432.0000	432.0000	  5.4218	 -0.0059	  2.1038
448.0000	432.0000	  5.2476	  0.0144	  1.9723
464.0000	432.0000	  4.7391	 -0.0072	  2.9148
480.0000	432.0000	  4.6343	 -0.0015	  2.2702
496.0000	432.0000	  3.7665	  0.0005	  1.9243
 16.0000	448.0000	  4.5629	  0.1485	  1.9543
 32.0000	448.0000	  3.8823	  0.1415	  2.1900
 48.0000	448.0000	  3.7557	  0.2274	  1.7624
 64.0000	448.0000	  3.7627	  0.1994	  1.4317
 80.0000	448.0000	  2.8641	  0.0121	  1.1712
 96.0000	448.0000	  3.5042	 -0.0486	  1.4506
112.0000	448.0000	  2.6771	 -0.0314	  2.4177
128.0000	448.0000	  2.3556	 -0.0412	  2.5524
144.0000	448.0000	  2.9522	 -0.1130	  2.3494
160.0000	448.0000	  2.8548	 -0.0036	  2.2507
176.0000	448.0000	  2.3646	 -0.0467	  2.4978
192.0000	448.0000	  3.4438	  0.0297	  1.8827
208.0000	448.0000	  3.5480	  0.0106	  1.3515
224.0000	448.0000	  1.7439	  0.0080	  1.5787
240.0000	448.0000	  2.0481	 -0.0307	  1.3513
256.0000	448.0000	  2.8757	  0.2613	  1.0767
272.0000	448.0000	  2.3822	  0.0581	  2.3371
288.0000	448.0000	  2.5377	 -0.0228	  3.2962
304.0000	448.0000	  3.0878	 -0.0390	  1.8212
320.0000	448.0000	  4.1548	  0.0909	  2.4066
336.0000	448.0000	  3.7014	  0.1074	  2.7374
352.0000	448.0000	  3.0592	 -0.0113	  1.7416
368.0000	448.0000	  3.9089	  0.0019	  1.1442
384.0000	448.0000	 32.7341	 14.1315	  1.1286
400.0000	448.0000	  1.9087	  0.0657	  1.7829
416.0000	448.0000	  2.2077	  0.0802	  2.5634
432.0000	448.0000	  2.2160	  0.1864	  2.3267
448.0000	448.0000	  3.0432	  0.1826	  2.1697
464.0000	448.0000	  4.2214	  0.0687	  2.3326
480.0000	448.0000	  3.7523	  0.0887	  2.7321
496.0000	448.0000	  3.2732	  0.0048	  2.8592
 16.0000	464.0000	  0.3157	 -0.0525	  2.2007
 32.0000	464.0000	  0.7345	 -0.0829	  1.3390
 48.0000	464.0000	  0.8710	  0.0027	  1.7550
 64.0000	464.0000	  1.0239	  0.0854	  2.0336
 80.0000	464.0000	  0.7137	  0.1023	  1.8035
 96.0000	464.0000	  1.0230	  0.0414	  2.1517
112.0000	464.0000	  1.2312	  0.0287	  2.5820
128.0000	464.0000	  1.0956	 -0.0008	  2.9086
144.0000	464.0000	  0.6890	  0.0288	  2.2089
160.0000	464.0000	  0.9657	  0.1062	  2.5011
176.0000	464.0000	  1.4429	 -0.0005	  1.7212
192.0000	464.0000	  0.9040	 -0.2059	  2.2571
208.0000	464.0000	  0.4456	 -0.0613	  2.2285
224.0000	464.0000	  0.7746	 -0.0480	  3.0782
240.0000	464.0000	  0.9119	 -0.0412	  2.4177
256.0000	464.0000	  0.3005	 -0.1436	  1.2878
272.0000	464.0000	  1.0912	 -0.1118	  2.2225
288.0000	464.0000	  2.0045	  0.0688	  2.7345
304.0000	464.0000	  1.6894	  0.0922	  1.7059
320.0000	464.0000	 -0.1446	 -0.0251	  1.0389
336.0000	464.0000	  2.2692	  0.0132	  1.3726
352.0000	464.0000	  1.2586	 -0.1042	  1.5518
368.0000	464.0000	  0.2598	 -0.2555	  1.8823
384.0000	464.0000	  0.2700	 -0.3482	  2.1836
400.0000	464.0000	  0.8123	 -0.1042	  2.1890
416.0000	464.0000	  1.6961	  0.0498	  2.1607
432.0000	464.0000	  1.3337	  0.1327	  3.0577
448.0000	464.0000	  1.1046	  0.1215	  2.7030
464.0000	464.0000	  0.4892	 -0.0086	  1.1231
480.0000	464.0000	  0.9635	  0.0169	  1.8402
496.0000	464.0000	  1.6746	  0.0205	  2.2296
 16.0000	480.0000	  0.0770	 -0.0495	  3.3238
 32.0000	480.0000	  0.0748	 -0.1038	  2.8203
 48.0000	480.0000	  0.0011	 -0.1254	  3.5166
 64.0000	480.0000	 -0.0892	 -0.3623	  1.9943
 80.0000	480.0000	 -0.0448	 -0.5273	  2.2253
 96.0000	480.0000	  0.0633	 -0.1606	  2.4831
112.0000	480.0000	  0.1371	 -0.0165	  3.6279
128.0000	480.0000	  0.1329	 -0.0131	  3.7304
144.0000	480.0000	  0.0651	  0.0054	  3.3549
160.0000	480.0000	  0.0308	 -0.1427	  3.2790
176.0000	480.0000	  0.1209	 -0.1900	  2.4223
192.0000	480.0000	  0.1028	  0.0005	  2.6514
208.0000	480.0000	  0.0451	  0.0189	  3.3012
224.0000	480.0000	  0.0725	  0.1322	  2.7848
240.0000	480.0000	  0.1150	  0.1130	  2.2403
256.0000	480.0000	  0.0066	 -0.0307	  2.6705
272.0000	480.0000	 -0.0091	 -0.0366	  3.6533
288.0000	480.0000	  0.1046	 -0.0603	  3.0556
304.0000	480.0000	  0.0003	 -0.1094	  2.1044
320.0000	480.0000	 -0.4541	  0.0065	  1.5169
336.0000	480.0000	  0.0144	 -0.0092	  1.9376
352.0000	480.0000	  0.0001	 -0.0093	  2.4146
368.0000	480.0000	  0.0850	 -0.0369	  3.7187
384.0000	480.0000	  0.0803	 -0.0615	  3.8623
400.0000	480.0000	  0.0320	 -0.0373	  3.7833
416.0000	480.0000	 -0.0885	  0.0014	  3.5983
432.0000	480.0000	 -0.0750	  0.0054	  2.5138
448.0000	480.0000	  0.0071	  0.0024	  2.8491
464.0000	480.0000	  0.0162	 -0.0002	  1.6397
480.0000	480.0000	  0.2345	 -0.1008	  2.7976
496.0000	480.0000	 -0.0529	 -0.1420	  2.3856
 16.0000	496.0000	  0.0002	  0.0372	  2.3948
 32.0000	496.0000	  0.0607	  0.0345	  2.7396
 48.0000	496.0000	  0.0103	  0.0076	  4.3441
 64.0000	496.0000	  0.0133	  0.0094	  3.6192
 80.0000	496.0000	 -0.0184	  0.0087	  2.6347
 96.0000	496.0000	 -0.1001	  0.0198	  2.7732
112.0000	496.0000	  0.0000	  0.0168	  3.6238
128.0000	496.0000	  0.0662	  0.0599	  3.5217
144.0000	496.0000	  0.0408	  0.0638	  3.0954
160.0000	496.0000	  0.0476	  0.0042	  3.2792
176.0000	496.0000	 -0.0188	  0.0346	  4.4944
192.0000	496.0000	 -0.0809	  0.0383	  3.4075
208.0000	496.0000	 -0.0003	  0.0615	  3.2428
224.0000	496.0000	  0.1082	  0.0861	  2.8349
240.0000	496.0000	  0.0131	  0.0549	  2.6950
256.0000	496.0000	 -0.0801	  0.1346	  2.9693
272.0000	496.0000	 -0.0014	  0.1022	  4.0269
288.0000	496.0000	  0.0025	  0.0100	  3.7118
304.0000	496.0000	 -0.0128	  0.0114	  3.5463
320.0000	496.0000	 -0.0049	  0.0062	  2.9249
336.0000	496.0000	 -0.0032	  0.0028	  2.9002
352.0000	496.0000	 -0.0051	  0.0005	  2.7025
368.0000	496.0000	  0.0116	  0.0739	  4.5769
384.0000	496.0000	 -0.0014	  0.1298	  2.8119
400.0000	496.0000	  0.0678	  0.0907	  2.5642
416.0000	496.0000	  0.0896	  0.0165	  3.8133
432.0000	496.0000	 -0.0706	  0.0048	  3.7278
448.0000	496.0000	 -0.1021	  0.0100	  3.7389
464.0000	496.0000	  0.0262	  0.0169	  3.5010
480.0000	496.0000	  0.1715	  0.0112	  4.0567
496.0000	496.0000	 -0.0539	  0.0092	  3.8434
