 16.0000	 16.0000	  0.0103	 -0.0223	  4.7136
 32.0000	 16.0000	 -0.0581	 -0.0080	  3.8360
 48.0000	 16.0000	  0.0998	 -0.0032	  2.7775
 64.0000	 16.0000	  0.0380	 -0.0209	  1.9944
 80.0000	 16.0000	 -0.0775	 -0.0159	  2.3095
 96.0000	 16.0000	  0.0277	 -0.0331	  3.5743
112.0000	 16.0000	 -0.0012	 -0.0370	  4.4871
128.0000	 16.0000	 -0.1029	 -0.0074	  3.4276
144.0000	 16.0000	  0.0223	 -0.0932	  2.9297
160.0000	 16.0000	  0.0261	 -0.0942	  3.0150
176.0000	 16.0000	-24.0195	 20.1646	  1.1019
192.0000	 16.0000	 -0.0565	 -0.0508	  1.9639
208.0000	 16.0000	 -0.0006	 -0.0233	  4.0776
224.0000	 16.0000	  0.0496	 -0.0115	  2.7935
240.0000	 16.0000	  0.0072	  0.0008	  2.0207
256.0000	 16.0000	  0.0013	 -0.0007	  2.1949
272.0000	 16.0000	  0.0777	 -0.1838	  2.2345
288.0000	 16.0000	 -0.0841	 -0.2842	  2.2274
304.0000	 16.0000	 -0.1721	 -0.1278	  2.0013
320.0000	 16.0000	  0.0299	 -0.0048	  1.4553
336.0000	 16.0000	  0.0556	 -0.0028	  1.6518
352.0000	 16.0000	 -0.0124	 -0.0011	  2.8620
368.0000	 16.0000	 -0.0272	 -0.0975	  3.5279
384.0000	 16.0000	  0.0395	 -0.1066	  3.5115
400.0000	 16.0000	  0.0040	 -0.0093	  2.5802
416.0000	 16.0000	 -0.0346	 -0.0066	  4.2150
432.0000	 16.0000	  0.1235	 -0.0030	  3.9792
448.0000	 16.0000	  0.0019	 -0.0093	  4.1556
464.0000	 16.0000	 -0.0079	 -0.0126	  4.0068
480.0000	 16.0000	  0.0336	 -0.0421	  3.8000
496.0000	 16.0000	 -0.1534	 -0.0549	  3.6190
 16.0000	 32.0000	  0.0697	 -0.0032	  3.2993
 32.0000	 32.0000	  0.0190	  0.0023	  2.4141
 48.0000	 32.0000	  0.0773	  0.0001	  1.9811
 64.0000	 32.0000	  0.0348	 -0.0002	  2.2490
 80.0000	 32.0000	 -0.0456	  0.0012	  2.0149
 96.0000	 32.0000	  0.0306	  0.0001	  3.8185
112.0000	 32.0000	  0.0063	 -0.0092	  4.1992
128.0000	 32.0000	 -0.1112	 -0.0390	  2.2780
144.0000	 32.0000	  0.1431	 -0.0003	  1.9094
160.0000	 32.0000	  0.1636	 -0.0075	  2.7238
176.0000	 32.0000	 -0.0832	 -0.0131	  1.7277
192.0000	 32.0000	 -0.2730	  0.0022	  2.6621
208.0000	 32.0000	  0.0889	  0.0973	  3.0865
224.0000	 32.0000	  0.2104	  0.0590	  3.9982
240.0000	 32.0000	  0.1279	 -0.0668	  4.1833
256.0000	 32.0000	  0.0473	 -0.0511	  2.8385
272.0000	 32.0000	  0.0327	  0.0072	  1.9833
288.0000	 32.0000	  0.1394	 -0.0790	  3.3989
304.0000	 32.0000	  0.0315	 -0.0949	  2.4412
320.0000	 32.0000	 -0.0998	 -0.0766	  2.2365
336.0000	 32.0000	  0.1056	 -0.0582	  2.9517
352.0000	 32.0000	 -0.0097	  0.0001	  2.1222
368.0000	 32.0000	 -0.0372	 -0.0028	  2.6640
384.0000	 32.0000	  0.1115	  0.0419	  2.2236
400.0000	 32.0000	  0.0064	  0.1020	  1.9222
416.0000	 32.0000	 -0.0013	  0.0475	  2.8626
432.0000	 32.0000	  0.1339	  0.0801	  4.5754
448.0000	 32.0000	  0.0108	  0.0866	  3.4218
464.0000	 32.0000	 -0.1960	  0.0210	  3.3589
480.0000	 32.0000	 -0.0016	  0.0116	  2.3598
496.0000	 32.0000	  0.0524	 -0.1166	  2.8199
 16.0000	 48.0000	  0.2224	  0.0663	  2.0064
 32.0000	 48.0000	  0.0995	  0.0084	  2.9898
 48.0000	 48.0000	  0.1653	  0.0048	  2.7358
 64.0000	 48.0000	  0.4099	  0.0240	  1.6425
 80.0000	 48.0000	  0.6245	  0.0511	  2.0104
 96.0000	 48.0000	  0.3993	  0.0993	  2.4372
112.0000	 48.0000	  0.3220	  0.1629	  1.4342
128.0000	 48.0000	  1.1677	 -0.0056	  1.2358
144.0000	 48.0000	  1.2104	  0.0946	  2.2006
160.0000	 48.0000	  1.0070	  0.0571	  2.4732
176.0000	 48.0000	  0.8941	  0.0191	  2.8222
192.0000	 48.0000	  0.2874	  0.0410	  1.7358
208.0000	 48.0000	  0.1994	  0.0502	  2.2904
224.0000	 48.0000	  0.7521	  0.0126	  3.0292
240.0000	 48.0000	  0.5525	  0.0444	  4.2999
256.0000	 48.0000	  0.3000	 -0.0016	  2.9526
272.0000	 48.0000	  0.5878	  0.3535	  1.6272
288.0000	 48.0000	  0.6341	  0.1235	  3.4029
304.0000	 48.0000	  0.6365	  0.0354	  3.0550
320.0000	 48.0000	  1.1548	  0.0605	  3.6078
336.0000	 48.0000	  1.0226	  0.0676	  3.6772
352.0000	 48.0000	  0.4121	  0.0314	  1.9899
368.0000	 48.0000	  0.4178	  0.1042	  2.4009
384.0000	 48.0000	  0.7129	  0.0944	  1.9804
400.0000	 48.0000	  1.0842	 -0.0105	  2.7293
416.0000	 48.0000	  0.9862	 -0.0906	  3.2018
432.0000	 48.0000	  0.9496	 -0.1154	  2.6247
448.0000	 48.0000	  1.2121	 -0.0521	  1.8072
464.0000	 48.0000	  1.6623	 -0.1352	  1.8424
480.0000	 48.0000	  0.8880	  0.0620	  2.1474
496.0000	 48.0000	  0.8132	 -0.0133	  2.3460
 16.0000	 64.0000	  3.9051	  0.0231	  1.9917
 32.0000	 64.0000	  3.9824	  0.0250	  1.9570
 48.0000	 64.0000	  4.1119	 -0.0005	  1.3149
 64.0000	 64.0000	  3.1880	  0.0001	  1.7576
 80.0000	 64.0000	  2.8962	 -0.0126	  3.2162
 96.0000	 64.0000	  2.6806	 -0.0175	  2.6484
112.0000	 64.0000	  3.6715	 -0.0147	  1.6286
128.0000	 64.0000	  3.2687	 -0.0292	  1.4368
144.0000	 64.0000	  2.4084	  0.0390	  2.1765
160.0000	 64.0000	  2.8288	 -0.0178	  2.8643
176.0000	 64.0000	  2.3483	 -0.0027	  1.5584
192.0000	 64.0000	  4.2232	 -0.1920	  1.5641
208.0000	 64.0000	  4.2040	 -0.0127	  1.8197
224.0000	 64.0000	  1.6115	  0.1109	  1.5946
240.0000	 64.0000	  1.6170	  0.1031	  2.4420
256.0000	 64.0000	  2.8544	 -0.0283	  1.8306
272.0000	 64.0000	  3.1396	 -0.0060	  1.8211
288.0000	 64.0000	  2.0480	  0.1225	  2.4287
304.0000	 64.0000	  2.0770	  0.1417	  1.8553
320.0000	 64.0000	  2.0736	  0.0285	  3.0239
336.0000	 64.0000	  1.8127	  0.0222	  2.4955
352.0000	 64.0000	  1.2634	  0.0387	  1.3713
368.0000	 64.0000	  2.9927	  0.0317	  1.7266
384.0000	 64.0000	  3.4585	  0.0478	  1.9412
400.0000	 64.0000	  2.3316	  0.0276	  2.4722
416.0000	 64.0000	  2.0985	 -0.0080	  2.9759
432.0000	 64.0000	  2.1599	 -0.0056	  2.7103
448.0000	 64.0000	  2.7526	 -0.0074	  2.0448
464.0000	 64.0000	  3.3381	 -0.0088	  2.3397
480.0000	 64.0000	  3.6965	 -0.0248	  2.4896
496.0000	 64.0000	  2.9644	 -0.0128	  2.3166
 16.0000	 80.0000	  4.3984	  0.0553	  2.2709
 32.0000	 80.0000	  4.6102	  0.0843	  1.7877
 48.0000	 80.0000	  5.1553	 -0.0797	  1.9800
 64.0000	 80.0000	  5.2819	  0.0044	  2.0476
 80.0000	 80.0000	  3.5059	  0.0883	  1.9014
 96.0000	 80.0000	  3.4878	  0.0737	  1.9407
112.0000	 80.0000	  4.6181	 -0.0176	  1.5152
128.0000	 80.0000	  4.7233	 -0.0185	  2.2186
144.0000	 80.0000	  4.6056	 -0.1000	  1.9309
160.0000	 80.0000	  4.2281	 -0.0132	  2.6748
176.0000	 80.0000	  4.3695	 -0.0059	  1.9325
192.0000	 80.0000	  4.4579	  0.0010	  1.9978
208.0000	 80.0000	  4.2880	 -0.0000	  1.5515
224.0000	 80.0000	  5.7716	  0.0353	  2.1104
240.0000	 80.0000	  5.5850	  0.0370	  1.6188
256.0000	 80.0000	  4.0090	  0.0446	  2.0666
272.0000	 80.0000	  3.9749	  0.0678	  2.0049
288.0000	 80.0000	  4.3176	  0.0305	  1.7238
304.0000	 80.0000	  4.9414	 -0.0275	  2.5060
320.0000	 80.0000	  4.6477	 -0.0447	  2.0558
336.0000	 80.0000	  5.0135	 -0.0307	  2.4099
352.0000	 80.0000	  5.2057	  0.0088	  2.0757
368.0000	 80.0000	  5.1446	 -0.0378	  2.2453
384.0000	 80.0000	  4.7475	 -0.0453	  2.5853
400.0000	 80.0000	  4.2235	  0.0560	  2.5656
416.0000	 80.0000	  3.2875	  0.3790	  1.2382
432.0000	 80.0000	  5.7632	  0.0295	  1.7431
448.0000	 80.0000	  4.4484	  0.0866	  2.1538
464.0000	 80.0000	  4.0310	  0.0857	  3.0201
480.0000	 80.0000	  4.5872	 -0.0473	  3.6106
496.0000	 80.0000	  4.6845	 -0.0272	  2.5605
 16.0000	 96.0000	  6.9522	  0.0015	  2.6947
 32.0000	 96.0000	  6.7656	  0.0676	  2.2546
 48.0000	 96.0000	  6.8032	  0.1018	  2.4067
 64.0000	 96.0000	  6.9048	  0.0203	  2.8136
 80.0000	 96.0000	  7.1433	 -0.0930	  1.7351
 96.0000	 96.0000	  5.4641	  0.0114	  1.1878
112.0000	 96.0000	  6.3527	 -0.0033	  1.7661
128.0000	 96.0000	  6.3996	  0.0220	  1.5579
144.0000	 96.0000	  5.8507	  0.0377	  1.4295
160.0000	 96.0000	  6.5863	 -0.1867	  1.2825
176.0000	 96.0000	  7.5688	 -0.2934	  1.0747
192.0000	 96.0000	  7.6702	 -0.0194	  2.1109
208.0000	 96.0000	  7.8477	 -0.0323	  1.8262
224.0000	 96.0000	  6.3407	  0.1390	  1.8849
240.0000	 96.0000	  6.0864	  0.1447	  1.6549
256.0000	 96.0000	  4.9124	  0.2951	  1.0789
272.0000	 96.0000	  6.5304	 -0.0517	  1.6618
288.0000	 96.0000	  6.9035	 -0.0929	  2.1847
304.0000	 96.0000	  6.6763	 -0.0511	  3.0511
320.0000	 96.0000	  6.8135	 -0.0311	  2.7539
336.0000	 96.0000	  6.5563	 -0.0485	  2.0852
352.0000	 96.0000	  6.3993	  0.0772	  2.7797
368.0000	 96.0000	  6.6596	 -0.0179	  2.8423
384.0000	 96.0000	  6.4666	  0.1044	  1.9187
400.0000	 96.0000	  5.7965	  0.1240	  1.8733
416.0000	 96.0000	  7.2286	  0.0132	  1.9304
432.0000	 96.0000	  6.6212	 -0.0175	  3.1436
448.0000	 96.0000	  5.9140	 -0.0166	  1.6629
464.0000	 96.0000	  7.5122	 -0.0049	  1.9532
480.0000	 96.0000	  6.9538	 -0.0149	  3.7359
496.0000	 96.0000	  6.0458	 -0.0054	  1.6692
 16.0000	112.0000	  8.2984	  0.0049	  3.3165
 32.0000	112.0000	  8.7731	 -0.1311	  3.1701
 48.0000	112.0000	  8.1809	 -0.0249	  2.5684
 64.0000	112.0000	  8.3076	 -0.0298	  2.3474
 80.0000	112.0000	  8.6611	 -0.1598	  1.0624
 96.0000	112.0000	-24.4220	 10.6478	  1.0130
112.0000	112.0000	  8.8881	  0.0057	  2.9210
128.0000	112.0000	  8.7184	  0.0090	  2.7388
144.0000	112.0000	  8.8359	  0.0364	  2.1811
160.0000	112.0000	  8.7050	 -0.0686	  2.1809
176.0000	112.0000	  8.7933	 -0.0644	  2.9063
192.0000	112.0000	  8.7578	 -0.0653	  2.6979
208.0000	112.0000	  8.2854	 -0.0236	  1.7898
224.0000	112.0000	  8.9501	 -0.0055	  2.4187
240.0000	112.0000	  9.0571	  0.0041	  2.9529
256.0000	112.0000	  8.7279	  0.0165	  1.3946
272.0000	112.0000	  8.3118	 -0.0093	  2.2979
288.0000	112.0000	  8.0998	 -0.0358	  2.7805
304.0000	112.0000	  8.2077	 -0.0284	  3.2780
320.0000	112.0000	  8.1887	  0.0125	  1.9277
336.0000	112.0000	  8.2917	 -0.0049	  1.7307
352.0000	112.0000	  8.2136	 -0.0830	  3.0170
368.0000	112.0000	  8.0559	 -0.0927	  3.2338
384.0000	112.0000	  8.2403	 -0.0452	  1.8125
400.0000	112.0000	  8.1549	 -0.0519	  1.1612
416.0000	112.0000	  8.1083	 -0.0185	  2.4029
432.0000	112.0000	  8.1685	 -0.0096	  3.2220
448.0000	112.0000	  8.5372	 -0.1047	  1.8001
464.0000	112.0000	  7.9020	 -0.0239	  2.6022
480.0000	112.0000	  7.9067	 -0.0020	  2.8204
496.0000	112.0000	  8.5777	 -0.0026	  1.4224
 16.0000	128.0000	  9.5499	  0.0011	  2.3520
 32.0000	128.0000	  9.8480	 -0.0045	  3.0888
 48.0000	128.0000	  9.9207	 -0.0111	  2.8869
 64.0000	128.0000	 10.0782	 -0.0091	  2.8272
 80.0000	128.0000	 10.1804	 -0.0018	  2.2230
 96.0000	128.0000	  9.7189	  0.0007	  1.8369
112.0000	128.0000	  9.3861	 -0.0031	  2.5353
128.0000	128.0000	  9.4566	  0.0027	  2.1187
144.0000	128.0000	  9.3441	  0.0035	  1.8509
160.0000	128.0000	  9.7219	  0.0033	  3.9252
176.0000	128.0000	  9.7818	 -0.0010	  3.5997
192.0000	128.0000	  9.9957	 -0.0957	  3.1109
208.0000	128.0000	 10.3534	 -0.1713	  2.4268
224.0000	128.0000	  9.7541	 -0.0007	  2.8533
240.0000	128.0000	  9.1142	  0.0070	  3.5663
256.0000	128.0000	 10.1072	  0.0565	  1.7394
272.0000	128.0000	 10.1188	  0.0956	  2.3341
288.0000	128.0000	  9.6667	  0.1138	  2.0769
304.0000	128.0000	  9.7178	  0.0903	  2.5384
320.0000	128.0000	  9.9617	  0.1450	  2.3302
336.0000	128.0000	 10.3742	  0.0159	  2.7276
352.0000	128.0000	 10.1450	  0.0198	  2.9877
368.0000	128.0000	  9.7503	  0.0586	  1.5826
384.0000	128.0000	  9.4678	  0.1118	  1.5139
400.0000	128.0000	 10.2235	  0.0030	  1.6522
416.0000	128.0000	 10.1322	 -0.0022	  2.9977
432.0000	128.0000	  9.7408	  0.0391	  2.6934
448.0000	128.0000	 10.1075	  0.0494	  1.8072
464.0000	128.0000	 10.0269	 -0.0164	  2.0840
480.0000	128.0000	  9.9397	 -0.1262	  2.5893
496.0000	128.0000	  9.8757	 -0.2010	  1.4697
 16.0000	144.0000	 11.1524	  0.0874	  2.9672
 32.0000	144.0000	 10.8248	  0.0854	  3.2231
 48.0000	144.0000	 10.5761	  0.1587	  2.1381
 64.0000	144.0000	 10.6604	  0.1026	  3.0694
 80.0000	144.0000	 10.5611	  0.0201	  4.0636
 96.0000	144.0000	 10.0897	  0.0736	  1.3177
112.0000	144.0000	 12.0565	  0.0019	  1.8246
128.0000	144.0000	 11.6703	  0.0022	  2.6026
144.0000	144.0000	 11.2863	  0.0291	  2.2546
160.0000	144.0000	 10.7069	  0.0380	  2.9926
176.0000	144.0000	 10.6288	  0.0312	  4.2000
192.0000	144.0000	 11.0093	  0.0049	  3.7194
208.0000	144.0000	 10.8794	 -0.0086	  3.3937
224.0000	144.0000	 10.3070	  0.0157	  1.6505
240.0000	144.0000	-31.6603	 14.4904	  1.0576
256.0000	144.0000	 11.0940	 -0.0122	  2.0571
272.0000	144.0000	 11.3437	 -0.0132	  3.0549
288.0000	144.0000	 11.4398	  0.0420	  3.2764
304.0000	144.0000	 11.1312	  0.0768	  2.0992
320.0000	144.0000	 11.0964	 -0.0176	  2.5897
336.0000	144.0000	 11.1325	 -0.0059	  2.3611
352.0000	144.0000	 11.1791	  0.0025	  3.9323
368.0000	144.0000	 11.2343	 -0.0459	  2.6245
384.0000	144.0000	 10.7525	 -0.0677	  1.3193
400.0000	144.0000	 10.8995	  0.0458	  1.9480
416.0000	144.0000	 11.2203	 -0.0003	  2.9444
432.0000	144.0000	 11.1433	 -0.0282	  3.0595
448.0000	144.0000	 11.1135	 -0.0485	  2.7986
464.0000	144.0000	 10.8276	 -0.0363	  2.0887
480.0000	144.0000	 10.6770	  0.0114	  1.8776
496.0000	144.0000	 11.2142	  0.0395	  1.8991
 16.0000	160.0000	 12.0433	 -0.0927	  2.4951
 32.0000	160.0000	 12.3855	 -0.0848	  2.2201
 48.0000	160.0000	 12.6340	 -0.0176	  1.6251
 64.0000	160.0000	 12.3476	  0.0380	  1.5243
 80.0000	160.0000	 12.1236	 -0.0300	  2.1131
 96.0000	160.0000	 12.4538	 -0.0673	  1.4929
112.0000	160.0000	 12.1178	  0.0102	  2.0369
128.0000	160.0000	 12.3769	 -0.0635	  2.5686
144.0000	160.0000	 12.5018	 -0.2105	  2.2375
160.0000	160.0000	 11.6369	  0.0849	  1.3952
176.0000	160.0000	 12.2757	  0.0363	  2.4268
192.0000	160.0000	 12.1608	  0.1332	  3.1138
208.0000	160.0000	 12.1819	  0.1882	  3.0024
224.0000	160.0000	 12.7684	  0.0509	  2.3639
240.0000	160.0000	 12.5730	  0.0382	  1.8250
256.0000	160.0000	 12.1623	 -0.0323	  2.3808
272.0000	160.0000	 12.1385	 -0.0352	  2.9853
288.0000	160.0000	 12.1786	 -0.0394	  3.1350
304.0000	160.0000	 12.0793	  0.0049	  1.8109
320.0000	160.0000	 12.1110	  0.0255	  2.2144
336.0000	160.0000	 12.4106	  0.0161	  2.4183
352.0000	160.0000	 12.2573	  0.0504	  2.7753
368.0000	160.0000	 12.2879	  0.0803	  2.0366
384.0000	160.0000	 12.6999	 -0.0384	  2.7386
400.0000	160.0000	 12.5336	 -0.0255	  2.6157
416.0000	160.0000	 12.2027	 -0.0323	  2.5579
432.0000	160.0000	 12.5397	 -0.0656	  2.2550
448.0000	160.0000	 12.6528	  0.0196	  2.7428
464.0000	160.0000	 12.5750	  0.0163	  3.1022
480.0000	160.0000	 12.3626	  0.2456	  2.0416
496.0000	160.0000	 12.0456	  0.2296	  1.7523
 16.0000	176.0000	 13.3711	 -0.1296	  2.0003
 32.0000	176.0000	 13.3433	 -0.0586	  2.8289
 48.0000	176.0000	 13.3555	 -0.0071	  2.6570
 64.0000	176.0000	 13.5751	  0.0024	  2.6792
 80.0000	176.0000	 13.3920	  0.0088	  3.1692
 96.0000	176.0000	 12.9698	  0.0698	  2.3028
112.0000	176.0000	 -7.3450	  3.1519	  1.2133
128.0000	176.0000	 13.2898	 -0.0018	  2.6878
144.0000	176.0000	 13.3880	 -0.0044	  2.9200
160.0000	176.0000	 13.7480	 -0.0124	  2.2918
176.0000	176.0000	 13.6430	  0.0048	  2.3821
192.0000	176.0000	 13.4546	  0.0238	  2.6182
208.0000	176.0000	 12.9368	  0.0292	  2.0193
224.0000	176.0000	 12.8846	  0.0097	  2.6404
240.0000	176.0000	 13.4622	 -0.0273	  2.9396
256.0000	176.0000	 13.6348	 -0.0328	  3.5302
272.0000	176.0000	 13.2698	 -0.0138	  3.0053
288.0000	176.0000	 13.0874	 -0.0178	  2.6840
304.0000	176.0000	 13.0748	 -0.0311	  1.3748
320.0000	176.0000	 12.7265	 -0.0231	  1.6659
336.0000	176.0000	 13.0653	 -0.0025	  3.4417
352.0000	176.0000	 13.2993	  0.0349	  3.9717
368.0000	176.0000	 13.2085	  0.1611	  2.0857
384.0000	176.0000	 13.0471	  0.0575	  2.7439
400.0000	176.0000	 13.0537	 -0.0219	  3.1517
416.0000	176.0000	 13.2273	  0.0289	  2.7058
432.0000	176.0000	 13.2626	  0.0625	  3.0401
448.0000	176.0000	 13.0400	  0.0795	  2.7120
464.0000	176.0000	 13.0254	  0.0530	  3.7443
480.0000	176.0000	 12.9721	  0.0093	  2.1054
496.0000	176.0000	-15.6269	-39.0632	  1.3621
 16.0000	192.0000	 13.7339	  0.1481	  2.3030
 32.0000	192.0000	 13.7037	  0.0424	  2.8661
 48.0000	192.0000	 14.1544	 -0.0388	  3.2740
 64.0000	192.0000	 13.9658	  0.0075	  3.7668
 80.0000	192.0000	 13.7489	  0.0158	  3.1534
 96.0000	192.0000	 14.2132	 -0.1166	  2.7644
112.0000	192.0000	 14.4948	 -0.2206	  1.8183
128.0000	192.0000	 13.9994	  0.2092	  1.8581
144.0000	192.0000	 14.0459	  0.0929	  2.9443
160.0000	192.0000	 14.0873	 -0.0159	  2.8234
176.0000	192.0000	 13.9936	 -0.0158	  2.4135
192.0000	192.0000	 13.8735	  0.1026	  2.3331
208.0000	192.0000	 13.3984	  0.8936	  1.3544
224.0000	192.0000	 14.1264	 -0.0072	  1.5223
240.0000	192.0000	 14.1108	 -0.0048	  3.3260
256.0000	192.0000	 14.0908	  0.0079	  2.9721
272.0000	192.0000	 14.0222	  0.0529	  2.8403
288.0000	192.0000	 13.9260	  0.0585	  2.6146
304.0000	192.0000	 13.9754	  0.0015	  1.5437
320.0000	192.0000	 14.1322	  0.0025	  1.3971
336.0000	192.0000	 14.0612	  0.0003	  2.3341
352.0000	192.0000	 13.8133	  0.0161	  3.0794
368.0000	192.0000	 13.8544	 -0.0538	  2.1343
384.0000	192.0000	 14.2806	 -0.3375	  3.1391
400.0000	192.0000	 14.2078	 -0.3489	  2.3609
416.0000	192.0000	 13.6479	 -0.0200	  1.8209
432.0000	192.0000	 13.6373	 -0.0199	  2.2819
448.0000	192.0000	 13.5958	 -0.0037	  1.4938
464.0000	192.0000	 14.1827	 -0.0058	  2.3240
480.0000	192.0000	 14.4772	 -0.0008	  2.5862
496.0000	192.0000	 14.2980	  0.0066	  1.1295
 16.0000	208.0000	 14.6678	  0.0006	  1.8349
 32.0000	208.0000	 14.6542	  0.0240	  2.8685
 48.0000	208.0000	 14.4623	  0.0014	  3.1869
 64.0000	208.0000	 14.5998	 -0.0453	  3.2151
 80.0000	208.0000	 14.8006	 -0.0600	  2.6935
 96.0000	208.0000	 14.6484	 -0.0081	  2.8107
112.0000	208.0000	 14.7765	 -0.0072	  3.7623
128.0000	208.0000	 14.7281	 -0.0003	  1.9315
144.0000	208.0000	 14.6032	  0.0601	  1.7044
160.0000	208.0000	 14.6879	 -0.0052	  2.2234
176.0000	208.0000	 14.6939	 -0.0393	  2.4647
192.0000	208.0000	 14.7962	  0.0021	  1.4870
208.0000	208.0000	 14.9683	  0.0014	  1.3127
224.0000	208.0000	 14.6915	 -0.0050	  3.2144
240.0000	208.0000	 14.5829	  0.0499	  3.2328
256.0000	208.0000	 14.4541	  0.1345	  2.1708
272.0000	208.0000	 14.7637	  0.0032	  2.5841
288.0000	208.0000	 14.8390	 -0.0180	  3.4848
304.0000	208.0000	 14.7800	 -0.0256	  3.1351
320.0000	208.0000	 14.8082	 -0.0870	  2.7387
336.0000	208.0000	 14.8232	 -0.0871	  3.0611
352.0000	208.0000	 14.7721	 -0.0000	  1.1433
368.0000	208.0000	 14.8507	 -0.1028	  2.8508
384.0000	208.0000	 14.7866	 -0.0324	  3.9275
400.0000	208.0000	 14.7604	  0.0212	  3.0482
416.0000	208.0000	 14.8518	  0.0637	  2.1106
432.0000	208.0000	 14.7271	  0.1366	  2.1034
448.0000	208.0000	 14.5312	  0.1206	  1.2700
464.0000	208.0000	 14.6778	 -0.0459	  2.7851
480.0000	208.0000	 14.7029	 -0.0285	  3.7179
496.0000	208.0000	 14.5907	 -0.0171	  2.3064
 16.0000	224.0000	 15.0909	 -0.1086	  2.6947
 32.0000	224.0000	 15.0806	 -0.1340	  2.5495
 48.0000	224.0000	 15.0298	 -0.0172	  2.5495
 64.0000	224.0000	 15.0495	  0.0050	  3.0800
 80.0000	224.0000	 15.1106	 -0.0222	  2.3411
 96.0000	224.0000	 15.1356	  0.0046	  2.8304
112.0000	224.0000	 15.0628	  0.0228	  3.4978
128.0000	224.0000	 15.0981	 -0.0129	  1.9070
144.0000	224.0000	 15.3739	 -0.0797	  1.6514
160.0000	224.0000	 15.0860	 -0.0455	  2.8693
176.0000	224.0000	 14.9449	  0.0101	  2.6906
192.0000	224.0000	 15.1908	 -0.0281	  2.0162
208.0000	224.0000	 15.3176	 -0.0506	  2.5308
224.0000	224.0000	 15.1179	  0.0001	  3.1124
240.0000	224.0000	 15.1099	 -0.0161	  4.4431
256.0000	224.0000	 15.2104	 -0.0711	  1.4044
272.0000	224.0000	 15.1796	 -0.0154	  1.0490
288.0000	224.0000	 15.3006	  0.0036	  3.3085
304.0000	224.0000	 15.2058	  0.0074	  3.2216
320.0000	224.0000	 14.9873	  0.0004	  3.0915
336.0000	224.0000	 15.0156	 -0.0071	  2.8379
352.0000	224.0000	 15.2081	 -0.0422	  2.0069
368.0000	224.0000	 15.1955	  0.0170	  3.2091
384.0000	224.0000	 15.1023	  0.1413	  4.5651
400.0000	224.0000	 15.0284	  0.1872	  3.2457
416.0000	224.0000	 15.0931	  0.0166	  2.5312
432.0000	224.0000	 15.0742	  0.0187	  3.3654
448.0000	224.0000	 15.0912	 -0.0119	  2.0322
464.0000	224.0000	 15.1053	 -0.0001	  1.7277
480.0000	224.0000	 15.0607	 -0.0138	  2.8019
496.0000	224.0000	 14.9231	 -0.0305	  1.1645
 16.0000	240.0000	 15.3890	  0.0268	  2.9558
 32.0000	240.0000	 15.4772	 -0.0179	  2.6104
 48.0000	240.0000	 15.4026	  0.0164	  3.0566
 64.0000	240.0000	 15.3522	  0.0781	  2.6195
 80.0000	240.0000	 15.4549	  0.0422	  2.8545
 96.0000	240.0000	 15.4429	  0.0016	  2.7401
112.0000	240.0000	 15.5463	  0.0048	  1.5777
128.0000	240.0000	 15.5798	  0.0216	  2.4368
144.0000	240.0000	 15.2901	 -0.0086	  2.9346
160.0000	240.0000	 15.2237	  0.0485	  2.8267
176.0000	240.0000	 15.5383	 -0.0582	  2.3937
192.0000	240.0000	 15.4602	 -0.0538	  3.0106
208.0000	240.0000	 15.3686	 -0.0425	  3.1628
224.0000	240.0000	 15.4080	  0.0164	  1.9965
240.0000	240.0000	 15.3309	 -0.0105	  3.2311
256.0000	240.0000	 15.3729	 -0.0198	  3.5187
272.0000	240.0000	 15.4775	  0.0223	  2.0992
288.0000	240.0000	 15.5928	  0.1135	  1.8486
304.0000	240.0000	 15.4703	  0.0131	  2.8030
320.0000	240.0000	 15.3426	 -0.1025	  2.8986
336.0000	240.0000	 15.4000	 -0.1038	  2.1072
352.0000	240.0000	 15.4628	  0.0034	  2.7249
368.0000	240.0000	 15.4033	  0.0549	  2.8665
384.0000	240.0000	 15.3867	  0.0091	  3.6397
400.0000	240.0000	 15.4107	 -0.0655	  2.8979
416.0000	240.0000	 15.4085	 -0.0085	  2.3216
432.0000	240.0000	 15.3855	 -0.0132	  2.2147
448.0000	240.0000	 15.3440	 -0.0044	  1.8145
464.0000	240.0000	 15.5511	  0.0164	  2.6038
480.0000	240.0000	 15.4146	  0.0464	  2.7310
496.0000	240.0000	-14.0883	 -0.2737	  1.2760
 16.0000	256.0000	 15.4801	  0.1089	  2.1347
 32.0000	256.0000	 15.5083	  0.1565	  2.8899
 48.0000	256.0000	 15.4602	  0.1155	  2.9271
 64.0000	256.0000	 15.3393	  0.0403	  2.5039
 80.0000	256.0000	 15.4803	  0.0380	  3.1784
 96.0000	256.0000	 15.4854	  0.1207	  1.9770
112.0000	256.0000	 15.5965	  0.1109	  2.0804
128.0000	256.0000	 15.5840	  0.0325	  3.1341
144.0000	256.0000	 15.3672	  0.0405	  3.4626
160.0000	256.0000	 15.3659	 -0.0015	  4.0029
176.0000	256.0000	 15.5204	 -0.0127	  3.6460
192.0000	256.0000	 15.4918	  0.0487	  2.9470
208.0000	256.0000	 15.4059	  0.0212	  3.3446
224.0000	256.0000	 15.5531	 -0.0366	  1.9662
240.0000	256.0000	 15.4181	  0.0571	  1.6284
256.0000	256.0000	 15.4329	  0.0169	  3.1521
272.0000	256.0000	 15.4932	  0.0101	  2.4833
288.0000	256.0000	-30.7804	 17.8407	  1.0618
304.0000	256.0000	 15.6159	  0.0196	  1.8291
320.0000	256.0000	 15.4930	 -0.1552	  3.0802
336.0000	256.0000	 15.4579	 -0.1474	  2.7575
352.0000	256.0000	 15.4851	  0.0120	  2.7476
368.0000	256.0000	 15.4528	 -0.0765	  2.1783
384.0000	256.0000	 15.4961	 -0.1151	  2.1351
400.0000	256.0000	 15.4933	 -0.0093	  2.3479
416.0000	256.0000	 15.4556	 -0.0045	  2.5898
432.0000	256.0000	 15.4772	 -0.0128	  3.4764
448.0000	256.0000	 15.4657	 -0.0033	  2.3518
464.0000	256.0000	 15.5601	 -0.0540	  2.6702
480.0000	256.0000	 15.4982	 -0.0273	  2.6585
496.0000	256.0000	-10.0915	-33.1499	  1.1099
 16.0000	272.0000	 15.2923	 -0.0719	  2.1174
 32.0000	272.0000	 15.3583	  0.0800	  2.0993
 48.0000	272.0000	 15.4214	  0.0863	  2.0785
 64.0000	272.0000	 15.2688	  0.0006	  2.7216
 80.0000	272.0000	 15.3360	  0.0219	  2.4267
 96.0000	272.0000	 15.3471	  0.0405	  2.4846
112.0000	272.0000	 15.3312	 -0.0476	  2.6566
128.0000	272.0000	 15.3534	 -0.0753	  3.1642
144.0000	272.0000	 15.3696	 -0.0856	  2.5407
160.0000	272.0000	 15.4082	 -0.0784	  3.0638
176.0000	272.0000	 15.3969	  0.0257	  3.2915
192.0000	272.0000	 15.4042	  0.1260	  1.7085
208.0000	272.0000	 15.4588	  0.0793	  2.3935
224.0000	272.0000	 15.3518	 -0.0250	  2.3223
240.0000	272.0000	 15.2686	 -0.0788	  1.9421
256.0000	272.0000	 15.3712	 -0.0028	  2.5464
272.0000	272.0000	 15.3952	  0.0105	  2.9582
288.0000	272.0000	 15.3158	  0.0086	  2.4383
304.0000	272.0000	 15.3044	 -0.0764	  2.2841
320.0000	272.0000	 15.4756	  0.0645	  1.9349
336.0000	272.0000	 15.5326	  0.2997	  1.4706
352.0000	272.0000	 15.3872	 -0.0168	  1.8353
368.0000	272.0000	 15.4020	 -0.0063	  1.7211
384.0000	272.0000	 15.3917	  0.0429	  2.7087
400.0000	272.0000	 15.2783	  0.0688	  2.6992
416.0000	272.0000	 15.3564	 -0.0821	  3.2542
432.0000	272.0000	 15.3792	 -0.0649	  4.4549
448.0000	272.0000	 15.4205	 -0.0056	  2.3755
464.0000	272.0000	 15.5816	 -0.0454	  1.9700
480.0000	272.0000	 15.3634	  0.0429	  2.9635
496.0000	272.0000	 15.2008	  0.0836	  2.0838
 16.0000	288.0000	 15.0349	 -0.0055	  4.0713
 32.0000	288.0000	 15.0861	  0.0020	  2.9439
 48.0000	288.0000	 15.1376	  0.0009	  2.1702
 64.0000	288.0000	 15.1919	 -0.0029	  3.0150
 80.0000	288.0000	 15.1892	 -0.0030	  2.6230
 96.0000	288.0000	 15.1982	 -0.0082	  3.8704
112.0000	288.0000	 15.1856	 -0.0123	  3.4059
128.0000	288.0000	 15.1910	 -0.1412	  1.4226
144.0000	288.0000	 15.1324	 -0.1106	  2.6996
160.0000	288.0000	 15.0188	 -0.0037	  2.4919
176.0000	288.0000	 15.0598	 -0.0291	  3.3200
192.0000	288.0000	 15.0783	 -0.0703	  2.6797
208.0000	288.0000	 14.8524	  0.0222	  1.2534
224.0000	288.0000	 14.9843	 -0.1012	  1.9626
240.0000	288.0000	 15.0825	 -0.0713	  3.5453
256.0000	288.0000	 15.1051	 -0.0075	  2.9629
272.0000	288.0000	 15.2452	  0.0068	  3.0564
288.0000	288.0000	 15.1702	  0.0051	  3.5056
304.0000	288.0000	 14.9718	 -0.0007	  2.9066
320.0000	288.0000	 15.0001	  0.0603	  3.0669
336.0000	288.0000	 15.0794	  0.0853	  2.6284
352.0000	288.0000	 15.1373	  0.0054	  1.5284
368.0000	288.0000	 15.1856	  0.1245	  2.3843
384.0000	288.0000	 15.1490	  0.1067	  3.2068
400.0000	288.0000	 15.0610	 -0.0009	  3.1048
416.0000	288.0000	 15.2458	  0.0141	  3.4270
432.0000	288.0000	 15.2123	  0.0132	  4.3059
448.0000	288.0000	 15.1327	  0.0029	  2.1296
464.0000	288.0000	 15.1878	  0.0530	  2.7460
480.0000	288.0000	 15.1368	  0.0711	  3.7685
496.0000	288.0000	 15.0652	  0.0572	  2.8248
 16.0000	304.0000	 14.9125	  0.0582	  4.1612
 32.0000	304.0000	 14.8426	  0.0075	  3.3496
 48.0000	304.0000	 14.5652	  0.0034	  2.3054
 64.0000	304.0000	 14.3306	 -0.0159	  2.4483
 80.0000	304.0000	 14.6473	 -0.0214	  1.8944
 96.0000	304.0000	 14.6234	 -0.0322	  3.2932
112.0000	304.0000	 14.7414	  0.0286	  3.3833
128.0000	304.0000	 14.8239	  0.0992	  2.1804
144.0000	304.0000	 14.4787	  0.0472	  2.2225
160.0000	304.0000	 14.6044	  0.0758	  2.4368
176.0000	304.0000	 14.7379	  0.0306	  3.9568
192.0000	304.0000	 14.6630	  0.0275	  3.7710
208.0000	304.0000	 14.5518	  0.0003	  2.6131
224.0000	304.0000	 14.7845	  0.0303	  2.7090
240.0000	304.0000	 14.9052	  0.0269	  4.0606
256.0000	304.0000	 14.8361	  0.0144	  3.3823
272.0000	304.0000	 14.8350	  0.0055	  1.8234
288.0000	304.0000	 14.8831	  0.0473	  2.6301
304.0000	304.0000	 14.6980	  0.0536	  3.3887
320.0000	304.0000	 14.6447	 -0.0928	  2.8421
336.0000	304.0000	 14.6107	 -0.1315	  2.9196
352.0000	304.0000	 14.4675	 -0.0140	  2.2967
368.0000	304.0000	 14.7634	 -0.0130	  2.4142
384.0000	304.0000	 14.6849	 -0.0032	  2.4522
400.0000	304.0000	 14.5263	 -0.0192	  2.6151
416.0000	304.0000	 14.7318	  0.2429	  2.5775
432.0000	304.0000	 14.7116	  0.4912	  2.1052
448.0000	304.0000	 14.8003	 -0.1637	  2.2791
464.0000	304.0000	 14.8110	 -0.0908	  3.4930
480.0000	304.0000	 14.8918	  0.0182	  3.0225
496.0000	304.0000	 14.4152	 -0.1894	  1.5276
 16.0000	320.0000	 13.8183	 -0.2112	  1.8044
 32.0000	320.0000	 14.3917	 -0.0670	  2.1767
 48.0000	320.0000	 14.3952	 -0.0085	  1.5684
 64.0000	320.0000	 13.8678	  0.0056	  3.2350
 80.0000	320.0000	 13.8881	  0.0107	  2.1572
 96.0000	320.0000	 14.3332	 -0.0575	  2.6556
112.0000	320.0000	 14.4845	 -0.0591	  3.3129
128.0000	320.0000	 14.2421	  0.0196	  2.6443
144.0000	320.0000	 13.8334	 -0.0385	  3.1725
160.0000	320.0000	 13.9115	 -0.1192	  2.7721
176.0000	320.0000	 14.0635	 -0.0967	  3.4521
192.0000	320.0000	 14.2306	 -0.0270	  3.9392
208.0000	320.0000	 14.1663	  0.0178	  2.8641
224.0000	320.0000	 13.9240	  0.0588	  2.6520
240.0000	320.0000	 13.9540	  0.0744	  2.6431
256.0000	320.0000	 14.1712	  0.0011	  1.9125
272.0000	320.0000	 14.0278	 -0.3523	  1.5096
288.0000	320.0000	 13.9468	 -0.3311	  2.0085
304.0000	320.0000	 14.0907	 -0.0541	  2.4859
320.0000	320.0000	 14.1383	 -0.0005	  1.6648
336.0000	320.0000	 14.0239	 -0.0384	  2.5154
352.0000	320.0000	 13.8578	 -0.0424	  2.5991
368.0000	320.0000	 14.0809	 -0.0000	  2.3544
384.0000	320.0000	 14.0930	 -0.0135	  1.4037
400.0000	320.0000	 13.9010	 -0.0138	  1.6025
416.0000	320.0000	 14.0604	 -0.0026	  1.9628
432.0000	320.0000	 13.6766	 -0.0220	  1.8558
448.0000	320.0000	 14.0766	  0.0009	  2.1682
464.0000	320.0000	 14.3386	  0.0135	  2.0183
480.0000	320.0000	 14.7589	 14.2245	  1.0990
496.0000	320.0000	 13.3943	  0.0418	  1.1710
 16.0000	336.0000	 13.0361	 -0.1259	  5.1536
 32.0000	336.0000	 13.0027	 -0.2045	  2.4347
 48.0000	336.0000	 12.9029	 -0.1864	  1.3076
 64.0000	336.0000	 13.1653	 -0.0586	  2.1191
 80.0000	336.0000	 12.9285	 -0.1195	  2.8860
 96.0000	336.0000	 12.9445	 -0.0898	  2.2597
112.0000	336.0000	 13.0353	  0.0202	  3.4176
128.0000	336.0000	 13.0278	  0.0103	  3.8755
144.0000	336.0000	 13.1147	  0.0236	  3.5520
160.0000	336.0000	 13.3449	  0.0036	  4.0199
176.0000	336.0000	 13.3534	 -0.0054	  4.0139
192.0000	336.0000	 13.2279	 -0.0109	  3.4240
208.0000	336.0000	 13.3273	 -0.0195	  3.2230
224.0000	336.0000	 13.4274	  0.0217	  2.7787
240.0000	336.0000	 13.4234	  0.0460	  2.3195
256.0000	336.0000	 13.1752	 -0.0369	  1.7045
272.0000	336.0000	 13.4274	 -0.0330	  1.8554
288.0000	336.0000	 13.1568	  0.0068	  3.1326
304.0000	336.0000	 12.8897	  0.0436	  2.4392
320.0000	336.0000	 13.1059	  0.2010	  3.3656
336.0000	336.0000	 13.1320	  0.0904	  4.3355
352.0000	336.0000	 13.3435	 -0.0283	  1.8597
368.0000	336.0000	 13.5094	 -0.0856	  2.1294
384.0000	336.0000	 13.2717	 -0.0475	  2.1894
400.0000	336.0000	 13.1101	  0.0862	  1.0326
416.0000	336.0000	 13.2949	 -0.0178	  1.8399
432.0000	336.0000	 13.2282	 -0.0181	  3.2437
448.0000	336.0000	 13.3105	  0.2225	  2.6638
464.0000	336.0000	 13.5308	  0.6915	  1.7979
480.0000	336.0000	 13.2684	 -0.0012	  1.3865
496.0000	336.0000	 12.7399	  0.0530	  1.1888
 16.0000	352.0000	 12.4158	  0.0272	  4.3383
 32.0000	352.0000	 12.3578	  0.0440	  3.5597
 48.0000	352.0000	 11.9571	 -0.1337	  3.0244
 64.0000	352.0000	 11.8104	 -0.1161	  2.5801
 80.0000	352.0000	 12.2180	  0.0073	  2.9067
 96.0000	352.0000	 12.6308	  0.1411	  2.0692
112.0000	352.0000	 12.7774	  0.1061	  2.6375
128.0000	352.0000	 12.5739	  0.0025	  3.6707
144.0000	352.0000	 12.5539	  0.1281	  2.7539
160.0000	352.0000	 12.5988	  0.1993	  3.1482
176.0000	352.0000	 12.6497	  0.1123	  2.9971
192.0000	352.0000	 12.6718	  0.0457	  3.6264
208.0000	352.0000	 12.6575	 -0.0020	  3.2673
224.0000	352.0000	 12.2363	 -0.0237	  3.8096
240.0000	352.0000	 12.0705	 -0.0128	  2.0149
256.0000	352.0000	 12.7725	  0.0089	  1.2589
272.0000	352.0000	 12.3037	  0.2059	  1.3388
288.0000	352.0000	 12.6621	  0.1546	  2.7052
304.0000	352.0000	 12.4470	 -0.0005	  2.5885
320.0000	352.0000	 12.3954	 -0.0312	  2.4950
336.0000	352.0000	 12.3952	 -0.0274	  3.2722
352.0000	352.0000	 12.0104	  0.0003	  2.4889
368.0000	352.0000	 12.2651	  0.0475	  1.6573
384.0000	352.0000	 12.4851	  0.0455	  1.5415
400.0000	352.0000	 12.0145	 -0.0411	  1.2227
416.0000	352.0000	 12.2030	 -0.0950	  2.7213
432.0000	352.0000	 12.4407	 -0.0701	  3.1274
448.0000	352.0000	 12.6218	 -0.0337	  2.1528
464.0000	352.0000	-28.7560	 -9.3651	  1.2820
480.0000	352.0000	 12.1426	 -0.0079	  1.4787
496.0000	352.0000	 11.8237	 -0.0068	  1.4198
 16.0000	368.0000	 11.5661	  0.1794	  3.3049
 32.0000	368.0000	 11.6193	  0.2858	  2.6605
 48.0000	368.0000	 11.3376	  0.0555	  3.0548
 64.0000	368.0000	 11.3578	  0.0626	  2.7852
 80.0000	368.0000	 11.6277	  0.3951	  1.1060
 96.0000	368.0000	 11.0114	  0.1253	  1.8487
112.0000	368.0000	 11.2988	 -0.0212	  1.5258
128.0000	368.0000	 11.9136	  0.0216	  1.5983
144.0000	368.0000	 11.5439	  0.0154	  1.3958
160.0000	368.0000	 11.4541	 -0.0302	  2.0573
176.0000	368.0000	 11.4294	 -0.0137	  2.7703
192.0000	368.0000	 11.2614	 -0.0045	  2.8402
208.0000	368.0000	 11.0060	 -0.0017	  3.3230
224.0000	368.0000	 11.0882	  0.0040	  4.3528
240.0000	368.0000	 11.0094	 -0.0064	  2.6395
256.0000	368.0000	 10.4838	 -0.0494	  1.5727
272.0000	368.0000	 10.8779	  0.0421	  1.1504
288.0000	368.0000	 11.1803	 -0.0002	  2.0468
304.0000	368.0000	 11.2648	 -0.0506	  2.9085
320.0000	368.0000	 11.0914	 -0.0416	  3.6540
336.0000	368.0000	 11.0396	 -0.0149	  3.1694
352.0000	368.0000	 11.3572	 -0.0284	  2.1190
368.0000	368.0000	 10.9978	 -0.0177	  2.0184
384.0000	368.0000	 10.7827	  0.0081	  3.8568
400.0000	368.0000	 10.7453	 -0.0316	  2.7983
416.0000	368.0000	 11.2962	 -0.0699	  2.5717
432.0000	368.0000	 11.4273	 -0.0197	  3.3978
448.0000	368.0000	 11.0142	  0.0103	  2.4269
464.0000	368.0000	 10.9966	 -0.0607	  1.5138
480.0000	368.0000	 11.1293	 -0.0479	  2.0184
496.0000	368.0000	 10.9106	 -0.0219	  2.2336
 16.0000	384.0000	  9.7481	 -0.0747	  2.1161
 32.0000	384.0000	  9.5648	 -0.1044	  2.1791
 48.0000	384.0000	 10.3370	  0.1352	  2.2034
 64.0000	384.0000	 10.4610	  0.1451	  2.1447
 80.0000	384.0000	  9.5985	 -0.0013	  1.8377
 96.0000	384.0000	  9.5327	 -0.0040	  2.2865
112.0000	384.0000	  9.4852	 -0.0206	  2.0438
128.0000	384.0000	  9.0700	  0.0023	  1.1468
144.0000	384.0000	 10.2676	  0.0162	  1.2775
160.0000	384.0000	 10.3672	  0.0142	  1.6608
176.0000	384.0000	 10.0554	 -0.2357	  2.4913
192.0000	384.0000	 10.5369	 -0.2018	  2.2542
208.0000	384.0000	 10.5928	 -0.0014	  3.0035
224.0000	384.0000	 10.1868	  0.0155	  3.1811
240.0000	384.0000	  9.9189	 -0.0324	  3.1404
256.0000	384.0000	  9.9219	 -0.1282	  2.5600
272.0000	384.0000	  9.4447	 -0.4040	  1.6017
288.0000	384.0000	  9.5751	 -0.0577	  2.1777
304.0000	384.0000	  9.8737	 -0.0105	  3.2060
320.0000	384.0000	 10.2994	  0.0283	  3.5074
336.0000	384.0000	 10.3807	  0.0309	  3.3291
352.0000	384.0000	 10.5670	  0.0740	  2.7563
368.0000	384.0000	 10.5426	  0.0130	  1.9967
384.0000	384.0000	 10.5957	  0.0329	  3.1644
400.0000	384.0000	 10.1795	  0.0069	  2.7179
416.0000	384.0000	  9.6332	  0.0514	  2.5157
432.0000	384.0000	 10.3348	  0.0710	  1.6651
448.0000	384.0000	 10.5279	  0.0019	  1.4272
464.0000	384.0000	 10.2303	 -0.0360	  2.4195
480.0000	384.0000	  9.8251	  0.0251	  2.5654
496.0000	384.0000	  9.7727	 -0.0472	  2.5034
 16.0000	400.0000	  7.8765	  0.0383	  3.0379
 32.0000	400.0000	  8.3045	  0.1139	  2.3761
 48.0000	400.0000	-24.4622	-16.0653	  1.0008
 64.0000	400.0000	  9.5198	  0.0033	  1.2500
 80.0000	400.0000	  9.3858	 -0.0028	  1.6810
 96.0000	400.0000	  8.7998	 -0.0019	  2.3596
112.0000	400.0000	  8.1454	 -0.0083	  2.7161
128.0000	400.0000	  7.7581	 -0.0079	  2.0517
144.0000	400.0000	  7.8471	 -0.0098	  2.1862
160.0000	400.0000	  7.8671	 -0.0289	  1.0211
176.0000	400.0000	  7.8934	 -0.0215	  2.1188
192.0000	400.0000	  7.9502	 -0.0052	  2.7346
208.0000	400.0000	  8.4223	  0.0071	  2.3742
224.0000	400.0000	  8.6109	 -0.0120	  1.9771
240.0000	400.0000	  8.2368	  0.0277	  2.3566
256.0000	400.0000	  7.8485	  0.0399	  2.4045
272.0000	400.0000	  7.8133	  0.0240	  1.7965
288.0000	400.0000	  8.7887	 -0.0497	  1.2194
304.0000	400.0000	  8.5991	  0.0033	  2.6511
320.0000	400.0000	  8.6437	  0.0488	  1.7387
336.0000	400.0000	  8.5925	  0.0777	  1.7962
352.0000	400.0000	  8.1624	 -0.1433	  2.7072
368.0000	400.0000	  7.8913	 -0.1704	  2.4838
384.0000	400.0000	  8.0484	  0.0262	  2.6011
400.0000	400.0000	  8.2491	  0.0124	  2.7317
416.0000	400.0000	  8.3453	  0.0089	  2.5976
432.0000	400.0000	  8.0240	 -0.0868	  2.3215
448.0000	400.0000	  7.5895	 -0.3190	  2.3074
464.0000	400.0000	  7.9872	 -0.1618	  2.1983
480.0000	400.0000	  8.5603	  0.1123	  1.7176
496.0000	400.0000	  8.1743	 -0.0539	  1.9866
 16.0000	416.0000	  7.3075	  0.0112	  3.8905
 32.0000	416.0000	  7.2040	 -0.0005	  1.7919
 48.0000	416.0000	  6.9196	 -0.0087	  1.2564
 64.0000	416.0000	  5.5649	 -0.1648	  1.9234
 80.0000	416.0000	  5.3189	 -0.1878	  2.1604
 96.0000	416.0000	  6.1794	 -0.0327	  1.7026
112.0000	416.0000	  6.8774	  0.0106	  2.4479
128.0000	416.0000	  6.9226	 -0.0043	  2.7232
144.0000	416.0000	  7.0829	 -0.0325	  2.1782
160.0000	416.0000	  5.9494	 -0.0590	  2.5583
176.0000	416.0000	  6.2413	  0.0774	  3.3689
192.0000	416.0000	  7.4871	  0.1606	  2.4341
208.0000	416.0000	  7.8698	  0.1856	  1.8383
224.0000	416.0000	  6.8272	  0.0211	  2.0317
240.0000	416.0000	  6.9035	 -0.0029	  2.2073
256.0000	416.0000	  7.1239	  0.0707	  2.9688
272.0000	416.0000	  7.0083	  0.1103	  1.9732
288.0000	416.0000	  6.2924	 -0.0216	  2.3153
304.0000	416.0000	  6.7838	 -0.0106	  2.2967
320.0000	416.0000	  7.4762	 -0.0208	  1.5717
336.0000	416.0000	  7.8986	  0.1018	  1.8814
352.0000	416.0000	  7.2919	 -0.0196	  2.6164
368.0000	416.0000	  6.7506	  0.0014	  2.4974
384.0000	416.0000	  7.1254	  0.0291	  1.9250
400.0000	416.0000	  7.5103	  0.0821	  2.3777
416.0000	416.0000	  7.2924	  0.0583	  2.3439
432.0000	416.0000	  6.6939	  0.0472	  2.6137
448.0000	416.0000	  6.5119	  0.0093	  2.5609
464.0000	416.0000	  6.5966	  0.0378	  2.8013
480.0000	416.0000	  6.6473	  0.1584	  1.8467
496.0000	416.0000	  6.7776	  0.1223	  1.9552
 16.0000	432.0000	  3.7483	 -0.1979	  1.6733
 32.0000	432.0000	  3.7346	 -0.1660	  1.9085
 48.0000	432.0000	  4.1695	  0.0005	  1.0838
 64.0000	432.0000	  5.3501	  0.0121	  1.8815
 80.0000	432.0000	  5.0552	  0.0068	  2.6082
 96.0000	432.0000	  4.8351	 -0.0024	  2.7291
112.0000	432.0000	  5.0266	 -0.0034	  1.7533
128.0000	432.0000	  5.6070	  0.0236	  1.3421
144.0000	432.0000	  5.1686	 -0.0062	  1.7033
160.0000	432.0000	  5.4566	  0.0224	  2.9487
176.0000	432.0000	  5.4677	  0.0733	  2.1823
192.0000	432.0000	  3.9549	  0.0529	  1.8055
208.0000	432.0000	  4.0997	 -0.0081	  1.5515
224.0000	432.0000	  4.7531	 -0.0356	  3.3683
240.0000	432.0000	  4.8448	 -0.0464	  3.4159
256.0000	432.0000	  4.8666	 -0.0696	  1.7011
272.0000	432.0000	  5.6328	 -0.0469	  1.8000
288.0000	432.0000	  5.6049	  0.0957	  2.1671
304.0000	432.0000	  4.8518	  0.0160	  1.9550
320.0000	432.0000	  4.1463	 -0.1244	  1.7631
336.0000	432.0000	  3.8618	 -0.3003	  1.7494
352.0000	432.0000	  4.5204	 -0.1113	  2.6832
368.0000	432.0000	  5.1889	 -0.0403	  2.7498
384.0000	432.0000	  5.5463	  0.0403	  1.2600
400.0000	432.0000	  5.6658	  0.0463	  1.1125
416.0000	432.0000	  5.2926	 -0.2138	  1.9833
432.0000	432.0000	  5.6783	 -0.0883	  2.1787
448.0000	432.0000	  5.8805	  0.1520	  2.1819
464.0000	432.0000	  5.4133	 -0.0062	  1.8857
480.0000	432.0000	  4.4062	 -0.0299	  1.2383
496.0000	432.0000	  5.6225	  0.0412	  1.5363
 16.0000	448.0000	  2.7007	  0.0465	  2.1547
 32.0000	448.0000	  3.3541	  0.0595	  2.3666
 48.0000	448.0000	  2.0116	 -0.0035	  1.1070
 64.0000	448.0000	  2.1353	 -0.0099	  1.3742
 80.0000	448.0000	  3.5539	  0.2544	  1.8030
 96.0000	448.0000	  3.9609	  0.0880	  1.5388
112.0000	448.0000	  3.2594	  0.0041	  1.5059
128.0000	448.0000	  1.9071	 -0.0017	  1.7542
144.0000	448.0000	  1.5326	 -0.0359	  2.6167
160.0000	448.0000	  1.6958	 -0.0489	  1.7416
176.0000	448.0000	  2.4282	 -0.0590	  1.0574
192.0000	448.0000	  2.5545	  0.0132	  1.9829
208.0000	448.0000	  2.8109	  0.0267	  2.3221
224.0000	448.0000	  2.9497	  0.0008	  2.0512
240.0000	448.0000	  3.2814	  0.0559	  1.8716
256.0000	448.0000	  3.1729	  0.0879	  1.8353
272.0000	448.0000	  3.0720	  0.0546	  2.0876
288.0000	448.0000	  2.9522	 -0.0607	  2.4475
304.0000	448.0000	  3.5615	 -0.0491	  1.9667
320.0000	448.0000	  3.0570	  0.0662	  1.8495
336.0000	448.0000	  2.5705	  0.0358	  2.3201
352.0000	448.0000	  3.6756	  0.1270	  2.7717
368.0000	448.0000	  4.0744	  0.2035	  2.4844
384.0000	448.0000	  2.5486	 -0.0055	  1.6254
400.0000	448.0000	  2.1002	  0.0020	  2.9965
416.0000	448.0000	  2.4008	  0.1722	  2.4040
432.0000	448.0000	  2.3914	  0.1812	  2.2897
448.0000	448.0000	  2.0159	 -0.0193	  2.7686
464.0000	448.0000	  2.4181	 -0.0331	  2.8746
480.0000	448.0000	  2.4497	 -0.0151	  2.0602
496.0000	448.0000	  2.0011	 -0.0133	  1.1048
 16.0000	464.0000	  1.7593	  0.1755	  1.5564
 32.0000	464.0000	  1.6383	  0.3973	  1.0407
 48.0000	464.0000	  0.6762	 -0.1131	  1.5970
 64.0000	464.0000	  0.9864	 -0.0854	  2.5441
 80.0000	464.0000	  0.8694	 -0.2869	  1.9479
 96.0000	464.0000	  0.7866	 -0.2169	  1.9505
112.0000	464.0000	  1.2213	 -0.0494	  1.5298
128.0000	464.0000	  0.7642	 -0.0323	  1.5787
144.0000	464.0000	  0.9134	 -0.0427	  2.3805
160.0000	464.0000	  0.4916	 -0.0751	  2.4564
176.0000	464.0000	  0.1712	 -0.0378	  2.5207
192.0000	464.0000	  0.8533	 -0.0078	  1.7721
208.0000	464.0000	  0.7584	 -0.0392	  1.7694
224.0000	464.0000	  0.9815	 -0.0256	  2.4950
240.0000	464.0000	  1.1347	  0.0161	  2.4124
256.0000	464.0000	  0.4925	 -0.0540	  1.9348
272.0000	464.0000	  0.1771	 -0.2553	  1.8055
288.0000	464.0000	  0.6442	 -0.1957	  1.7039
304.0000	464.0000	  0.7425	  0.0904	  2.2497
320.0000	464.0000	  0.4025	 -0.0427	  1.6747
336.0000	464.0000	  0.7416	  0.1105	  1.8480
352.0000	464.0000	  0.6714	  0.0029	  2.5148
368.0000	464.0000	  0.3457	 -0.0128	  1.8247
384.0000	464.0000	  1.2099	 -0.0334	  1.8070
400.0000	464.0000	  1.1626	  0.0450	  2.4415
416.0000	464.0000	  1.4946	  0.0866	  2.0874
432.0000	464.0000	  1.1337	 -0.2252	  2.0082
448.0000	464.0000	  1.2486	 -0.1297	  2.4608
464.0000	464.0000	  2.0099	  0.0521	  3.3078
480.0000	464.0000	  1.7114	 -0.0075	  1.8002
496.0000	464.0000	  0.5926	 -0.0461	  1.9181
 16.0000	480.0000	  0.6049	  0.1949	  1.5588
 32.0000	480.0000	  0.1734	  0.0028	  2.1319
 48.0000	480.0000	 -0.2648	  0.0010	  2.4800
 64.0000	480.0000	 -0.0180	  0.0041	  3.2818
 80.0000	480.0000	  0.0058	  0.0029	  3.6479
 96.0000	480.0000	 -0.0945	  0.0003	  3.3226
112.0000	480.0000	 -0.0061	 -0.2290	  2.0504
128.0000	480.0000	 -0.0022	 -0.1114	  2.5183
144.0000	480.0000	  0.0452	  0.0062	  3.5719
160.0000	480.0000	  0.0421	 -0.0108	  3.3731
176.0000	480.0000	  0.0070	 -0.0052	  3.0963
192.0000	480.0000	  0.0127	  0.0177	  2.8714
208.0000	480.0000	  0.0014	 -0.0000	  2.2100
224.0000	480.0000	  0.0372	 -0.0000	  2.6920
240.0000	480.0000	  0.0204	  0.0013	  3.7839
256.0000	480.0000	 -0.0272	  0.0020	  4.1113
272.0000	480.0000	 -0.0122	  0.0016	  2.8369
288.0000	480.0000	  0.0253	  0.0010	  2.3768
304.0000	480.0000	  0.1736	  0.0004	  2.0168
320.0000	480.0000	 -0.0204	  0.0109	  2.4115
336.0000	480.0000	 -0.0740	  0.1301	  2.4972
352.0000	480.0000	  0.2007	  0.0766	  2.2678
368.0000	480.0000	  0.1036	  0.0094	  2.8767
384.0000	480.0000	 -0.0626	  0.0048	  2.7955
400.0000	480.0000	  0.0158	  0.0035	  3.0097
416.0000	480.0000	  0.1327	 -0.0007	  2.2147
432.0000	480.0000	  0.0083	 -0.0796	  3.1225
448.0000	480.0000	 -0.0612	 -0.0620	  3.3034
464.0000	480.0000	 -0.0066	  0.0782	  2.1182
480.0000	480.0000	  0.0087	 -0.0015	  2.6082
496.0000	480.0000	  0.0873	  0.0015	  3.4370
 16.0000	496.0000	  0.3803	  0.0003	  2.3321
 32.0000	496.0000	  0.0231	  0.0320	  3.6751
 48.0000	496.0000	 -0.2347	  0.1024	  2.7921
 64.0000	496.0000	  0.0663	  0.1554	  2.5078
 80.0000	496.0000	  0.0023	  0.1100	  3.5601
 96.0000	496.0000	 -0.0755	  0.0836	  3.3244
112.0000	496.0000	 -0.0057	  0.0213	  2.3359
128.0000	496.0000	 -0.0030	  0.0157	  2.1321
144.0000	496.0000	  0.0593	  0.0335	  3.0684
160.0000	496.0000	  0.0014	  0.0401	  2.7771
176.0000	496.0000	 -0.0448	  0.0184	  3.0822
192.0000	496.0000	  0.0013	  0.0040	  3.9557
208.0000	496.0000	  0.0322	  0.0249	  3.6188
224.0000	496.0000	  0.0186	  0.0335	  3.6488
240.0000	496.0000	 -0.0580	 -0.0021	  3.2388
256.0000	496.0000	 -0.0299	 -0.0010	  2.7111
272.0000	496.0000	  0.0028	  0.2110	  1.6773
288.0000	496.0000	  0.0245	  0.2403	  1.4031
304.0000	496.0000	 -0.0111	  0.0142	  1.4355
320.0000	496.0000	 -0.0177	  0.0073	  2.6610
336.0000	496.0000	  0.0397	  0.0856	  2.3792
352.0000	496.0000	  0.0001	  0.0490	  3.8870
368.0000	496.0000	 -0.0240	 -0.0015	  3.4175
384.0000	496.0000	  0.0041	  0.0277	  3.9182
400.0000	496.0000	  0.0020	  0.0325	  4.2775
416.0000	496.0000	  0.1635	  0.0046	  2.1327
432.0000	496.0000	  0.0050	  0.0623	  3.7385
448.0000	496.0000	 -0.0654	  0.0755	  3.3525
464.0000	496.0000	 -0.0375	  0.0266	  2.0973
480.0000	496.0000	 -0.0003	  0.0000	  3.8791
496.0000	496.0000	 -0.0025	  0.0023	  2.9453
