 16.0000	 16.0000	  0.0048	 -0.0046	  3.2641
 32.0000	 16.0000	 -0.0061	 -0.0062	  2.8279
 48.0000	 16.0000	  0.0477	 -0.0076	  2.6326
 64.0000	 16.0000	  0.0682	 -0.0016	  3.0389
 80.0000	 16.0000	 -0.0362	 -0.0028	  3.3945
 96.0000	 16.0000	  0.0958	 -0.0038	  3.6695
112.0000	 16.0000	  0.0010	 -0.0876	  3.3238
128.0000	 16.0000	 -0.0963	 -0.0956	  4.4118
144.0000	 16.0000	 -0.0093	 -0.0290	  1.9498
160.0000	 16.0000	  0.0256	 -0.0512	  3.9351
176.0000	 16.0000	  0.0705	 -0.0383	  3.4756
192.0000	 16.0000	 -0.0247	 -0.0280	  2.5984
208.0000	 16.0000	 -0.0653	 -0.0288	  3.5236
224.0000	 16.0000	 -0.0277	 -0.0495	  4.0207
240.0000	 16.0000	  0.0429	 -0.0407	  4.0775
256.0000	 16.0000	 -0.0012	 -0.0018	  2.4983
272.0000	 16.0000	 -0.0831	 -0.0018	  2.5363
288.0000	 16.0000	  0.0498	  0.0002	  2.2560
304.0000	 16.0000	  0.0919	 -0.0037	  2.5495
320.0000	 16.0000	  0.0670	 -0.0415	  3.1343
336.0000	 16.0000	 -0.1713	 -0.0957	  2.7846
352.0000	 16.0000	 -0.1309	 -0.0974	  3.7584
368.0000	 16.0000	  0.0030	 -0.0289	  2.5690
384.0000	 16.0000	  0.0904	  0.0005	  2.6375
400.0000	 16.0000	 -0.0040	  0.0012	  1.5516
416.0000	 16.0000	 -0.0436	 -0.0026	  2.5227
432.0000	 16.0000	  0.0015	 -0.0742	  2.3052
448.0000	 16.0000	  0.0009	 -0.1928	  1.2823
464.0000	 16.0000	  0.0226	 -0.0006	  1.5046
480.0000	 16.0000	  0.0336	 -0.0442	  1.8607
496.0000	 16.0000	 -0.0156	 -0.0662	  2.0792
 16.0000	 32.0000	  0.0180	  0.0961	  1.3401
 32.0000	 32.0000	  0.0021	  0.0285	  1.2784
 48.0000	 32.0000	  0.3648	  0.0009	  2.3813
 64.0000	 32.0000	  0.1153	  0.0356	  3.7106
 80.0000	 32.0000	 -0.0899	  0.0479	  3.4799
 96.0000	 32.0000	  0.0718	  0.0554	  2.8887
112.0000	 32.0000	  0.0236	  0.1096	  4.1771
128.0000	 32.0000	 -0.0215	  0.0366	  2.5950
144.0000	 32.0000	  0.0407	 -0.1503	  2.8319
160.0000	 32.0000	  0.0706	 -0.0373	  3.3687
176.0000	 32.0000	  0.0381	  0.0701	  2.9703
192.0000	 32.0000	  0.0332	  0.0861	  2.6684
208.0000	 32.0000	  0.0231	  0.0318	  3.2741
224.0000	 32.0000	 -0.0042	  0.0778	  2.8961
240.0000	 32.0000	  0.0522	  0.2973	  1.5274
256.0000	 32.0000	  0.2373	  0.0908	  1.2306
272.0000	 32.0000	  0.1298	  0.0255	  2.6453
288.0000	 32.0000	  0.0411	  0.1433	  2.7021
304.0000	 32.0000	  0.1983	  0.2861	  2.0304
320.0000	 32.0000	  0.1887	 -0.0449	  2.4618
336.0000	 32.0000	 -0.0926	 -0.1271	  3.0938
352.0000	 32.0000	  0.1056	 -0.1139	  2.6750
368.0000	 32.0000	  0.3658	  0.0844	  1.6130
384.0000	 32.0000	  0.1118	  0.0011	  2.1278
400.0000	 32.0000	  0.0603	 -0.0137	  2.0346
416.0000	 32.0000	 -0.0985	  0.0376	  1.2460
432.0000	 32.0000	  0.2356	 -0.1680	  2.3004
448.0000	 32.0000	  0.2915	 -0.1379	  2.8663
464.0000	 32.0000	  0.0169	  0.0770	  2.8785
480.0000	 32.0000	 -0.0045	  0.0524	  4.0404
496.0000	 32.0000	  0.0210	  0.0142	  2.7649
 16.0000	 48.0000	  0.8830	 -0.0070	  1.0693
 32.0000	 48.0000	  1.0594	  0.0062	  1.9898
 48.0000	 48.0000	  0.8120	 -0.0055	  1.8728
 64.0000	 48.0000	  0.1772	  0.0031	  1.7794
 80.0000	 48.0000	 -0.0699	  0.0165	  1.0507
 96.0000	 48.0000	  0.5550	 -0.0205	  2.0980
112.0000	 48.0000	  0.6661	 -0.0006	  2.4605
128.0000	 48.0000	  1.0227	  0.0310	  2.7678
144.0000	 48.0000	  0.7502	 -0.0160	  3.3765
160.0000	 48.0000	  0.6754	  0.0068	  2.1975
176.0000	 48.0000	  1.3785	 -0.0137	  2.2208
192.0000	 48.0000	  0.9200	 -0.0597	  2.9527
208.0000	 48.0000	  0.7288	 -0.0463	  2.3729
224.0000	 48.0000	  0.4177	  0.2003	  1.5950
240.0000	 48.0000	  0.3084	  0.4233	  1.2602
256.0000	 48.0000	  0.4268	 -0.0115	  1.6661
272.0000	 48.0000	  0.3437	  0.0153	  3.2409
288.0000	 48.0000	  0.8846	  0.0104	  3.3152
304.0000	 48.0000	  1.6360	 -0.1267	  1.6624
320.0000	 48.0000	  1.0078	  0.0083	  2.9688
336.0000	 48.0000	  0.8392	  0.0702	  2.6734
352.0000	 48.0000	  0.6355	  0.0825	  2.8120
368.0000	 48.0000	  1.0498	 -0.0443	  2.8708
384.0000	 48.0000	  0.7538	 -0.0683	  2.7879
400.0000	 48.0000	  0.2527	  0.0239	  2.1377
416.0000	 48.0000	 32.6472	-31.2285	  1.2484
432.0000	 48.0000	  1.0239	  0.0678	  1.3903
448.0000	 48.0000	  0.8767	  0.0465	  2.0776
464.0000	 48.0000	  0.4755	 -0.0042	  2.2884
480.0000	 48.0000	  0.4398	  0.0067	  2.9284
496.0000	 48.0000	  0.4734	 -0.0115	  2.1375
 16.0000	 64.0000	  3.9495	 -0.2007	  1.7965
 32.0000	 64.0000	  2.2299	  0.0551	  1.1302
 48.0000	 64.0000	  3.7422	  0.0200	  1.3823
 64.0000	 64.0000	  4.2752	  0.0471	  2.0477
 80.0000	 64.0000	  4.3033	 -0.0336	  1.3967
 96.0000	 64.0000	  3.7821	 -0.2463	  1.5574
112.0000	 64.0000	  3.5818	 -0.0456	  2.1266
128.0000	 64.0000	  2.5096	  0.0268	  2.7302
144.0000	 64.0000	  1.6986	  0.0758	  2.6620
160.0000	 64.0000	  1.6726	  0.0727	  1.7254
176.0000	 64.0000	  2.3104	  0.0249	  2.0391
192.0000	 64.0000	  2.2174	  0.0299	  1.8772
208.0000	 64.0000	  3.1113	 -0.0876	  1.6747
224.0000	 64.0000	  3.6969	 -0.2164	  1.9680
240.0000	 64.0000	 -3.8826	-13.2691	  1.3445
256.0000	 64.0000	-30.8957	-14.2372	  1.4480
272.0000	 64.0000	  3.1703	  0.0253	  2.5723
288.0000	 64.0000	  3.0561	  0.0170	  3.2764
304.0000	 64.0000	  2.1245	 -0.0739	  1.6097
320.0000	 64.0000	  1.5167	  0.0442	  2.4021
336.0000	 64.0000	  2.3972	  0.0527	  2.4138
352.0000	 64.0000	  2.9162	  0.0372	  2.5561
368.0000	 64.0000	  2.3195	  0.0603	  1.8936
384.0000	 64.0000	  1.7761	  0.0883	  1.8717
400.0000	 64.0000	  3.7125	 -0.0416	  1.4705
416.0000	 64.0000	  3.7270	  0.0011	  3.0948
432.0000	 64.0000	  3.2396	 -0.0016	  3.2685
448.0000	 64.0000	  2.4618	  0.1379	  2.0855
464.0000	 64.0000	  3.6263	 -0.0621	  2.0673
480.0000	 64.0000	  3.0462	 -0.0850	  2.9054
496.0000	 64.0000	  2.9224	  0.0258	  1.8603
 16.0000	 80.0000	  4.2460	  0.0435	  1.8728
 32.0000	 80.0000	  4.5002	 -0.0428	  1.6896
 48.0000	 80.0000	  4.6504	 -0.0663	  1.5675
 64.0000	 80.0000	  4.9663	 -0.0527	  2.3166
 80.0000	 80.0000	  5.2473	 -0.0296	  2.7819
 96.0000	 80.0000	  5.0934	  0.0147	  3.0856
112.0000	 80.0000	  4.6929	  0.0363	  3.5880
128.0000	 80.0000	  4.5019	 -0.0082	  1.6591
144.0000	 80.0000	  5.0155	 -0.0705	  1.7719
160.0000	 80.0000	  5.5325	 -0.0564	  2.8028
176.0000	 80.0000	  5.5143	 -0.0582	  2.3443
192.0000	 80.0000	  5.1297	  0.0239	  2.7153
208.0000	 80.0000	  4.9518	  0.0185	  2.5827
224.0000	 80.0000	  4.6086	  0.0135	  1.8787
240.0000	 80.0000	 -2.7175	-13.7087	  1.0339
256.0000	 80.0000	-31.1604	-13.3588	  1.1823
272.0000	 80.0000	  3.7000	  0.2229	  2.3005
288.0000	 80.0000	  4.4324	  0.1277	  2.2033
304.0000	 80.0000	  5.4935	 -0.0294	  1.3961
320.0000	 80.0000	  5.8568	 -0.1506	  1.0540
336.0000	 80.0000	  3.4500	  0.0196	  1.9992
352.0000	 80.0000	  4.0858	 -0.1793	  1.3840
368.0000	 80.0000	  5.7491	 -0.0066	  2.1126
384.0000	 80.0000	  5.3133	 -0.0410	  1.3745
400.0000	 80.0000	  4.5752	  0.0267	  2.1383
416.0000	 80.0000	  4.2211	  0.0250	  3.7182
432.0000	 80.0000	  3.8382	  0.0953	  2.7114
448.0000	 80.0000	  4.1392	 -0.0333	  1.6117
464.0000	 80.0000	  4.2253	  0.0030	  2.0190
480.0000	 80.0000	  4.6319	  0.0653	  2.6464
496.0000	 80.0000	  4.7743	 -0.0772	  1.8231
 16.0000	 96.0000	  7.2463	  0.1105	  2.3316
 32.0000	 96.0000	 -2.2946	 20.0885	  1.1037
 48.0000	 96.0000	  6.6834	  0.0420	  1.7874
 64.0000	 96.0000	  6.6623	  0.0011	  2.0717
 80.0000	 96.0000	  5.9300	 -0.0426	  2.6607
 96.0000	 96.0000	  5.4295	  0.1475	  2.8770
112.0000	 96.0000	  5.8765	 -0.0021	  2.4294
128.0000	 96.0000	  6.6066	 -0.1105	  2.1322
144.0000	 96.0000	  6.1383	 -0.0285	  1.2172
160.0000	 96.0000	  6.4399	  0.0232	  2.4168
176.0000	 96.0000	  6.4293	  0.0452	  2.8999
192.0000	 96.0000	  5.9180	 -0.0006	  2.9562
208.0000	 96.0000	  5.7984	  0.0375	  2.3830
224.0000	 96.0000	  7.5381	 -0.0943	  1.6230
240.0000	 96.0000	  7.5516	 -0.0787	  1.8487
256.0000	 96.0000	  7.5443	 -0.2081	  2.0397
272.0000	 96.0000	  7.5250	 -0.3038	  2.0882
288.0000	 96.0000	  6.6361	  0.0043	  2.0409
304.0000	 96.0000	  6.6683	  0.0022	  2.7117
320.0000	 96.0000	  7.1130	 -0.0453	  3.0547
336.0000	 96.0000	  7.1067	 -0.0518	  2.0619
352.0000	 96.0000	  6.3915	  0.0038	  2.2967
368.0000	 96.0000	  6.6799	  0.0768	  3.6583
384.0000	 96.0000	  6.9173	  0.0147	  3.0970
400.0000	 96.0000	  5.6717	  0.1006	  2.3320
416.0000	 96.0000	  5.6204	  0.0594	  2.2173
432.0000	 96.0000	  6.3141	 -0.0317	  1.4111
448.0000	 96.0000	  6.7799	  0.0354	  1.6646
464.0000	 96.0000	  6.7842	  0.0443	  1.2659
480.0000	 96.0000	  6.5488	  0.0532	  1.6360
496.0000	 96.0000	  6.5843	  0.0487	  1.5729
 16.0000	112.0000	  8.0883	 -0.0389	  1.8659
 32.0000	112.0000	  8.8110	 -0.0262	  1.8947
 48.0000	112.0000	  8.4849	  0.0589	  2.1156
 64.0000	112.0000	  8.1430	 -0.0503	  2.8188
 80.0000	112.0000	  8.3120	 -0.0345	  1.4637
 96.0000	112.0000	  8.6479	 -0.3598	  1.1277
112.0000	112.0000	  8.2624	 -0.0480	  2.4042
128.0000	112.0000	  8.0731	  0.0310	  2.2127
144.0000	112.0000	  8.2495	  0.0909	  1.5354
160.0000	112.0000	  8.3955	  0.0611	  2.9697
176.0000	112.0000	  8.0557	  0.0195	  2.3334
192.0000	112.0000	  7.6814	 -0.0155	  1.7709
208.0000	112.0000	  8.1772	 -0.0033	  2.2941
224.0000	112.0000	  8.2721	  0.0024	  2.2766
240.0000	112.0000	  8.0714	  0.0037	  2.5036
256.0000	112.0000	  8.1427	 -0.0066	  2.6483
272.0000	112.0000	  8.1740	 -0.0224	  3.4108
288.0000	112.0000	  7.5733	  0.0726	  2.4920
304.0000	112.0000	  8.0888	  0.0909	  2.5596
320.0000	112.0000	  7.8743	  0.0362	  3.5417
336.0000	112.0000	  7.1971	  0.1595	  1.9768
352.0000	112.0000	  6.9858	  0.3506	  1.4616
368.0000	112.0000	  8.0715	 -0.0083	  2.2680
384.0000	112.0000	  7.9058	  0.0151	  2.5636
400.0000	112.0000	  8.1337	  0.0568	  1.6445
416.0000	112.0000	  8.6984	 -0.0190	  1.2423
432.0000	112.0000	  8.2636	  0.1337	  1.3747
448.0000	112.0000	  7.7691	  0.0723	  2.4731
464.0000	112.0000	  8.8902	 -0.0197	  2.2535
480.0000	112.0000	  8.4386	  0.0704	  2.5178
496.0000	112.0000	  7.1527	  0.1744	  1.5045
 16.0000	128.0000	 10.0525	  0.0196	  2.7935
 32.0000	128.0000	  9.9025	  0.0240	  3.9544
 48.0000	128.0000	 10.1237	 -0.0028	  2.9637
 64.0000	128.0000	  9.8928	 -0.0194	  3.5512
 80.0000	128.0000	  9.8681	 -0.0005	  2.5880
 96.0000	128.0000	 10.2290	 -0.0109	  2.7268
112.0000	128.0000	 10.0611	 -0.0767	  3.0482
128.0000	128.0000	 10.5176	 -0.1949	  1.6779
144.0000	128.0000	  9.6826	 -0.1325	  1.4476
160.0000	128.0000	  9.3501	 -0.0087	  2.2395
176.0000	128.0000	  9.4974	 -0.0076	  1.7233
192.0000	128.0000	  9.0099	 -0.0291	  1.1736
208.0000	128.0000	  9.8772	 -0.0271	  1.6456
224.0000	128.0000	  9.8409	  0.0456	  1.9567
240.0000	128.0000	  9.9470	  0.0376	  1.7128
256.0000	128.0000	  9.6993	  0.1516	  2.8379
272.0000	128.0000	  9.2319	  0.2148	  2.1446
288.0000	128.0000	  9.7398	 -0.0838	  1.5046
304.0000	128.0000	  9.8004	 -0.0631	  2.5410
320.0000	128.0000	  9.5071	 -0.0011	  1.7327
336.0000	128.0000	 10.4813	  0.0011	  1.6742
352.0000	128.0000	 10.5276	 -0.0035	  1.5192
368.0000	128.0000	  9.6364	 -0.0194	  2.1572
384.0000	128.0000	 10.0288	 -0.0208	  3.6919
400.0000	128.0000	 10.3948	  0.0058	  2.6262
416.0000	128.0000	 10.2656	 -0.0781	  1.2589
432.0000	128.0000	  9.8986	 -0.3435	  1.8500
448.0000	128.0000	  9.9749	 -0.2017	  1.5484
464.0000	128.0000	  9.5697	  0.0059	  3.2297
480.0000	128.0000	  9.6323	  0.0079	  2.3766
496.0000	128.0000	 10.7001	 -0.0703	  1.0717
 16.0000	144.0000	 10.9424	 -0.1053	  2.5119
 32.0000	144.0000	 10.9230	 -0.0965	  2.4139
 48.0000	144.0000	 10.6742	 -0.0124	  2.4797
 64.0000	144.0000	 10.9146	  0.0488	  2.7928
 80.0000	144.0000	 10.9973	  0.0472	  2.4409
 96.0000	144.0000	 11.1906	 -0.0219	  3.2093
112.0000	144.0000	 11.2179	 -0.0363	  3.5334
128.0000	144.0000	 11.2889	 -0.0325	  3.0088
144.0000	144.0000	 11.5379	  0.0074	  2.4503
160.0000	144.0000	 11.4723	 -0.0259	  1.7022
176.0000	144.0000	 11.4933	 -0.0054	  1.7827
192.0000	144.0000	 11.7352	 -0.0460	  2.0920
208.0000	144.0000	 11.5150	 -0.0332	  2.8261
224.0000	144.0000	 11.4107	  0.0041	  3.1188
240.0000	144.0000	 11.1825	 -0.0005	  2.4598
256.0000	144.0000	 11.1084	 -0.0092	  2.6306
272.0000	144.0000	 11.1628	 -0.0141	  2.8039
288.0000	144.0000	 11.2051	 -0.0045	  2.4881
304.0000	144.0000	 11.1938	 -0.0094	  2.1747
320.0000	144.0000	 11.4545	 -0.0153	  1.8964
336.0000	144.0000	 11.2529	 -0.0082	  2.9988
352.0000	144.0000	 10.9782	 -0.0002	  2.0143
368.0000	144.0000	 11.0348	  0.1392	  1.9577
384.0000	144.0000	 10.9892	  0.0960	  3.1834
400.0000	144.0000	 10.9935	  0.0633	  3.2384
416.0000	144.0000	 11.4467	 -0.0521	  1.8580
432.0000	144.0000	 11.4408	 -0.0529	  2.7591
448.0000	144.0000	 11.2642	  0.0469	  1.3939
464.0000	144.0000	 10.8680	  0.0585	  1.9433
480.0000	144.0000	 10.9674	 -0.0057	  2.0806
496.0000	144.0000	 11.5314	 -0.0429	  1.1845
 16.0000	160.0000	 12.4782	 -0.0021	  1.8254
 32.0000	160.0000	 12.4988	  0.0151	  2.2369
 48.0000	160.0000	 12.4738	  0.0472	  2.0500
 64.0000	160.0000	 12.1967	  0.0200	  1.9579
 80.0000	160.0000	 12.5201	  0.0183	  3.5319
 96.0000	160.0000	 12.4856	 -0.0135	  3.2032
112.0000	160.0000	 12.3687	  0.0729	  3.4129
128.0000	160.0000	 12.0986	  0.1035	  3.0103
144.0000	160.0000	 12.1155	 -0.0201	  3.3067
160.0000	160.0000	 12.4389	 -0.0600	  2.0625
176.0000	160.0000	 12.1731	  0.0150	  1.9551
192.0000	160.0000	 12.1673	  0.0384	  1.9663
208.0000	160.0000	 12.3020	  0.0031	  3.5160
224.0000	160.0000	 12.2346	 -0.0152	  2.6914
240.0000	160.0000	 11.9784	  0.0252	  1.9082
256.0000	160.0000	 11.9156	  0.1363	  1.2341
272.0000	160.0000	 12.4032	 -0.0397	  2.5956
288.0000	160.0000	 12.2041	  0.0459	  2.2865
304.0000	160.0000	 12.0207	  0.0891	  2.8435
320.0000	160.0000	 11.9230	  0.0326	  2.8022
336.0000	160.0000	 11.8228	  0.0504	  2.4660
352.0000	160.0000	 -9.9280	 19.8245	  1.0101
368.0000	160.0000	 11.9374	 -0.0110	  1.3327
384.0000	160.0000	 12.1208	  0.0044	  3.5193
400.0000	160.0000	 12.2333	  0.0089	  2.6186
416.0000	160.0000	 12.0098	  0.0068	  1.3008
432.0000	160.0000	 12.1050	  0.0783	  2.8805
448.0000	160.0000	 12.3910	  0.1202	  1.8728
464.0000	160.0000	 12.4643	 -0.0069	  2.5483
480.0000	160.0000	 12.6495	 -0.0523	  3.5594
496.0000	160.0000	 12.5659	 -0.0677	  2.7876
 16.0000	176.0000	 13.4774	  0.1248	  2.8524
 32.0000	176.0000	 13.2238	  0.0635	  3.5607
 48.0000	176.0000	 12.9622	 -0.0236	  3.3889
 64.0000	176.0000	 13.2339	 -0.0243	  2.2990
 80.0000	176.0000	 13.0835	  0.1448	  2.7535
 96.0000	176.0000	 12.9531	  0.1333	  4.3155
112.0000	176.0000	 13.0009	 -0.0088	  3.0615
128.0000	176.0000	 13.1468	 -0.0400	  2.8386
144.0000	176.0000	 13.2954	  0.0112	  2.5901
160.0000	176.0000	 13.1582	  0.0122	  2.8697
176.0000	176.0000	 13.1157	  0.0062	  1.9365
192.0000	176.0000	 13.2121	  0.0303	  2.0654
208.0000	176.0000	 13.2564	  0.0212	  4.2329
224.0000	176.0000	 13.2440	 -0.0021	  2.0896
240.0000	176.0000	 13.6190	 -0.1190	  2.2445
256.0000	176.0000	 13.7594	 -0.0946	  1.5430
272.0000	176.0000	 13.5128	  0.0061	  2.5293
288.0000	176.0000	 13.5867	 -0.0098	  3.1202
304.0000	176.0000	 13.1460	 -0.0054	  2.5243
320.0000	176.0000	 13.1168	  0.0001	  2.0183
336.0000	176.0000	 13.7393	  0.0003	  1.1723
352.0000	176.0000	 13.1770	 -0.0055	  1.3487
368.0000	176.0000	 13.3439	 -0.1013	  2.7020
384.0000	176.0000	 13.4905	 -0.0660	  2.2356
400.0000	176.0000	 13.5302	  0.0033	  1.9336
416.0000	176.0000	 13.2714	 -0.0005	  1.3947
432.0000	176.0000	 13.4588	 -0.0356	  2.8899
448.0000	176.0000	 13.4313	 -0.0660	  3.2649
464.0000	176.0000	 13.2513	 -0.0530	  3.7993
480.0000	176.0000	 13.0534	 -0.0151	  4.0460
496.0000	176.0000	 12.7956	  0.0002	  2.8851
 16.0000	192.0000	 13.9803	 -0.0374	  3.2087
 32.0000	192.0000	 13.8254	 -0.0420	  2.6679
 48.0000	192.0000	 14.1287	 -0.1076	  1.9774
 64.0000	192.0000	 14.2646	 -0.1055	  2.9382
 80.0000	192.0000	 14.0690	 -0.1089	  2.2061
 96.0000	192.0000	 13.9566	 -0.0119	  2.6794
112.0000	192.0000	 14.0750	  0.0664	  2.7595
128.0000	192.0000	 13.9532	 -0.0036	  2.5163
144.0000	192.0000	 13.7781	  0.1807	  2.2540
160.0000	192.0000	 13.9515	  0.0148	  2.1766
176.0000	192.0000	 13.9320	 -0.0998	  2.1637
192.0000	192.0000	 13.6852	 -0.0779	  1.9589
208.0000	192.0000	 13.8149	 -0.1517	  2.4838
224.0000	192.0000	 14.1611	 -0.1355	  2.1164
240.0000	192.0000	 14.2878	 -0.0502	  1.7691
256.0000	192.0000	 14.2464	  0.0284	  2.9855
272.0000	192.0000	 14.1271	  0.1044	  2.6207
288.0000	192.0000	 13.9492	  0.0896	  2.3834
304.0000	192.0000	 14.2431	 -0.0607	  2.5903
320.0000	192.0000	 14.0617	 -0.0710	  1.6418
336.0000	192.0000	 13.7522	 -0.0008	  1.1824
352.0000	192.0000	 13.3393	 -0.0035	  1.2904
368.0000	192.0000	 13.8986	  0.0153	  4.2057
384.0000	192.0000	 13.9875	  0.0141	  4.3636
400.0000	192.0000	 14.1166	  0.0074	  2.9625
416.0000	192.0000	 14.1533	  0.1153	  2.5001
432.0000	192.0000	 13.9763	  0.0603	  3.4581
448.0000	192.0000	 13.8799	 -0.0193	  2.4471
464.0000	192.0000	 13.8031	 -0.0193	  2.0246
480.0000	192.0000	 13.9327	  0.1083	  2.0482
496.0000	192.0000	  0.9170	 11.9850	  1.1465
 16.0000	208.0000	 14.7599	 -0.0528	  3.7301
 32.0000	208.0000	 14.7668	 -0.0698	  3.0415
 48.0000	208.0000	 14.9137	 -0.0291	  2.3651
 64.0000	208.0000	 14.8355	 -0.0583	  3.8167
 80.0000	208.0000	 14.6189	 -0.0584	  3.0651
 96.0000	208.0000	 14.4888	  0.0271	  2.9104
112.0000	208.0000	 14.7009	  0.0059	  2.9941
128.0000	208.0000	 14.7115	  0.0073	  3.5020
144.0000	208.0000	 14.7102	  0.0091	  2.6951
160.0000	208.0000	 14.8215	 -0.0186	  3.1104
176.0000	208.0000	 14.7356	 -0.1103	  3.4298
192.0000	208.0000	 14.9271	 -0.1905	  3.0801
208.0000	208.0000	 14.8726	 -0.0869	  3.3203
224.0000	208.0000	 14.7762	  0.0003	  3.3283
240.0000	208.0000	 14.7984	  0.0520	  2.2630
256.0000	208.0000	 14.4722	  0.0700	  2.0098
272.0000	208.0000	 14.4531	  0.0256	  2.0364
288.0000	208.0000	 14.7542	 -0.1356	  1.6872
304.0000	208.0000	 14.8173	 -0.1807	  2.8572
320.0000	208.0000	 15.0401	 -0.1226	  2.1941
336.0000	208.0000	 15.0164	 -0.0174	  2.1607
352.0000	208.0000	 14.8853	 -0.0070	  2.3069
368.0000	208.0000	 14.4792	  0.1365	  3.1778
384.0000	208.0000	 14.4538	  0.1202	  3.2811
400.0000	208.0000	 14.7726	  0.0070	  1.9084
416.0000	208.0000	 14.7079	  0.0046	  1.8292
432.0000	208.0000	 14.5507	 -0.0005	  1.8539
448.0000	208.0000	 14.7416	 -0.0143	  2.9059
464.0000	208.0000	 14.8004	  0.0096	  2.7983
480.0000	208.0000	 14.5850	  0.0722	  1.5717
496.0000	208.0000	 14.7241	 -0.0054	  1.1573
 16.0000	224.0000	 15.1031	  0.0237	  5.1267
 32.0000	224.0000	 15.0629	  0.0353	  3.6323
 48.0000	224.0000	 14.9646	  0.1579	  1.8186
 64.0000	224.0000	 15.0422	  0.0720	  3.3809
 80.0000	224.0000	 15.0985	  0.0558	  3.3430
 96.0000	224.0000	 15.2004	  0.0809	  2.1987
112.0000	224.0000	 15.1844	  0.0093	  2.2511
128.0000	224.0000	 15.0393	 -0.0145	  3.1404
144.0000	224.0000	 14.9929	 -0.0163	  2.9138
160.0000	224.0000	 15.1000	  0.0812	  4.4376
176.0000	224.0000	 15.0693	  0.0762	  3.4646
192.0000	224.0000	 15.0336	  0.0097	  3.7077
208.0000	224.0000	 14.9995	  0.0180	  4.2105
224.0000	224.0000	 15.1063	  0.0441	  3.6111
240.0000	224.0000	 15.1132	  0.0519	  3.0413
256.0000	224.0000	 14.5096	  0.0190	  1.0712
272.0000	224.0000	 14.9166	 -0.2599	  1.4222
288.0000	224.0000	 15.1496	 -0.1244	  2.4333
304.0000	224.0000	 15.1341	  0.0197	  3.0128
320.0000	224.0000	 15.2481	  0.0472	  1.4229
336.0000	224.0000	 15.0852	 -0.0191	  2.4095
352.0000	224.0000	 15.2106	 -0.0456	  2.8344
368.0000	224.0000	 15.2684	 -0.1576	  2.6556
384.0000	224.0000	 15.0391	 -0.2003	  2.5654
400.0000	224.0000	 15.2693	 -0.0812	  2.2532
416.0000	224.0000	 15.1442	 -0.0069	  3.1174
432.0000	224.0000	 15.0744	  0.0042	  3.1867
448.0000	224.0000	 15.0754	 -0.0160	  4.3308
464.0000	224.0000	 15.0536	 -0.0228	  3.1977
480.0000	224.0000	 14.9636	 -0.0081	  1.0235
496.0000	224.0000	-23.4005	-21.2192	  1.1616
 16.0000	240.0000	 15.3739	  0.0977	  3.0516
 32.0000	240.0000	 15.3563	  0.1044	  2.4005
 48.0000	240.0000	 15.3023	  0.0726	  1.7110
 64.0000	240.0000	 15.3507	  0.0127	  2.0180
 80.0000	240.0000	 15.3882	 -0.0053	  2.4937
 96.0000	240.0000	 15.4780	 -0.0143	  1.8178
112.0000	240.0000	 15.4801	 -0.0079	  2.6633
128.0000	240.0000	 15.3560	  0.0032	  3.0613
144.0000	240.0000	 15.1849	 -0.0653	  2.2072
160.0000	240.0000	 15.3836	 -0.0260	  2.7265
176.0000	240.0000	 15.3754	  0.0607	  3.3644
192.0000	240.0000	 15.2998	  0.0817	  3.4058
208.0000	240.0000	 15.4126	  0.0026	  2.1958
224.0000	240.0000	 15.4404	 -0.0344	  3.3155
240.0000	240.0000	 15.3544	 -0.0044	  2.8198
256.0000	240.0000	 15.5024	 -0.0101	  2.1693
272.0000	240.0000	 15.4732	 -0.0401	  3.9529
288.0000	240.0000	 15.3912	 -0.0068	  4.2517
304.0000	240.0000	 15.4298	  0.0573	  2.7516
320.0000	240.0000	 15.2528	  0.2093	  1.8708
336.0000	240.0000	 15.5389	  0.0172	  2.2240
352.0000	240.0000	 15.5517	 -0.0318	  3.3134
368.0000	240.0000	 15.4096	 -0.0340	  3.4017
384.0000	240.0000	 15.2979	 -0.0167	  3.1813
400.0000	240.0000	 15.3290	 -0.0095	  2.3657
416.0000	240.0000	 15.3120	 -0.0086	  3.4382
432.0000	240.0000	 15.2510	 -0.0192	  3.7892
448.0000	240.0000	 15.3874	 -0.0230	  2.7632
464.0000	240.0000	 15.3615	 -0.0101	  2.9088
480.0000	240.0000	 15.2998	  0.0029	  1.1817
496.0000	240.0000	-24.1740	  1.9812	  1.2560
 16.0000	256.0000	 15.4766	  0.0407	  1.7136
 32.0000	256.0000	 15.4269	 -0.0131	  2.4235
 48.0000	256.0000	 15.4851	 -0.0422	  1.3957
 64.0000	256.0000	 15.4645	 -0.1228	  2.1691
 80.0000	256.0000	 15.4458	 -0.1296	  2.6736
 96.0000	256.0000	 15.4627	 -0.1265	  1.9127
112.0000	256.0000	 15.6169	 -0.0170	  1.9374
128.0000	256.0000	 15.6004	 -0.0194	  2.5652
144.0000	256.0000	 15.3414	  0.0253	  3.1516
160.0000	256.0000	 15.3219	  0.0075	  2.4915
176.0000	256.0000	 15.4887	 -0.0016	  2.3222
192.0000	256.0000	 15.4811	 -0.0503	  2.7849
208.0000	256.0000	 15.5059	  0.1010	  2.3010
224.0000	256.0000	 15.4719	  0.0080	  2.1392
240.0000	256.0000	 15.4169	  0.0029	  1.8818
256.0000	256.0000	 15.5325	  0.0300	  3.2547
272.0000	256.0000	 15.4981	  0.0207	  3.8922
288.0000	256.0000	 15.4721	  0.0184	  3.4915
304.0000	256.0000	 15.5343	  0.0537	  2.6387
320.0000	256.0000	 15.3594	  0.0043	  2.8611
336.0000	256.0000	 15.5543	  0.0160	  2.3859
352.0000	256.0000	 15.6006	  0.0116	  3.2713
368.0000	256.0000	 15.4288	  0.0721	  4.3402
384.0000	256.0000	 15.3194	  0.0750	  3.5138
400.0000	256.0000	 15.3491	  0.0276	  3.1818
416.0000	256.0000	 15.4669	 -0.0086	  2.7330
432.0000	256.0000	 15.4280	  0.0020	  3.2416
448.0000	256.0000	 15.4607	  0.0150	  2.3837
464.0000	256.0000	 15.4530	  0.0284	  2.0838
480.0000	256.0000	 15.3775	 -0.0521	  1.7668
496.0000	256.0000	 15.4349	 -0.0652	  1.2675
 16.0000	272.0000	 15.5133	 -0.0766	  2.1900
 32.0000	272.0000	 15.3318	  0.0055	  3.3619
 48.0000	272.0000	 15.2526	  0.0231	  2.7851
 64.0000	272.0000	 15.5109	 -0.0002	  2.2205
 80.0000	272.0000	 15.3827	 -0.0124	  3.0095
 96.0000	272.0000	 15.1762	  0.0408	  1.9252
112.0000	272.0000	-18.5598	-11.3382	  1.0172
128.0000	272.0000	 15.8259	 -0.1047	  2.1599
144.0000	272.0000	 15.4379	  0.0871	  2.3256
160.0000	272.0000	 15.2596	  0.0414	  3.0512
176.0000	272.0000	 15.4216	  0.0004	  3.4445
192.0000	272.0000	 15.4116	  0.0137	  3.6582
208.0000	272.0000	 15.3167	  0.0502	  2.8792
224.0000	272.0000	 15.3485	  0.0939	  1.9065
240.0000	272.0000	 15.2499	  0.0735	  1.8498
256.0000	272.0000	 15.3584	  0.0155	  2.6879
272.0000	272.0000	 15.5504	 -0.0139	  3.1322
288.0000	272.0000	 15.4079	  0.0135	  2.3719
304.0000	272.0000	 15.2546	  0.0095	  2.6430
320.0000	272.0000	 15.5595	 -0.0786	  1.5841
336.0000	272.0000	 15.3814	 -0.0712	  3.0262
352.0000	272.0000	 15.3930	  0.0149	  3.4754
368.0000	272.0000	 15.3979	  0.0521	  3.7519
384.0000	272.0000	 15.2860	  0.0011	  2.8186
400.0000	272.0000	 15.4827	 -0.0389	  1.8256
416.0000	272.0000	 15.5140	  0.0031	  1.3785
432.0000	272.0000	 15.3556	  0.0233	  3.5797
448.0000	272.0000	 15.3159	  0.0210	  3.4576
464.0000	272.0000	 15.2860	  0.0134	  2.1232
480.0000	272.0000	 15.2817	  0.0099	  2.6939
496.0000	272.0000	 15.2971	 -0.0003	  1.2201
 16.0000	288.0000	 15.2924	  0.0201	  2.4559
 32.0000	288.0000	 15.2102	  0.0404	  3.9733
 48.0000	288.0000	 15.0678	  0.0419	  3.1879
 64.0000	288.0000	 15.3769	  0.1588	  2.8738
 80.0000	288.0000	 15.2947	  0.2491	  3.0738
 96.0000	288.0000	 14.9238	  0.1154	  2.9777
112.0000	288.0000	 14.8096	  0.0182	  1.4705
128.0000	288.0000	 15.6347	  0.1794	  1.7261
144.0000	288.0000	 15.1630	  0.0585	  1.9593
160.0000	288.0000	 15.1163	 -0.0082	  3.1091
176.0000	288.0000	 15.2185	 -0.0726	  3.4463
192.0000	288.0000	 15.0922	 -0.0736	  3.1134
208.0000	288.0000	 15.0290	 -0.0077	  3.1944
224.0000	288.0000	 15.1110	  0.0012	  2.7178
240.0000	288.0000	 15.2169	  0.0414	  2.2688
256.0000	288.0000	 15.1030	  0.0104	  4.1838
272.0000	288.0000	 15.2369	 -0.0031	  3.3111
288.0000	288.0000	 15.2024	  0.0090	  2.4305
304.0000	288.0000	 15.1496	  0.0002	  3.6091
320.0000	288.0000	 15.3983	 -0.0052	  2.1671
336.0000	288.0000	 15.0595	 -0.0124	  2.6885
352.0000	288.0000	 15.0242	 -0.0078	  3.5504
368.0000	288.0000	 15.1817	  0.0173	  2.3626
384.0000	288.0000	 15.1397	  0.0249	  2.3420
400.0000	288.0000	 -6.3041	 29.0687	  1.1290
416.0000	288.0000	  7.5987	-20.1061	  1.1178
432.0000	288.0000	 15.1074	 -0.0981	  2.9401
448.0000	288.0000	 15.1417	 -0.0555	  2.3947
464.0000	288.0000	 15.1673	 -0.0365	  2.3260
480.0000	288.0000	 15.1677	 -0.0412	  2.6111
496.0000	288.0000	 15.1662	 -0.0100	  1.1497
 16.0000	304.0000	 14.6483	  0.0293	  2.3753
 32.0000	304.0000	 14.7559	 -0.0078	  2.2824
 48.0000	304.0000	 14.6328	 -0.0341	  2.2042
 64.0000	304.0000	 14.4873	 -0.0123	  1.4232
 80.0000	304.0000	 14.6247	 -0.0154	  1.8826
 96.0000	304.0000	 14.8755	 -0.0024	  2.1411
112.0000	304.0000	 14.7067	  0.0087	  1.1454
128.0000	304.0000	 14.6704	 -0.0780	  2.6589
144.0000	304.0000	 14.6566	 -0.0230	  3.6831
160.0000	304.0000	 14.7508	  0.0321	  2.2999
176.0000	304.0000	 14.9100	 -0.0003	  2.1842
192.0000	304.0000	 14.7501	 -0.0191	  2.5146
208.0000	304.0000	 14.6769	 -0.0786	  2.4536
224.0000	304.0000	 14.8568	 -0.1029	  1.8695
240.0000	304.0000	-26.7646	 -4.8342	  1.0626
256.0000	304.0000	 14.6400	  0.0041	  2.9404
272.0000	304.0000	 14.5586	 -0.0969	  3.5620
288.0000	304.0000	 14.5453	 -0.1176	  3.0794
304.0000	304.0000	 14.8255	 -0.0007	  2.2465
320.0000	304.0000	 14.7120	  0.0127	  2.9636
336.0000	304.0000	 14.4658	  0.0324	  2.5563
352.0000	304.0000	 14.6296	  0.1054	  1.5509
368.0000	304.0000	 14.9382	  0.0015	  1.4830
384.0000	304.0000	 14.7968	 -0.1373	  1.7806
400.0000	304.0000	 14.9100	 -0.2040	  2.1610
416.0000	304.0000	 14.5508	 -0.1671	  2.6389
432.0000	304.0000	 14.4583	 -0.0427	  2.5219
448.0000	304.0000	 14.8670	 -0.0014	  1.5714
464.0000	304.0000	 14.5193	 -0.0353	  2.0547
480.0000	304.0000	 14.4555	  0.0096	  2.3692
496.0000	304.0000	-17.8740	 22.8531	  1.0940
 16.0000	320.0000	 14.5423	 -0.0051	  1.5999
 32.0000	320.0000	 14.7878	 -0.0601	  1.9183
 48.0000	320.0000	 14.0777	  0.0092	  3.0229
 64.0000	320.0000	 13.9263	 -0.0068	  2.8516
 80.0000	320.0000	 13.6048	 -0.0118	  2.0186
 96.0000	320.0000	-16.1150	  7.8260	  1.0363
112.0000	320.0000	 14.1618	 -0.0082	  1.4737
128.0000	320.0000	 14.2613	 -0.0031	  2.0684
144.0000	320.0000	 14.3813	 -0.0086	  2.5573
160.0000	320.0000	 14.2492	  0.0479	  3.2734
176.0000	320.0000	 14.3480	  0.1815	  2.1823
192.0000	320.0000	 14.0826	  0.1951	  1.8464
208.0000	320.0000	 13.9216	  0.0625	  2.3742
224.0000	320.0000	 14.0042	  0.0488	  2.1433
240.0000	320.0000	 13.9510	 -0.0338	  1.7869
256.0000	320.0000	 14.0276	 -0.0297	  2.2741
272.0000	320.0000	 14.2342	 -0.0083	  3.3303
288.0000	320.0000	 14.3774	 -0.0088	  3.2240
304.0000	320.0000	 14.1458	 -0.0237	  2.6092
320.0000	320.0000	 13.9967	 -0.0171	  3.1990
336.0000	320.0000	 13.9930	 -0.0832	  3.6053
352.0000	320.0000	 13.8378	 -0.1673	  1.5796
368.0000	320.0000	 -8.8203	-26.7026	  1.2294
384.0000	320.0000	 14.0725	  0.0007	  1.1033
400.0000	320.0000	 14.5001	 -0.0277	  1.3134
416.0000	320.0000	 14.0249	  0.0195	  3.4641
432.0000	320.0000	 13.9202	  0.0309	  3.4740
448.0000	320.0000	 14.2191	 -0.0049	  2.4797
464.0000	320.0000	 14.0385	  0.0528	  2.2913
480.0000	320.0000	 13.8645	  0.0357	  3.1843
496.0000	320.0000	 13.7625	 -0.0496	  1.7697
 16.0000	336.0000	 12.6067	 -0.0530	  2.1083
 32.0000	336.0000	 12.9629	 -0.0324	  2.0496
 48.0000	336.0000	 13.4607	 -0.0956	  2.0980
 64.0000	336.0000	 13.3564	 -0.0896	  2.7089
 80.0000	336.0000	 13.0111	  0.0000	  2.8250
 96.0000	336.0000	 12.9538	 -0.0001	  3.2530
112.0000	336.0000	 13.1341	 -0.0417	  2.3531
128.0000	336.0000	 13.4006	  0.0029	  1.9541
144.0000	336.0000	 13.2727	  0.0996	  1.9948
160.0000	336.0000	 13.1906	 -0.0270	  2.7403
176.0000	336.0000	 13.1778	 -0.0404	  2.8862
192.0000	336.0000	 13.0046	 -0.0087	  2.9432
208.0000	336.0000	 13.3401	  0.0017	  3.1840
224.0000	336.0000	 13.4764	  0.0027	  3.2517
240.0000	336.0000	 13.3129	 -0.0012	  2.4132
256.0000	336.0000	 13.1427	  0.0108	  2.5353
272.0000	336.0000	 13.1626	  0.1371	  2.2645
288.0000	336.0000	 13.0114	  0.0809	  2.2877
304.0000	336.0000	 13.1457	 -0.0881	  2.8241
320.0000	336.0000	 13.3870	 -0.0318	  2.0078
336.0000	336.0000	 13.3501	  0.0075	  2.5761
352.0000	336.0000	 13.2205	 -0.0275	  2.7325
368.0000	336.0000	 12.8626	 -0.0626	  2.2100
384.0000	336.0000	 13.6850	  0.1958	  1.5885
400.0000	336.0000	 13.0982	  0.0586	  3.1516
416.0000	336.0000	 13.3139	  0.0026	  4.0127
432.0000	336.0000	 13.4541	 -0.0564	  4.4421
448.0000	336.0000	 13.2692	 -0.0758	  3.1719
464.0000	336.0000	 13.2564	  0.0003	  1.9658
480.0000	336.0000	 13.1340	 -0.0071	  2.6684
496.0000	336.0000	 13.1806	 -0.0101	  2.4954
 16.0000	352.0000	 12.2694	 -0.1096	  2.3433
 32.0000	352.0000	 12.3503	  0.0066	  2.0357
 48.0000	352.0000	 12.2526	  0.0097	  2.1816
 64.0000	352.0000	 12.3860	  0.0225	  2.4869
 80.0000	352.0000	 12.5073	 -0.0039	  2.2081
 96.0000	352.0000	 12.5366	 -0.0018	  2.5519
112.0000	352.0000	 12.6467	  0.0034	  3.3619
128.0000	352.0000	 12.4333	 -0.0212	  2.6939
144.0000	352.0000	 12.2421	 -0.0625	  2.4832
160.0000	352.0000	 12.3699	  0.0189	  2.4252
176.0000	352.0000	 12.2447	  0.0487	  3.3613
192.0000	352.0000	 12.5481	 -0.0218	  2.4675
208.0000	352.0000	 12.7784	 -0.0122	  2.5962
224.0000	352.0000	 12.6883	 -0.0001	  2.5862
240.0000	352.0000	 12.3090	 -0.1031	  3.4142
256.0000	352.0000	 12.2367	 -0.1100	  3.6317
272.0000	352.0000	 12.2726	 -0.0595	  3.3480
288.0000	352.0000	 12.4814	 -0.0062	  2.3047
304.0000	352.0000	 12.4015	  0.0419	  2.8817
320.0000	352.0000	 11.9635	 -0.0216	  2.6357
336.0000	352.0000	 12.5398	  0.0704	  2.6249
352.0000	352.0000	 12.7704	  0.0636	  2.7932
368.0000	352.0000	 12.7379	 -0.0696	  2.1713
384.0000	352.0000	 12.5530	 -0.0015	  1.0732
400.0000	352.0000	 12.4429	 -0.0615	  3.1451
416.0000	352.0000	 12.6043	 -0.0706	  3.3600
432.0000	352.0000	 12.7997	  0.0393	  2.6838
448.0000	352.0000	 12.8169	  0.0856	  2.6501
464.0000	352.0000	 12.2956	  0.0034	  2.0852
480.0000	352.0000	 12.4768	 -0.0266	  2.5531
496.0000	352.0000	 12.4458	 -0.0353	  2.7519
 16.0000	368.0000	 11.2629	  0.0503	  1.5902
 32.0000	368.0000	 10.9419	  0.0302	  1.8672
 48.0000	368.0000	 11.1942	  0.1677	  2.0446
 64.0000	368.0000	 11.4160	  0.1445	  2.0489
 80.0000	368.0000	 11.2890	 -0.0096	  1.8985
 96.0000	368.0000	 11.7857	 -0.0270	  1.3671
112.0000	368.0000	 10.6691	 -0.0302	  2.2764
128.0000	368.0000	 10.7763	 -0.0073	  2.8405
144.0000	368.0000	 11.3924	  0.0056	  1.7564
160.0000	368.0000	 11.1386	  0.0102	  2.1183
176.0000	368.0000	 11.1540	  0.0072	  2.5274
192.0000	368.0000	 11.1596	  0.0003	  1.2208
208.0000	368.0000	 11.5749	 -0.0125	  1.0098
224.0000	368.0000	 11.6834	  0.0602	  1.9204
240.0000	368.0000	 11.4453	  0.0812	  2.4415
256.0000	368.0000	 11.2046	 -0.0003	  3.1785
272.0000	368.0000	 11.2710	 -0.0368	  2.9056
288.0000	368.0000	 11.7196	  0.1186	  1.5996
304.0000	368.0000	 11.8265	  0.1390	  2.1999
320.0000	368.0000	 11.6335	  0.0455	  2.8588
336.0000	368.0000	 11.5009	  0.0015	  1.2024
352.0000	368.0000	 23.2036	 10.6986	  1.1278
368.0000	368.0000	 10.7989	 -0.0757	  1.1006
384.0000	368.0000	 11.0930	 -0.0369	  2.2178
400.0000	368.0000	 11.2531	 -0.0115	  2.4125
416.0000	368.0000	 11.1758	  0.0003	  2.3675
432.0000	368.0000	 11.4284	 -0.0344	  1.3244
448.0000	368.0000	 11.4988	 -0.1008	  1.8492
464.0000	368.0000	 11.0310	 -0.1239	  1.5832
480.0000	368.0000	 10.9653	 -0.0544	  2.2966
496.0000	368.0000	 11.2847	  0.0314	  2.2418
 16.0000	384.0000	 10.2258	  0.0243	  2.4411
 32.0000	384.0000	  9.4434	 -0.0529	  2.4259
 48.0000	384.0000	  9.3992	  0.0185	  4.1373
 64.0000	384.0000	  9.6107	  0.0033	  3.4189
 80.0000	384.0000	 10.7968	 -0.0117	  1.2476
 96.0000	384.0000	-24.8105	 11.0390	  1.2800
112.0000	384.0000	 10.2507	 -0.0690	  3.5791
128.0000	384.0000	  9.9738	 -0.0466	  3.6909
144.0000	384.0000	  9.4291	  0.0077	  1.3622
160.0000	384.0000	 10.0573	  0.0144	  3.0582
176.0000	384.0000	  9.7494	 -0.0150	  2.9673
192.0000	384.0000	  8.9690	 -0.1680	  1.6948
208.0000	384.0000	 36.7806	-17.9657	  1.2082
224.0000	384.0000	  9.5845	  0.0534	  1.4069
240.0000	384.0000	  9.7356	  0.0389	  2.0442
256.0000	384.0000	  9.8604	  0.0347	  3.1753
272.0000	384.0000	  9.7947	 -0.0171	  2.2725
288.0000	384.0000	  9.4274	 -0.0207	  2.1433
304.0000	384.0000	  9.1948	 -0.0095	  2.3121
320.0000	384.0000	 10.5463	  0.3159	  1.3857
336.0000	384.0000	  9.3841	  0.0241	  2.3134
352.0000	384.0000	  9.1145	 -0.0025	  3.5186
368.0000	384.0000	  9.7300	 -0.0156	  2.3060
384.0000	384.0000	 10.1546	  0.0193	  2.3083
400.0000	384.0000	  9.9250	  0.0914	  3.1170
416.0000	384.0000	 10.1839	  0.1718	  2.0160
432.0000	384.0000	 10.2725	  0.1223	  1.6409
448.0000	384.0000	 10.5193	  0.0417	  1.3404
464.0000	384.0000	  9.8786	 -0.0294	  1.9771
480.0000	384.0000	  9.6575	 -0.0471	  2.7654
496.0000	384.0000	  9.9904	 -0.0034	  2.1905
 16.0000	400.0000	  7.8943	 -0.1066	  2.5027
 32.0000	400.0000	  8.8205	 -0.0041	  3.0098
 48.0000	400.0000	  9.0594	  0.0114	  4.2793
 64.0000	400.0000	  8.8112	  0.0239	  3.6894
 80.0000	400.0000	  8.0062	 -0.0060	  1.9691
 96.0000	400.0000	  7.8746	 -0.0016	  1.7394
112.0000	400.0000	  7.7539	 -0.0356	  2.3293
128.0000	400.0000	  8.2773	 -0.0413	  2.2523
144.0000	400.0000	  8.7611	  0.1933	  1.7753
160.0000	400.0000	  8.6108	  0.0859	  2.1935
176.0000	400.0000	  8.5563	 -0.0278	  2.8460
192.0000	400.0000	  8.5137	 -0.0509	  1.7954
208.0000	400.0000	  7.9402	 -0.0204	  2.9358
224.0000	400.0000	  7.9397	  0.0074	  3.3171
240.0000	400.0000	  8.3449	  0.0220	  2.4163
256.0000	400.0000	  8.6364	  0.0725	  3.1864
272.0000	400.0000	  8.9299	  0.0380	  2.1717
288.0000	400.0000	  8.8737	 -0.0257	  2.4985
304.0000	400.0000	  8.3359	  0.0716	  2.4372
320.0000	400.0000	  7.6168	 -0.0057	  1.1222
336.0000	400.0000	  8.8303	 -0.0005	  3.0450
352.0000	400.0000	  8.4963	  0.0138	  2.7654
368.0000	400.0000	  7.5070	  0.0772	  3.3540
384.0000	400.0000	  7.9344	  0.0670	  2.8367
400.0000	400.0000	  8.9188	 -0.0824	  2.1689
416.0000	400.0000	  8.7089	 -0.0954	  2.2144
432.0000	400.0000	  8.5767	  0.0707	  2.2706
448.0000	400.0000	  8.4868	  0.0338	  1.8526
464.0000	400.0000	  8.8063	  0.1358	  1.9960
480.0000	400.0000	  8.3976	  0.0530	  2.6201
496.0000	400.0000	  8.0472	  0.0184	  1.8058
 16.0000	416.0000	  6.4358	 -0.0446	  2.6317
 32.0000	416.0000	  6.2772	 -0.0581	  1.8011
 48.0000	416.0000	  6.6561	  0.0020	  2.1295
 64.0000	416.0000	  6.9138	 -0.0705	  1.8855
 80.0000	416.0000	  7.6083	 -0.1091	  1.8929
 96.0000	416.0000	  7.5988	 -0.0008	  1.8278
112.0000	416.0000	  7.0965	  0.0862	  2.1552
128.0000	416.0000	  6.7243	  0.0722	  2.4821
144.0000	416.0000	  6.3630	 -0.0763	  1.7839
160.0000	416.0000	  6.6520	  0.0290	  1.9406
176.0000	416.0000	  6.5487	  0.0955	  2.4896
192.0000	416.0000	  6.8085	  0.1140	  1.2694
208.0000	416.0000	  6.7108	 -0.0788	  2.0683
224.0000	416.0000	  6.8235	 -0.0716	  1.6122
240.0000	416.0000	  6.7623	  0.0161	  2.0667
256.0000	416.0000	  6.8087	  0.0086	  2.1346
272.0000	416.0000	  6.8945	 -0.0753	  2.4135
288.0000	416.0000	  6.6841	 -0.0840	  2.0554
304.0000	416.0000	  6.7798	 -0.0019	  1.7679
320.0000	416.0000	  6.6025	 -0.0655	  1.8339
336.0000	416.0000	  6.7010	 -0.0384	  3.0620
352.0000	416.0000	  6.8827	  0.0020	  2.7977
368.0000	416.0000	  6.9482	 -0.0115	  3.1175
384.0000	416.0000	  7.0098	  0.0018	  2.1229
400.0000	416.0000	  6.7090	  0.0410	  1.5275
416.0000	416.0000	  6.9701	  0.0199	  1.2224
432.0000	416.0000	  6.6756	  0.0160	  2.2572
448.0000	416.0000	  6.5391	  0.1153	  2.1967
464.0000	416.0000	  8.1271	  0.3468	  1.4207
480.0000	416.0000	  6.4343	 -0.0620	  2.0638
496.0000	416.0000	  6.0692	 -0.0586	  4.0299
 16.0000	432.0000	  4.4151	 -0.0518	  2.5622
 32.0000	432.0000	  4.6667	 -0.0258	  1.4298
 48.0000	432.0000	  4.2972	 -0.0183	  2.2895
 64.0000	432.0000	  4.4516	 -0.0056	  2.0201
 80.0000	432.0000	  4.7574	 -0.0304	  2.0517
 96.0000	432.0000	  4.5173	 -0.0739	  1.6733
112.0000	432.0000	  6.0221	  0.0493	  1.1563
128.0000	432.0000	  5.1338	  0.0534	  2.7605
144.0000	432.0000	  4.7390	  0.0245	  3.0350
160.0000	432.0000	  4.9424	 -0.0585	  2.2161
176.0000	432.0000	  4.9402	 -0.0208	  2.3864
192.0000	432.0000	 33.7119	-18.8957	  1.0321
208.0000	432.0000	  4.7472	  0.0397	  2.1854
224.0000	432.0000	  4.3141	  0.1027	  2.4758
240.0000	432.0000	  5.0509	  0.0414	  1.4245
256.0000	432.0000	  4.8828	  0.1800	  2.6435
272.0000	432.0000	  4.4168	  0.1182	  2.4690
288.0000	432.0000	  4.1788	  0.0598	  2.4384
304.0000	432.0000	  3.9480	 -0.0200	  1.9291
320.0000	432.0000	  5.7571	  0.0170	  1.9477
336.0000	432.0000	  5.4122	  0.0558	  2.0751
352.0000	432.0000	  4.9434	  0.0014	  1.7218
368.0000	432.0000	  5.2109	  0.0527	  1.2110
384.0000	432.0000	  4.7787	  0.0016	  1.9611
400.0000	432.0000	  4.2381	 -0.0777	  1.9957
416.0000	432.0000	  3.8606	 -0.1668	  1.6786
432.0000	432.0000	  5.7228	 -0.0162	  1.9405
448.0000	432.0000	  5.2736	 -0.0210	  1.6943
464.0000	432.0000	  4.7252	 -0.0103	  1.3325
480.0000	432.0000	  5.4965	 -0.1264	  2.6445
496.0000	432.0000	  5.4530	 -0.0808	  3.7254
 16.0000	448.0000	  3.3379	  0.0103	  2.2686
 32.0000	448.0000	  2.8174	  0.0551	  1.3757
 48.0000	448.0000	  2.9753	  0.0225	  2.4643
 64.0000	448.0000	  3.0142	 -0.0031	  1.7020
 80.0000	448.0000	  2.9192	  0.0142	  1.2027
 96.0000	448.0000	  2.4947	  0.0074	  1.7017
112.0000	448.0000	  2.9257	  0.0075	  1.8872
128.0000	448.0000	  3.7819	  0.0458	  2.7025
144.0000	448.0000	  3.9261	  0.0129	  1.9823
160.0000	448.0000	  2.6184	  0.0093	  2.5315
176.0000	448.0000	  2.8410	  0.0058	  3.0936
192.0000	448.0000	  3.0197	  0.0098	  1.7645
208.0000	448.0000	  2.5632	  0.0112	  1.7907
224.0000	448.0000	  2.8720	  0.0717	  2.3007
240.0000	448.0000	  3.3001	  0.1055	  1.3189
256.0000	448.0000	  3.9546	  0.0033	  2.0696
272.0000	448.0000	  3.9187	 -0.0067	  2.2514
288.0000	448.0000	  3.2752	 -0.1479	  2.7991
304.0000	448.0000	  2.5577	  0.0127	  1.8471
320.0000	448.0000	  1.8365	 -0.0346	  2.4485
336.0000	448.0000	  2.5237	  0.0232	  1.8954
352.0000	448.0000	  1.8105	 -0.0049	  1.4052
368.0000	448.0000	  1.4709	  0.0278	  1.6615
384.0000	448.0000	  2.4587	 -0.0268	  1.3873
400.0000	448.0000	  3.4015	  0.0319	  2.6662
416.0000	448.0000	  3.1037	  0.0109	  2.6438
432.0000	448.0000	  1.9154	 -0.0429	  1.4145
448.0000	448.0000	  1.4362	 -0.1321	  2.0983
464.0000	448.0000	  1.4240	 -0.2190	  1.2917
480.0000	448.0000	  3.4694	  0.0225	  1.3797
496.0000	448.0000	  3.5807	  0.0701	  1.7390
 16.0000	464.0000	  0.5143	  0.0302	  1.6019
 32.0000	464.0000	  1.0632	 -0.0218	  1.7227
 48.0000	464.0000	  0.9363	 -0.1215	  2.0457
 64.0000	464.0000	  0.4032	 -0.1355	  2.4544
 80.0000	464.0000	  0.2263	 -0.0592	  2.3763
 96.0000	464.0000	  0.4244	 -0.1002	  1.7318
112.0000	464.0000	  2.1712	  0.4172	  1.1457
128.0000	464.0000	 14.1756	 24.9221	  1.0849
144.0000	464.0000	  0.6410	 -0.0405	  2.5258
160.0000	464.0000	  1.4941	 -0.0254	  2.6196
176.0000	464.0000	  2.1175	 -0.0554	  3.0897
192.0000	464.0000	  1.6673	 -0.0919	  1.8554
208.0000	464.0000	  0.7407	 -0.1190	  1.9091
224.0000	464.0000	  0.3567	 -0.0434	  2.0918
240.0000	464.0000	  0.2465	 -0.1749	  1.9660
256.0000	464.0000	  0.7882	 -0.2444	  1.2938
272.0000	464.0000	  0.5164	 -0.0211	  1.6228
288.0000	464.0000	  0.6259	 -0.0131	  2.0298
304.0000	464.0000	  0.8082	  0.0028	  1.9432
320.0000	464.0000	  1.0299	  0.0126	  3.5855
336.0000	464.0000	  0.7332	 -0.0492	  3.1139
352.0000	464.0000	  0.4551	 -0.1295	  1.7366
368.0000	464.0000	  1.0493	  0.0298	  2.0824
384.0000	464.0000	  1.2227	  0.0468	  1.6748
400.0000	464.0000	  1.9206	  0.1002	  2.0169
416.0000	464.0000	  2.4485	  0.1290	  1.9336
432.0000	464.0000	  1.6153	 -0.0726	  1.9534
448.0000	464.0000	  1.2142	 -0.0536	  2.7265
464.0000	464.0000	  0.6113	 -0.0097	  2.7311
480.0000	464.0000	  0.4760	 -0.0221	  1.8622
496.0000	464.0000	  0.5006	 -0.0111	  2.3999
 16.0000	480.0000	  0.2391	  0.0175	  2.9632
 32.0000	480.0000	 -0.0030	 -0.0017	  3.5198
 48.0000	480.0000	 -0.0751	 -0.0002	  2.9257
 64.0000	480.0000	 -0.0061	  0.0008	  2.4345
 80.0000	480.0000	  0.0149	 -0.0009	  3.5267
 96.0000	480.0000	 -0.0008	 -0.0003	  2.9249
112.0000	480.0000	  0.0079	  0.0017	  3.6985
128.0000	480.0000	  0.0216	 -0.0011	  2.7115
144.0000	480.0000	 -0.0220	  0.0987	  1.5744
160.0000	480.0000	  0.0425	  0.0019	  1.7764
176.0000	480.0000	  0.0229	 -0.1485	  2.1596
192.0000	480.0000	 -0.0082	 -0.1686	  1.7915
208.0000	480.0000	  0.0546	 -0.0448	  1.9659
224.0000	480.0000	  0.0420	 -0.0020	  2.6525
240.0000	480.0000	 -0.0546	  0.0003	  2.9113
256.0000	480.0000	  0.0274	  0.0018	  3.3387
272.0000	480.0000	  0.1761	 -0.0240	  2.3554
288.0000	480.0000	  0.0538	 -0.1632	  2.7084
304.0000	480.0000	  0.0269	 -0.1528	  3.2044
320.0000	480.0000	  0.1716	  0.0196	  2.8246
336.0000	480.0000	  0.0820	  0.0519	  3.0148
352.0000	480.0000	 -0.0358	  0.0131	  2.7154
368.0000	480.0000	  0.0450	  0.0019	  2.3992
384.0000	480.0000	  0.0345	 -0.0039	  2.1054
400.0000	480.0000	  0.0453	 -0.0385	  1.3389
416.0000	480.0000	  0.1297	 -0.0307	  1.0965
432.0000	480.0000	  0.3224	  0.0026	  1.8742
448.0000	480.0000	  0.2109	  0.1690	  1.6799
464.0000	480.0000	 -0.0057	  0.0946	  2.5739
480.0000	480.0000	  0.0957	  0.0177	  2.1427
496.0000	480.0000	  0.0627	 -0.0322	  2.8072
 16.0000	496.0000	  0.0803	  0.0003	  2.8835
 32.0000	496.0000	 -0.0332	  0.0035	  3.9214
 48.0000	496.0000	  0.0428	  0.0950	  2.9040
 64.0000	496.0000	  0.0130	  0.1339	  2.1919
 80.0000	496.0000	 -0.1159	  0.0739	  2.3747
 96.0000	496.0000	 -0.0119	  0.0921	  3.2725
112.0000	496.0000	  0.0567	  0.0291	  4.5256
128.0000	496.0000	  0.0059	  0.0120	  3.9542
144.0000	496.0000	 -0.2647	  0.0635	  2.4833
160.0000	496.0000	  0.0204	  0.0483	  2.1860
176.0000	496.0000	  0.0042	  0.0005	  3.7504
192.0000	496.0000	 -0.0149	 -0.0011	  2.4434
208.0000	496.0000	  0.0201	  0.0253	  2.7468
224.0000	496.0000	  0.0789	  0.0214	  3.0132
240.0000	496.0000	  0.0413	  0.0598	  3.1965
256.0000	496.0000	 -0.1167	  0.0605	  3.9872
272.0000	496.0000	 -0.1214	  0.0021	  3.6182
288.0000	496.0000	  0.0276	  0.0007	  3.2354
304.0000	496.0000	  0.0424	  0.0008	  2.5580
320.0000	496.0000	 -0.0159	  0.0387	  3.7648
336.0000	496.0000	 -0.0422	  0.1880	  3.1815
352.0000	496.0000	  0.0201	  0.1808	  2.3960
368.0000	496.0000	  0.0131	  0.0048	  4.2073
384.0000	496.0000	  0.0084	  0.0112	  4.2809
400.0000	496.0000	 -0.0158	  0.0067	  2.6553
416.0000	496.0000	 -0.0664	  0.0001	  2.0032
432.0000	496.0000	  0.1553	  0.0608	  2.9021
448.0000	496.0000	  0.0907	  0.1090	  2.4136
464.0000	496.0000	 -0.1802	  0.0331	  2.9718
480.0000	496.0000	 -0.1239	  0.0078	  2.6994
496.0000	496.0000	  0.0003	  0.0061	  3.4067
