 16.0000	496.0000	  0.0000	  0.0000	  0.0000
 32.0000	496.0000	  0.0000	 -0.0000	  0.0000
 48.0000	496.0000	  0.0000	 -0.0000	  0.0000
 64.0000	496.0000	  0.2734	 -0.0373	  0.0000
 80.0000	496.0000	  0.0000	 -0.0000	  0.0000
 96.0000	496.0000	  0.1470	 -0.0418	  0.0000
112.0000	496.0000	  0.0000	 -0.0000	  0.0000
128.0000	496.0000	  0.1630	 -0.0030	  0.0000
144.0000	496.0000	  0.0000	 -0.0000	  0.0000
160.0000	496.0000	  0.2430	 -0.0040	  0.0000
176.0000	496.0000	  0.0000	 -0.0000	  0.0000
192.0000	496.0000	  0.0000	 -0.0000	  0.0000
208.0000	496.0000	  0.0000	 -0.0000	  0.0000
224.0000	496.0000	  0.0000	 -0.0000	  0.0000
240.0000	496.0000	  0.0000	 -0.0000	  0.0000
256.0000	496.0000	  0.0000	 -0.0000	  0.0000
272.0000	496.0000	  0.0000	 -0.0000	  0.0000
288.0000	496.0000	  0.2622	 -0.0057	  0.0000
304.0000	496.0000	  0.0000	 -0.0000	  0.0000
320.0000	496.0000	  0.4005	 -0.0428	  0.0000
336.0000	496.0000	  0.0000	 -0.0000	  0.0000
352.0000	496.0000	  0.1597	 -0.0068	  0.0000
368.0000	496.0000	  0.0000	 -0.0000	  0.0000
384.0000	496.0000	  0.4226	 -0.0154	  0.0000
400.0000	496.0000	  0.0000	 -0.0000	  0.0000
416.0000	496.0000	  0.1528	 -0.0057	  0.0000
432.0000	496.0000	  0.0000	 -0.0000	  0.0000
448.0000	496.0000	  0.1740	 -0.0035	  0.0000
464.0000	496.0000	  0.0000	 -0.0000	  0.0000
480.0000	496.0000	  0.2076	 -0.0031	  0.0000
496.0000	496.0000	  0.0000	 -0.0000	  0.0000
 16.0000	480.0000	  0.3139	 -0.9672	  0.0000
 32.0000	480.0000	  0.3235	 -0.9291	  0.0000
 48.0000	480.0000	  0.0974	  0.0012	  0.0000
 64.0000	480.0000	  0.3122	 -0.0359	  0.0000
 80.0000	480.0000	  0.0174	 -0.0003	  0.0000
 96.0000	480.0000	  0.1505	 -0.0418	  0.0000
112.0000	480.0000	  0.0189	 -0.0001	  0.0000
128.0000	480.0000	  0.1841	 -0.0032	  0.0000
144.0000	480.0000	  0.0576	 -0.0035	  0.0000
160.0000	480.0000	  0.3233	 -0.0081	  0.0000
176.0000	480.0000	  0.1541	 -0.0004	  0.0000
192.0000	480.0000	  0.3464	 -0.8653	  0.0000
208.0000	480.0000	  0.0281	 -0.0005	  0.0000
224.0000	480.0000	  0.3875	 -0.9457	  0.0000
240.0000	480.0000	  0.0488	 -0.0007	  0.0000
256.0000	480.0000	  0.9236	 -0.7245	  0.0000
272.0000	480.0000	  0.1269	 -0.0016	  0.0000
288.0000	480.0000	  0.2622	 -0.0057	  0.0000
304.0000	480.0000	  0.0000	 -0.0000	  0.0000
320.0000	480.0000	  0.4223	 -0.0426	  0.0000
336.0000	480.0000	  0.0238	  0.0002	  0.0000
352.0000	480.0000	  0.2373	  0.0015	  0.0000
368.0000	480.0000	  0.0546	  0.0019	  0.0000
384.0000	480.0000	  0.4790	 -0.0214	  0.0000
400.0000	480.0000	  0.0497	 -0.0138	  0.0000
416.0000	480.0000	  0.1605	 -0.0093	  0.0000
432.0000	480.0000	  0.0000	  0.0000	  0.0000
448.0000	480.0000	  0.2515	 -0.0213	  0.0000
464.0000	480.0000	  0.0958	 -0.0193	  0.0000
480.0000	480.0000	  0.2182	 -0.0061	  0.0000
496.0000	480.0000	  0.1370	  0.0017	  0.0000
 16.0000	464.0000	  0.0000	  0.0000	  0.0000
 32.0000	464.0000	  0.6247	 -0.4828	  0.0000
 48.0000	464.0000	  1.4724	 -0.5032	  0.0000
 64.0000	464.0000	  1.2340	 -0.0554	  0.0000
 80.0000	464.0000	  1.8526	 -0.3294	  0.0000
 96.0000	464.0000	  0.7806	 -0.0005	  0.0000
112.0000	464.0000	  1.0592	 -0.2284	  0.0000
128.0000	464.0000	  0.5495	 -0.0007	  0.0000
144.0000	464.0000	  0.9637	 -0.2672	  0.0000
160.0000	464.0000	  0.2464	 -0.0068	  0.0000
176.0000	464.0000	  1.5841	 -0.2706	  0.0000
192.0000	464.0000	  1.1292	 -0.5568	  0.0000
208.0000	464.0000	  0.6556	 -0.3258	  0.0000
224.0000	464.0000	  0.8043	 -0.0067	  0.0000
240.0000	464.0000	  2.0407	 -0.0086	  0.0000
256.0000	464.0000	  1.7756	 -0.0139	  0.0000
272.0000	464.0000	  1.3251	 -0.9637	  0.0000
288.0000	464.0000	  0.4953	 -0.0075	  0.0000
304.0000	464.0000	  1.3031	 -0.0579	  0.0000
320.0000	464.0000	  0.5999	 -0.0158	  0.0000
336.0000	464.0000	  0.7458	 -0.0362	  0.0000
352.0000	464.0000	  0.3926	 -0.0200	  0.0000
368.0000	464.0000	  1.3230	 -0.8856	  0.0000
384.0000	464.0000	  1.2166	  0.1753	  0.0000
400.0000	464.0000	  1.1548	 -0.8830	  0.0000
416.0000	464.0000	  0.2474	 -0.0067	  0.0000
432.0000	464.0000	  0.6761	 -0.2090	  0.0000
448.0000	464.0000	  0.3215	 -0.0181	  0.0000
464.0000	464.0000	  0.6495	 -0.1460	  0.0000
480.0000	464.0000	  0.3074	  0.0047	  0.0000
496.0000	464.0000	  0.4310	 -0.0030	  0.0000
 16.0000	448.0000	  2.5450	 -0.1010	  0.0000
 32.0000	448.0000	  3.0703	 -0.0997	  0.0000
 48.0000	448.0000	  1.9084	 -0.5386	  0.0000
 64.0000	448.0000	  2.9312	 -0.9528	  0.0000
 80.0000	448.0000	  3.1492	  0.0753	  0.0000
 96.0000	448.0000	  2.9037	 -0.5492	  1.0000
112.0000	448.0000	  2.6966	 -0.3553	  1.0000
128.0000	448.0000	  2.8379	 -0.9641	  0.0000
144.0000	448.0000	  1.8954	  0.0167	  0.0000
160.0000	448.0000	  1.9444	 -0.0508	  0.0000
176.0000	448.0000	  3.6358	 -0.6671	  0.0000
192.0000	448.0000	  4.2413	 -0.1498	  0.0000
208.0000	448.0000	  2.7662	 -0.4733	  0.0000
224.0000	448.0000	  3.5320	 -0.0319	  0.0000
240.0000	448.0000	  2.8907	 -0.0646	  0.0000
256.0000	448.0000	  2.7728	 -0.0927	  0.0000
272.0000	448.0000	  1.4434	  0.0007	  0.0000
288.0000	448.0000	  2.2864	 -0.1546	  0.0000
304.0000	448.0000	  2.9504	 -0.1408	  0.0000
320.0000	448.0000	  2.9908	 -0.0590	  0.0000
336.0000	448.0000	  3.9134	  0.0111	  0.0000
352.0000	448.0000	  3.4093	 -0.1556	  1.0000
368.0000	448.0000	  2.5000	  0.0000	  0.0000
384.0000	448.0000	  4.2329	 -0.5744	  0.0000
400.0000	448.0000	  3.1930	 -0.0021	  0.0000
416.0000	448.0000	  3.3672	 -0.9200	  0.0000
432.0000	448.0000	  3.0436	 -0.4434	  1.0000
448.0000	448.0000	  2.8973	 -0.8396	  0.0000
464.0000	448.0000	  2.7168	 -0.0120	  0.0000
480.0000	448.0000	  2.2123	 -0.6719	  0.0000
496.0000	448.0000	  3.5243	 -0.0319	  0.0000
 16.0000	432.0000	  4.9945	 -0.5004	  0.0000
 32.0000	432.0000	  5.1652	 -0.5147	  0.0000
 48.0000	432.0000	  6.0587	 -0.4932	  0.0000
 64.0000	432.0000	  4.7720	 -0.0140	  0.0000
 80.0000	432.0000	  5.4024	 -0.4535	  0.0000
 96.0000	432.0000	  5.4998	  0.0013	  0.0000
112.0000	432.0000	  5.6063	 -0.4685	  0.0000
128.0000	432.0000	  6.1731	  0.0004	  0.0000
144.0000	432.0000	  5.0842	 -0.2516	  0.0000
160.0000	432.0000	  3.7500	 -0.0054	  0.0000
176.0000	432.0000	  4.6752	 -0.2385	  0.0000
192.0000	432.0000	  4.6108	 -0.5130	  0.0000
208.0000	432.0000	  4.6533	 -0.5076	  0.0000
224.0000	432.0000	  4.7380	  0.0498	  0.0000
240.0000	432.0000	  5.9508	 -0.1966	  0.0000
256.0000	432.0000	  5.2778	  0.0783	  0.0000
272.0000	432.0000	  5.7025	 -0.9054	  0.0000
288.0000	432.0000	  5.4759	  0.0855	  0.0000
304.0000	432.0000	  4.9148	  0.0805	  0.0000
320.0000	432.0000	  4.0000	  0.0000	  0.0000
336.0000	432.0000	  3.6490	 -0.0619	  0.0000
352.0000	432.0000	  4.4429	 -0.0132	  0.0000
368.0000	432.0000	  5.1598	 -0.0397	  0.0000
384.0000	432.0000	  5.1548	 -0.0193	  0.0000
400.0000	432.0000	  5.2277	 -0.2465	  0.0000
416.0000	432.0000	  5.1647	 -0.0027	  0.0000
432.0000	432.0000	  5.5574	 -0.1213	  1.0000
448.0000	432.0000	  5.6677	 -0.0338	  0.0000
464.0000	432.0000	  6.1696	 -0.2022	  0.0000
480.0000	432.0000	  5.3251	 -0.0098	  0.0000
496.0000	432.0000	  6.2687	 -0.4971	  1.0000
 16.0000	416.0000	  7.2855	 -0.9002	  0.0000
 32.0000	416.0000	  6.2945	 -0.8762	  0.0000
 48.0000	416.0000	  7.0422	  0.0556	  0.0000
 64.0000	416.0000	  7.1667	 -0.9719	  0.0000
 80.0000	416.0000	  7.5643	 -0.0227	  0.0000
 96.0000	416.0000	  6.9855	 -0.9992	  0.0000
112.0000	416.0000	  6.1628	 -0.0045	  0.0000
128.0000	416.0000	  7.2336	 -0.0072	  0.0000
144.0000	416.0000	  7.3858	 -0.0031	  0.0000
160.0000	416.0000	  7.7125	 -0.8542	  0.0000
176.0000	416.0000	  7.0378	  0.0062	  0.0000
192.0000	416.0000	  7.6073	 -0.9175	  0.0000
208.0000	416.0000	  7.1002	  0.0002	  0.0000
224.0000	416.0000	  6.8763	 -0.9325	  0.0000
240.0000	416.0000	  6.4325	 -0.0015	  0.0000
256.0000	416.0000	  6.8695	 -0.0056	  0.0000
272.0000	416.0000	  6.0829	 -0.0453	  0.0000
288.0000	416.0000	  6.7552	 -1.0808	  0.0000
304.0000	416.0000	  7.6926	  0.0336	  0.0000
320.0000	416.0000	  8.8414	 -0.4820	  0.0000
336.0000	416.0000	  8.7514	 -0.0030	  0.0000
352.0000	416.0000	  5.7587	 -0.2471	  0.0000
368.0000	416.0000	  5.3457	 -0.0026	  0.0000
384.0000	416.0000	  6.2326	  0.0576	  0.0000
400.0000	416.0000	  5.7820	 -0.0176	  0.0000
416.0000	416.0000	  6.0607	 -0.9854	  0.0000
432.0000	416.0000	  7.0462	  0.0012	  0.0000
448.0000	416.0000	  6.7356	  0.0020	  0.0000
464.0000	416.0000	  6.5043	 -0.0337	  0.0000
480.0000	416.0000	  7.2757	 -0.1761	  0.0000
496.0000	416.0000	  7.3920	 -0.0019	  0.0000
 16.0000	400.0000	  8.5291	 -0.5131	  0.0000
 32.0000	400.0000	  9.1869	 -0.5001	  0.0000
 48.0000	400.0000	  8.7501	 -0.5026	  0.0000
 64.0000	400.0000	  8.0073	 -0.4945	  0.0000
 80.0000	400.0000	  8.8256	 -0.4848	  0.0000
 96.0000	400.0000	  8.1184	 -0.0006	  0.0000
112.0000	400.0000	  9.6096	 -0.2430	  0.0000
128.0000	400.0000	  9.1224	  0.0083	  0.0000
144.0000	400.0000	  9.4388	 -0.9587	  0.0000
160.0000	400.0000	  8.8087	  0.0001	  0.0000
176.0000	400.0000	  8.3708	 -0.9295	  0.0000
192.0000	400.0000	  7.7416	  0.0256	  0.0000
208.0000	400.0000	  8.2166	 -0.2429	  0.0000
224.0000	400.0000	  8.9177	 -0.0040	  0.0000
240.0000	400.0000	  9.3214	 -0.4855	  0.0000
256.0000	400.0000	  9.0488	 -0.0029	  0.0000
272.0000	400.0000	  9.1276	 -0.1962	  0.0000
288.0000	400.0000	  8.8775	  0.0720	  0.0000
304.0000	400.0000	  8.6173	 -0.9238	  0.0000
320.0000	400.0000	  8.5924	 -0.0228	  0.0000
336.0000	400.0000	  9.4259	 -0.0324	  0.0000
352.0000	400.0000	  8.9197	 -0.0000	  0.0000
368.0000	400.0000	  8.9476	 -0.3001	  0.0000
384.0000	400.0000	  8.6259	 -0.0073	  0.0000
400.0000	400.0000	  8.9202	 -0.4893	  0.0000
416.0000	400.0000	  8.4814	 -0.0088	  0.0000
432.0000	400.0000	  8.6435	 -0.2414	  0.0000
448.0000	400.0000	  8.6617	 -0.0072	  0.0000
464.0000	400.0000	  8.5132	 -0.0174	  0.0000
480.0000	400.0000	  8.2199	  0.0175	  0.0000
496.0000	400.0000	  7.6800	  0.0008	  0.0000
 16.0000	384.0000	 10.5756	 -0.0346	  0.0000
 32.0000	384.0000	 10.7275	 -0.2913	  0.0000
 48.0000	384.0000	 10.2046	 -0.2077	  0.0000
 64.0000	384.0000	 10.0358	 -0.0415	  0.0000
 80.0000	384.0000	 10.3869	 -0.4957	  0.0000
 96.0000	384.0000	 10.7609	 -0.9165	  0.0000
112.0000	384.0000	  9.8498	  0.0084	  0.0000
128.0000	384.0000	 10.5399	  0.0089	  0.0000
144.0000	384.0000	 10.1742	 -0.0003	  0.0000
160.0000	384.0000	  9.8568	 -0.9464	  0.0000
176.0000	384.0000	 10.0809	 -0.0587	  0.0000
192.0000	384.0000	  9.8887	 -0.0678	  0.0000
208.0000	384.0000	 10.5557	  0.0220	  0.0000
224.0000	384.0000	 10.2929	 -0.0219	  0.0000
240.0000	384.0000	 10.0982	  0.0020	  0.0000
256.0000	384.0000	 10.4680	 -0.9670	  0.0000
272.0000	384.0000	 10.3174	  0.0266	  0.0000
288.0000	384.0000	 10.0696	 -0.0207	  0.0000
304.0000	384.0000	  9.8264	 -0.0088	  0.0000
320.0000	384.0000	  9.4132	 -0.7608	  0.0000
336.0000	384.0000	 10.1215	  0.0364	  0.0000
352.0000	384.0000	 10.4869	 -0.9363	  0.0000
368.0000	384.0000	  9.8418	 -0.0060	  0.0000
384.0000	384.0000	 10.5191	 -0.9343	  0.0000
400.0000	384.0000	 10.4121	  0.0176	  0.0000
416.0000	384.0000	 10.9693	 -0.9831	  0.0000
432.0000	384.0000	 10.5239	  0.0155	  0.0000
448.0000	384.0000	 10.4730	 -0.9192	  0.0000
464.0000	384.0000	  9.3667	 -0.0047	  0.0000
480.0000	384.0000	  9.7633	 -0.0254	  0.0000
496.0000	384.0000	  9.3285	 -0.0882	  0.0000
 16.0000	368.0000	 11.2205	 -0.5024	  0.0000
 32.0000	368.0000	 11.4561	 -0.5234	  0.0000
 48.0000	368.0000	 10.9391	 -0.5106	  0.0000
 64.0000	368.0000	 10.8177	 -0.4944	  0.0000
 80.0000	368.0000	 10.6627	 -0.2132	  0.0000
 96.0000	368.0000	 11.3092	  0.0066	  0.0000
112.0000	368.0000	 11.5191	 -0.9811	  0.0000
128.0000	368.0000	 11.2743	 -0.0003	  0.0000
144.0000	368.0000	 11.4052	 -0.2780	  0.0000
160.0000	368.0000	 11.2171	 -0.4983	  0.0000
176.0000	368.0000	 10.7166	 -0.3404	  0.0000
192.0000	368.0000	 10.8469	 -0.0615	  0.0000
208.0000	368.0000	 11.8086	 -0.2851	  0.0000
224.0000	368.0000	 11.5010	 -0.0165	  0.0000
240.0000	368.0000	 11.3949	 -0.4909	  0.0000
256.0000	368.0000	 11.5192	  0.0024	  0.0000
272.0000	368.0000	 11.6953	 -0.2483	  0.0000
288.0000	368.0000	 11.3261	 -0.0021	  0.0000
304.0000	368.0000	 11.0536	 -0.0049	  0.0000
320.0000	368.0000	 11.3813	 -0.0041	  0.0000
336.0000	368.0000	 10.9720	 -0.2744	  0.0000
352.0000	368.0000	 11.2541	 -0.0317	  0.0000
368.0000	368.0000	 11.3455	 -0.4562	  0.0000
384.0000	368.0000	 11.5646	  0.0166	  0.0000
400.0000	368.0000	 12.2380	 -0.4758	  0.0000
416.0000	368.0000	 11.6161	  0.0034	  0.0000
432.0000	368.0000	 11.7922	 -0.2246	  0.0000
448.0000	368.0000	 11.3555	 -0.0005	  0.0000
464.0000	368.0000	 12.1025	 -0.9422	  0.0000
480.0000	368.0000	 11.3880	  0.0143	  0.0000
496.0000	368.0000	 11.4391	  0.0275	  0.0000
 16.0000	352.0000	 12.8535	 -0.8008	  0.0000
 32.0000	352.0000	 12.4051	 -0.7074	  0.0000
 48.0000	352.0000	 12.2815	  0.0014	  0.0000
 64.0000	352.0000	 13.2539	 -0.8590	  0.0000
 80.0000	352.0000	 13.1817	  0.0077	  0.0000
 96.0000	352.0000	 12.8392	 -0.6786	  0.0000
112.0000	352.0000	 12.4956	  0.0155	  0.0000
128.0000	352.0000	 12.7313	 -0.0558	  0.0000
144.0000	352.0000	 12.3964	 -0.5716	  0.0000
160.0000	352.0000	 13.4277	 -0.1259	  0.0000
176.0000	352.0000	 12.7382	 -0.5016	  0.0000
192.0000	352.0000	 12.9954	  0.0112	  0.0000
208.0000	352.0000	 12.7748	  0.0205	  0.0000
224.0000	352.0000	 12.5209	 -0.9521	  0.0000
240.0000	352.0000	 12.7587	  0.0171	  0.0000
256.0000	352.0000	 12.7446	  0.0078	  0.0000
272.0000	352.0000	 12.2682	  0.0089	  0.0000
288.0000	352.0000	 12.5820	  0.0100	  0.0000
304.0000	352.0000	 12.2773	  0.0076	  0.0000
320.0000	352.0000	 12.8340	 -0.0571	  0.0000
336.0000	352.0000	 12.4225	 -0.0358	  0.0000
352.0000	352.0000	 12.5023	 -0.9761	  0.0000
368.0000	352.0000	 12.0611	  0.0039	  0.0000
384.0000	352.0000	 12.5779	 -0.9875	  0.0000
400.0000	352.0000	 12.7066	 -0.0141	  0.0000
416.0000	352.0000	 12.3872	 -0.9587	  0.0000
432.0000	352.0000	 12.6052	  0.0416	  0.0000
448.0000	352.0000	 12.4043	 -0.9818	  0.0000
464.0000	352.0000	 12.3677	 -0.0002	  0.0000
480.0000	352.0000	 12.4484	 -0.9382	  0.0000
496.0000	352.0000	 11.9414	 -0.0027	  0.0000
 16.0000	336.0000	 13.0334	 -0.0041	  0.0000
 32.0000	336.0000	 13.0304	 -0.0028	  0.0000
 48.0000	336.0000	 13.3257	 -0.9736	  0.0000
 64.0000	336.0000	 13.6532	  0.0295	  0.0000
 80.0000	336.0000	 13.5955	 -0.8970	  0.0000
 96.0000	336.0000	 13.3827	 -0.0133	  0.0000
112.0000	336.0000	 13.1788	 -0.2155	  0.0000
128.0000	336.0000	 12.8227	  0.0226	  0.0000
144.0000	336.0000	 13.2423	 -0.4243	  0.0000
160.0000	336.0000	 12.9310	 -0.4629	  0.0000
176.0000	336.0000	 14.1073	 -0.4811	  0.0000
192.0000	336.0000	 13.0089	 -0.0073	  0.0000
208.0000	336.0000	 13.4671	 -0.4978	  0.0000
224.0000	336.0000	 13.2208	 -0.0152	  0.0000
240.0000	336.0000	 13.4236	 -0.2545	  0.0000
256.0000	336.0000	 13.7120	  0.0025	  0.0000
272.0000	336.0000	 13.4110	 -0.0071	  0.0000
288.0000	336.0000	 13.2448	 -0.0003	  0.0000
304.0000	336.0000	 13.6021	 -0.2449	  0.0000
320.0000	336.0000	 13.1941	 -0.0131	  0.0000
336.0000	336.0000	 13.3791	 -0.4962	  0.0000
352.0000	336.0000	 13.4305	  0.0052	  0.0000
368.0000	336.0000	 13.2655	 -0.4787	  0.0000
384.0000	336.0000	 13.7731	  0.0031	  0.0000
400.0000	336.0000	 13.3438	 -0.4586	  0.0000
416.0000	336.0000	 13.0947	 -0.0216	  0.0000
432.0000	336.0000	 13.7400	 -0.5224	  0.0000
448.0000	336.0000	 13.1643	  0.0034	  0.0000
464.0000	336.0000	 13.2219	 -0.2215	  0.0000
480.0000	336.0000	 13.6456	 -0.0002	  0.0000
496.0000	336.0000	 12.5000	  0.0000	  0.0000
 16.0000	320.0000	 14.6728	  0.0019	  0.0000
 32.0000	320.0000	 14.8131	 -0.0061	  0.0000
 48.0000	320.0000	 14.1423	  0.0005	  0.0000
 64.0000	320.0000	 14.8442	 -0.0158	  0.0000
 80.0000	320.0000	 14.0848	  0.0048	  0.0000
 96.0000	320.0000	 14.0406	 -0.0077	  0.0000
112.0000	320.0000	 14.2250	 -0.0047	  0.0000
128.0000	320.0000	 14.4140	 -0.7797	  0.0000
144.0000	320.0000	 14.1813	  0.0628	  0.0000
160.0000	320.0000	 14.5835	 -0.9154	  0.0000
176.0000	320.0000	 14.1511	 -0.0170	  0.0000
192.0000	320.0000	 14.3644	 -0.9781	  0.0000
208.0000	320.0000	 14.3731	 -0.0124	  0.0000
224.0000	320.0000	 14.1131	 -0.0225	  0.0000
240.0000	320.0000	 13.6021	  0.0017	  0.0000
256.0000	320.0000	 14.6306	 -0.0163	  0.0000
272.0000	320.0000	 14.5659	  0.0011	  0.0000
288.0000	320.0000	 14.2996	 -0.9718	  0.0000
304.0000	320.0000	 14.1156	  0.0389	  0.0000
320.0000	320.0000	 14.1788	 -0.9335	  0.0000
336.0000	320.0000	 14.5806	 -0.0017	  0.0000
352.0000	320.0000	 15.1828	 -0.9691	  0.0000
368.0000	320.0000	 14.1285	  0.0036	  0.0000
384.0000	320.0000	 15.0263	 -0.9787	  0.0000
400.0000	320.0000	 13.9627	 -0.0087	  0.0000
416.0000	320.0000	 14.7700	  0.0112	  0.0000
432.0000	320.0000	 14.5513	  0.0105	  0.0000
448.0000	320.0000	 14.3510	 -0.9647	  0.0000
464.0000	320.0000	 14.2325	  0.0184	  0.0000
480.0000	320.0000	 14.4899	 -0.7052	  0.0000
496.0000	320.0000	 13.9197	  0.0013	  0.0000
 16.0000	304.0000	 15.0827	 -0.0166	  0.0000
 32.0000	304.0000	 15.1196	 -0.0056	  0.0000
 48.0000	304.0000	 14.7215	 -0.0044	  0.0000
 64.0000	304.0000	 14.8922	  0.0286	  0.0000
 80.0000	304.0000	 15.3628	 -0.2154	  0.0000
 96.0000	304.0000	 14.7683	  0.0012	  0.0000
112.0000	304.0000	 15.2860	 -0.4526	  0.0000
128.0000	304.0000	 15.1388	 -0.0190	  0.0000
144.0000	304.0000	 15.3692	 -0.4738	  0.0000
160.0000	304.0000	 15.0835	  0.0172	  0.0000
176.0000	304.0000	 15.5532	 -0.4442	  0.0000
192.0000	304.0000	 15.3095	 -0.0001	  0.0000
208.0000	304.0000	 15.1504	 -0.4806	  0.0000
224.0000	304.0000	 14.8445	 -0.0005	  0.0000
240.0000	304.0000	 14.7258	 -0.1650	  0.0000
256.0000	304.0000	 14.4775	  0.0022	  0.0000
272.0000	304.0000	 15.1801	 -0.0040	  0.0000
288.0000	304.0000	 14.9107	 -0.0014	  0.0000
304.0000	304.0000	 15.5396	 -0.2725	  0.0000
320.0000	304.0000	 15.0794	 -0.0170	  0.0000
336.0000	304.0000	 15.4023	 -0.4677	  0.0000
352.0000	304.0000	 14.4130	  0.0026	  0.0000
368.0000	304.0000	 15.1275	 -0.4739	  0.0000
384.0000	304.0000	 14.5293	  0.0188	  0.0000
400.0000	304.0000	 15.0232	 -0.5006	  0.0000
416.0000	304.0000	 14.4091	  0.0034	  0.0000
432.0000	304.0000	 15.3706	 -0.4950	  0.0000
448.0000	304.0000	 15.2628	  0.0014	  0.0000
464.0000	304.0000	 15.6521	 -0.2301	  0.0000
480.0000	304.0000	 15.1955	 -0.0133	  0.0000
496.0000	304.0000	 14.5000	  0.0000	  0.0000
 16.0000	288.0000	 15.6978	 -0.9862	  0.0000
 32.0000	288.0000	 15.6432	 -0.9749	  0.0000
 48.0000	288.0000	 15.2073	  0.0262	  0.0000
 64.0000	288.0000	 15.6709	 -0.9610	  0.0000
 80.0000	288.0000	 15.1578	  0.0163	  0.0000
 96.0000	288.0000	 16.0594	 -0.9514	  0.0000
112.0000	288.0000	 15.0514	  0.0076	  0.0000
128.0000	288.0000	 15.1194	  0.0007	  0.0000
144.0000	288.0000	 15.1150	  0.0157	  0.0000
160.0000	288.0000	 15.4486	 -0.9512	  0.0000
176.0000	288.0000	 15.0479	  0.0113	  0.0000
192.0000	288.0000	 15.3061	 -0.9662	  0.0000
208.0000	288.0000	 14.9886	  0.0014	  0.0000
224.0000	288.0000	 15.2095	 -0.9626	  0.0000
240.0000	288.0000	 15.1204	  0.0013	  0.0000
256.0000	288.0000	 15.3434	 -0.0064	  0.0000
272.0000	288.0000	 15.2194	 -0.0047	  0.0000
288.0000	288.0000	 15.5727	 -0.0237	  0.0000
304.0000	288.0000	 15.0058	 -0.0001	  0.0000
320.0000	288.0000	 15.4650	 -0.0071	  0.0000
336.0000	288.0000	 15.0825	 -0.0011	  0.0000
352.0000	288.0000	 15.7070	 -0.9585	  0.0000
368.0000	288.0000	 15.1221	 -0.0014	  0.0000
384.0000	288.0000	 15.5881	 -0.9712	  0.0000
400.0000	288.0000	 15.1956	  0.0348	  0.0000
416.0000	288.0000	 15.8058	 -0.9572	  0.0000
432.0000	288.0000	 15.2806	 -0.0073	  0.0000
448.0000	288.0000	 15.8245	 -0.0074	  0.0000
464.0000	288.0000	 15.1495	 -0.0000	  0.0000
480.0000	288.0000	 15.3086	 -0.0110	  0.0000
496.0000	288.0000	 15.3327	 -0.0070	  0.0000
 16.0000	272.0000	 15.3393	  0.0034	  0.0000
 32.0000	272.0000	 15.3416	 -0.0019	  0.0000
 48.0000	272.0000	 15.8133	 -0.4547	  0.0000
 64.0000	272.0000	 15.3267	  0.0142	  0.0000
 80.0000	272.0000	 16.0730	 -0.4765	  0.0000
 96.0000	272.0000	 15.3939	 -0.0140	  0.0000
112.0000	272.0000	 16.0349	 -0.5018	  0.0000
128.0000	272.0000	 15.8703	  0.0097	  0.0000
144.0000	272.0000	 15.7047	 -0.4634	  0.0000
160.0000	272.0000	 15.3139	  0.0160	  0.0000
176.0000	272.0000	 15.7491	 -0.4610	  0.0000
192.0000	272.0000	 15.9070	  0.0129	  0.0000
208.0000	272.0000	 15.8070	 -0.4595	  0.0000
224.0000	272.0000	 15.3887	  0.0143	  0.0000
240.0000	272.0000	 15.6641	 -0.4649	  0.0000
256.0000	272.0000	 15.2811	 -0.0062	  0.0000
272.0000	272.0000	 15.6343	 -0.2579	  0.0000
288.0000	272.0000	 15.3748	 -0.0179	  0.0000
304.0000	272.0000	 15.8572	 -0.2612	  0.0000
320.0000	272.0000	 15.3785	  0.0020	  0.0000
336.0000	272.0000	 15.9015	 -0.4786	  0.0000
352.0000	272.0000	 15.3771	 -0.0016	  0.0000
368.0000	272.0000	 15.8512	 -0.4700	  0.0000
384.0000	272.0000	 15.2253	  0.0154	  0.0000
400.0000	272.0000	 15.8090	 -0.4574	  0.0000
416.0000	272.0000	 15.3133	  0.0088	  0.0000
432.0000	272.0000	 15.8908	 -0.4930	  0.0000
448.0000	272.0000	 15.3091	 -0.0100	  0.0000
464.0000	272.0000	 15.7162	 -0.2491	  0.0000
480.0000	272.0000	 15.3844	 -0.0030	  0.0000
496.0000	272.0000	 15.3762	 -0.0003	  0.0000
 16.0000	256.0000	 15.8600	 -0.9281	  0.0000
 32.0000	256.0000	 15.7829	 -0.9325	  0.0000
 48.0000	256.0000	 15.4657	 -0.0027	  0.0000
 64.0000	256.0000	 15.8335	 -0.9744	  0.0000
 80.0000	256.0000	 15.4154	 -0.0028	  0.0000
 96.0000	256.0000	 16.2898	 -0.7865	  0.0000
112.0000	256.0000	 15.8463	 -0.0129	  0.0000
128.0000	256.0000	 15.9075	 -0.9911	  0.0000
144.0000	256.0000	 15.9259	  0.0305	  0.0000
160.0000	256.0000	 15.6883	 -0.8328	  0.0000
176.0000	256.0000	 15.8540	 -0.0230	  0.0000
192.0000	256.0000	 15.9124	 -0.9947	  0.0000
208.0000	256.0000	 15.8498	  0.0968	  0.0000
224.0000	256.0000	 16.1011	 -0.9286	  0.0000
240.0000	256.0000	 15.4725	  0.0053	  0.0000
256.0000	256.0000	 15.7205	 -0.9525	  0.0000
272.0000	256.0000	 15.5087	  0.0225	  0.0000
288.0000	256.0000	 15.8546	  0.0151	  0.0000
304.0000	256.0000	 15.4507	 -0.0115	  0.0000
320.0000	256.0000	 15.8468	 -0.9978	  0.0000
336.0000	256.0000	 15.4663	  0.0081	  0.0000
352.0000	256.0000	 15.8287	 -0.7408	  0.0000
368.0000	256.0000	 15.4638	  0.0286	  0.0000
384.0000	256.0000	 15.7980	 -0.9890	  0.0000
400.0000	256.0000	 15.3607	 -0.0246	  0.0000
416.0000	256.0000	 15.7745	 -0.0048	  0.0000
432.0000	256.0000	 15.3745	  0.0002	  0.0000
448.0000	256.0000	 15.8020	 -0.9677	  0.0000
464.0000	256.0000	 15.4301	  0.0297	  0.0000
480.0000	256.0000	 15.7847	 -0.8495	  0.0000
496.0000	256.0000	 15.4472	  0.0020	  0.0000
 16.0000	240.0000	 15.3868	  0.0134	  0.0000
 32.0000	240.0000	 15.2852	  0.0194	  0.0000
 48.0000	240.0000	 15.8518	 -0.4757	  0.0000
 64.0000	240.0000	 15.3967	  0.0031	  0.0000
 80.0000	240.0000	 15.8956	 -0.4222	  0.0000
 96.0000	240.0000	 15.3378	  0.0429	  0.0000
112.0000	240.0000	 15.8922	 -0.4368	  0.0000
128.0000	240.0000	 15.2446	  0.0587	  0.0000
144.0000	240.0000	 15.9266	 -0.4377	  0.0000
160.0000	240.0000	 15.3446	  0.0100	  0.0000
176.0000	240.0000	 16.0006	 -0.4820	  0.0000
192.0000	240.0000	 15.2339	  0.0555	  0.0000
208.0000	240.0000	 15.9975	 -0.4300	  0.0000
224.0000	240.0000	 15.2627	  0.0158	  0.0000
240.0000	240.0000	 15.9694	 -0.4760	  0.0000
256.0000	240.0000	 15.1737	 -0.0040	  0.0000
272.0000	240.0000	 15.8821	 -0.4839	  0.0000
288.0000	240.0000	 15.3272	 -0.0072	  0.0000
304.0000	240.0000	 15.8569	 -0.4996	  0.0000
320.0000	240.0000	 15.2787	  0.0051	  0.0000
336.0000	240.0000	 15.8810	 -0.4620	  0.0000
352.0000	240.0000	 15.3456	  0.0322	  0.0000
368.0000	240.0000	 15.8840	 -0.4330	  0.0000
384.0000	240.0000	 15.4000	 -0.0235	  0.0000
400.0000	240.0000	 15.8158	 -0.5174	  0.0000
416.0000	240.0000	 15.3689	 -0.0164	  0.0000
432.0000	240.0000	 15.7523	 -0.4671	  0.0000
448.0000	240.0000	 15.3637	  0.0219	  0.0000
464.0000	240.0000	 15.5297	 -0.1834	  0.0000
480.0000	240.0000	 15.8916	  0.0399	  0.0000
496.0000	240.0000	 14.5000	  0.0000	  0.0000
 16.0000	224.0000	 15.6936	 -0.9682	  0.0000
 32.0000	224.0000	 15.6167	 -0.9598	  0.0000
 48.0000	224.0000	 15.0886	  0.0047	  0.0000
 64.0000	224.0000	 15.6834	 -0.9137	  0.0000
 80.0000	224.0000	 15.2270	  0.0275	  0.0000
 96.0000	224.0000	 15.7850	 -0.8947	  0.0000
112.0000	224.0000	 15.5316	  0.0129	  0.0000
128.0000	224.0000	 16.1541	 -0.7912	  0.0000
144.0000	224.0000	 15.6825	  0.0163	  0.0000
160.0000	224.0000	 15.9130	 -0.9707	  0.0000
176.0000	224.0000	 15.2656	 -0.0040	  0.0000
192.0000	224.0000	 15.8195	 -0.7368	  0.0000
208.0000	224.0000	 15.4170	  0.0072	  0.0000
224.0000	224.0000	 15.9112	 -0.9729	  0.0000
240.0000	224.0000	 15.0673	 -0.0010	  0.0000
256.0000	224.0000	 15.8258	 -0.0100	  0.0000
272.0000	224.0000	 15.1801	 -0.0030	  0.0000
288.0000	224.0000	 15.9884	 -0.9697	  0.0000
304.0000	224.0000	 15.2228	  0.0011	  0.0000
320.0000	224.0000	 15.7139	 -0.9754	  0.0000
336.0000	224.0000	 15.0825	  0.0165	  0.0000
352.0000	224.0000	 15.8792	 -0.9388	  0.0000
368.0000	224.0000	 15.1253	  0.0089	  0.0000
384.0000	224.0000	 15.8966	  0.0154	  0.0000
400.0000	224.0000	 15.1916	 -0.0114	  0.0000
416.0000	224.0000	 15.8906	 -0.9773	  0.0000
432.0000	224.0000	 15.1394	  0.0051	  0.0000
448.0000	224.0000	 15.5956	 -0.9510	  0.0000
464.0000	224.0000	 15.5409	  0.0169	  0.0000
480.0000	224.0000	 15.9310	 -0.9597	  0.0000
496.0000	224.0000	 14.8779	  0.0123	  0.0000
 16.0000	208.0000	 14.8320	 -0.0169	  0.0000
 32.0000	208.0000	 15.1427	  0.0088	  0.0000
 48.0000	208.0000	 15.2529	 -0.4786	  0.0000
 64.0000	208.0000	 15.1601	 -0.0001	  0.0000
 80.0000	208.0000	 15.0654	 -0.4864	  0.0000
 96.0000	208.0000	 14.5153	  0.0492	  0.0000
112.0000	208.0000	 15.4158	 -0.4409	  0.0000
128.0000	208.0000	 14.4205	 -0.0473	  0.0000
144.0000	208.0000	 15.2909	 -0.4537	  0.0000
160.0000	208.0000	 14.9251	  0.0177	  0.0000
176.0000	208.0000	 14.7639	 -0.4752	  0.0000
192.0000	208.0000	 15.2410	  0.0019	  0.0000
208.0000	208.0000	 14.8792	 -0.4681	  0.0000
224.0000	208.0000	 15.3383	 -0.0010	  0.0000
240.0000	208.0000	 14.9917	 -0.2437	  0.0000
256.0000	208.0000	 15.5408	 -0.0017	  0.0000
272.0000	208.0000	 15.8487	 -0.2471	  0.0000
288.0000	208.0000	 14.9929	  0.0046	  0.0000
304.0000	208.0000	 15.2532	 -0.4853	  0.0000
320.0000	208.0000	 15.2483	  0.0039	  0.0000
336.0000	208.0000	 15.6610	 -0.4377	  0.0000
352.0000	208.0000	 15.2947	  0.0058	  0.0000
368.0000	208.0000	 15.5621	 -0.4501	  0.0000
384.0000	208.0000	 15.1433	 -0.0020	  0.0000
400.0000	208.0000	 15.6361	 -0.4658	  0.0000
416.0000	208.0000	 15.0122	  0.0159	  0.0000
432.0000	208.0000	 15.4395	 -0.4589	  0.0000
448.0000	208.0000	 15.0635	 -0.0199	  0.0000
464.0000	208.0000	 15.2298	 -0.2688	  0.0000
480.0000	208.0000	 14.5405	  0.0104	  0.0000
496.0000	208.0000	 14.5816	 -0.0008	  0.0000
 16.0000	192.0000	 14.4033	 -0.9475	  0.0000
 32.0000	192.0000	 14.4711	 -0.9540	  0.0000
 48.0000	192.0000	 14.1742	 -0.0026	  0.0000
 64.0000	192.0000	 13.9760	 -0.9610	  0.0000
 80.0000	192.0000	 14.4777	 -0.0016	  0.0000
 96.0000	192.0000	 14.9647	 -0.0381	  0.0000
112.0000	192.0000	 14.6684	 -0.0348	  0.0000
128.0000	192.0000	 14.7117	 -1.0172	  0.0000
144.0000	192.0000	 14.2504	  0.0172	  0.0000
160.0000	192.0000	 14.6542	 -0.9391	  0.0000
176.0000	192.0000	 14.8410	  0.0088	  0.0000
192.0000	192.0000	 14.3321	 -0.9474	  0.0000
208.0000	192.0000	 14.3945	  0.0012	  0.0000
224.0000	192.0000	 14.2254	 -0.8258	  0.0000
240.0000	192.0000	 13.9429	  0.0040	  0.0000
256.0000	192.0000	 13.9955	  0.0013	  0.0000
272.0000	192.0000	 14.2907	  0.0050	  0.0000
288.0000	192.0000	 14.5922	 -0.0109	  0.0000
304.0000	192.0000	 14.2706	 -0.0002	  0.0000
320.0000	192.0000	 13.9410	 -0.9010	  0.0000
336.0000	192.0000	 14.0962	 -0.0088	  0.0000
352.0000	192.0000	 14.1361	 -0.9266	  0.0000
368.0000	192.0000	 13.9612	  0.0084	  0.0000
384.0000	192.0000	 14.2980	 -0.8952	  0.0000
400.0000	192.0000	 14.0531	  0.0006	  0.0000
416.0000	192.0000	 14.1152	 -0.0212	  0.0000
432.0000	192.0000	 14.1068	 -0.0200	  0.0000
448.0000	192.0000	 14.6031	 -0.9827	  0.0000
464.0000	192.0000	 14.0897	 -0.0139	  0.0000
480.0000	192.0000	 14.3383	 -0.0322	  0.0000
496.0000	192.0000	 14.0580	 -0.0147	  0.0000
 16.0000	176.0000	 12.8248	  0.0073	  0.0000
 32.0000	176.0000	 12.8262	  0.0034	  0.0000
 48.0000	176.0000	 13.3856	 -0.4902	  0.0000
 64.0000	176.0000	 13.1849	 -0.0242	  0.0000
 80.0000	176.0000	 13.6222	 -0.5330	  0.0000
 96.0000	176.0000	 13.2902	 -0.0154	  0.0000
112.0000	176.0000	 13.6209	 -0.4936	  0.0000
128.0000	176.0000	 14.0448	  0.0021	  0.0000
144.0000	176.0000	 13.9546	 -0.2281	  0.0000
160.0000	176.0000	 13.0584	  0.0038	  0.0000
176.0000	176.0000	 13.3906	 -0.2231	  0.0000
192.0000	176.0000	 13.5590	  0.0239	  0.0000
208.0000	176.0000	 14.0091	 -0.2175	  0.0000
224.0000	176.0000	 13.5003	  0.0144	  0.0000
240.0000	176.0000	 13.4646	 -0.0198	  0.0000
256.0000	176.0000	 12.9783	 -0.0011	  0.0000
272.0000	176.0000	 13.2946	 -0.0340	  0.0000
288.0000	176.0000	 13.9756	 -0.0262	  0.0000
304.0000	176.0000	 13.9610	 -0.2334	  0.0000
320.0000	176.0000	 13.7852	 -0.0004	  0.0000
336.0000	176.0000	 13.6418	 -0.3779	  0.0000
352.0000	176.0000	 13.2388	 -0.0439	  0.0000
368.0000	176.0000	 14.0786	 -0.4586	  0.0000
384.0000	176.0000	 13.8510	  0.0023	  0.0000
400.0000	176.0000	 14.0368	 -0.4407	  0.0000
416.0000	176.0000	 13.8398	  0.0069	  0.0000
432.0000	176.0000	 14.0791	 -0.4586	  0.0000
448.0000	176.0000	 13.6011	  0.0087	  0.0000
464.0000	176.0000	 14.1290	 -0.2404	  0.0000
480.0000	176.0000	 13.5887	 -0.0060	  0.0000
496.0000	176.0000	 13.0000	  0.0000	  0.0000
 16.0000	160.0000	 12.3798	 -0.0087	  0.0000
 32.0000	160.0000	 12.7482	 -0.0088	  0.0000
 48.0000	160.0000	 12.3706	  0.0009	  0.0000
 64.0000	160.0000	 13.2126	 -0.0026	  0.0000
 80.0000	160.0000	 13.2950	 -0.0208	  0.0000
 96.0000	160.0000	 12.6808	 -0.9870	  0.0000
112.0000	160.0000	 12.3044	  0.0372	  0.0000
128.0000	160.0000	 12.7602	 -0.9423	  0.0000
144.0000	160.0000	 12.3218	  0.0018	  0.0000
160.0000	160.0000	 12.4236	 -0.9852	  0.0000
176.0000	160.0000	 12.3830	 -0.0355	  0.0000
192.0000	160.0000	 12.5161	 -0.9659	  0.0000
208.0000	160.0000	 12.0872	 -0.0096	  0.0000
224.0000	160.0000	 13.2082	 -0.0505	  0.0000
240.0000	160.0000	 12.4334	 -0.0262	  0.0000
256.0000	160.0000	 12.6855	 -0.0334	  0.0000
272.0000	160.0000	 12.4671	  0.0042	  0.0000
288.0000	160.0000	 13.2332	 -0.0771	  0.0000
304.0000	160.0000	 12.6239	  0.0320	  0.0000
320.0000	160.0000	 12.7638	 -0.7460	  0.0000
336.0000	160.0000	 13.1355	 -0.0005	  0.0000
352.0000	160.0000	 13.3711	 -0.8056	  0.0000
368.0000	160.0000	 12.9313	 -0.0068	  0.0000
384.0000	160.0000	 12.6002	 -0.9777	  0.0000
400.0000	160.0000	 12.7633	  0.0009	  0.0000
416.0000	160.0000	 13.3744	 -0.8737	  0.0000
432.0000	160.0000	 13.1415	  0.0098	  0.0000
448.0000	160.0000	 12.9355	 -0.9919	  0.0000
464.0000	160.0000	 12.0564	 -0.0132	  0.0000
480.0000	160.0000	 12.8785	 -0.7316	  0.0000
496.0000	160.0000	 12.7300	  0.0035	  0.0000
 16.0000	144.0000	 11.8560	 -0.5366	  0.0000
 32.0000	144.0000	 11.9089	 -0.5372	  0.0000
 48.0000	144.0000	 11.9704	 -0.5272	  0.0000
 64.0000	144.0000	 11.0298	 -0.5098	  0.0000
 80.0000	144.0000	 11.6631	 -0.5356	  0.0000
 96.0000	144.0000	 12.1437	 -0.0055	  0.0000
112.0000	144.0000	 11.8337	 -0.4830	  0.0000
128.0000	144.0000	 10.8937	  0.0086	  0.0000
144.0000	144.0000	 11.6741	 -0.2384	  0.0000
160.0000	144.0000	 11.1088	  0.0352	  0.0000
176.0000	144.0000	 11.1855	 -0.0880	  0.0000
192.0000	144.0000	 11.3850	 -0.0718	  0.0000
208.0000	144.0000	 11.8474	 -0.0179	  0.0000
224.0000	144.0000	 11.0675	  0.0022	  0.0000
240.0000	144.0000	 11.8177	 -0.0806	  0.0000
256.0000	144.0000	 11.5720	 -0.0360	  0.0000
272.0000	144.0000	 11.7890	 -0.0622	  0.0000
288.0000	144.0000	 11.1784	 -0.0126	  0.0000
304.0000	144.0000	 11.3454	 -0.0573	  1.0000
320.0000	144.0000	 10.8597	 -0.0046	  0.0000
336.0000	144.0000	 11.5544	 -0.1500	  0.0000
352.0000	144.0000	 10.8656	  0.0439	  0.0000
368.0000	144.0000	 11.4789	 -0.4391	  0.0000
384.0000	144.0000	 11.1887	  0.0277	  0.0000
400.0000	144.0000	 11.0427	 -0.4367	  0.0000
416.0000	144.0000	 11.1315	  0.0008	  0.0000
432.0000	144.0000	 12.1295	 -0.2341	  0.0000
448.0000	144.0000	 11.7769	 -0.0727	  0.0000
464.0000	144.0000	 11.9457	 -0.0998	  0.0000
480.0000	144.0000	 11.2662	  0.0007	  0.0000
496.0000	144.0000	 10.6865	  0.0021	  0.0000
 16.0000	128.0000	 10.4783	 -0.1577	  0.0000
 32.0000	128.0000	 10.4261	 -0.1780	  0.0000
 48.0000	128.0000	 10.8829	  0.0020	  0.0000
 64.0000	128.0000	 10.8449	 -0.0572	  0.0000
 80.0000	128.0000	 10.0393	 -0.5092	  0.0000
 96.0000	128.0000	  9.5934	 -0.0241	  0.0000
112.0000	128.0000	 10.3974	 -0.0105	  0.0000
128.0000	128.0000	 10.7184	 -0.9949	  0.0000
144.0000	128.0000	 10.6661	  0.0002	  0.0000
160.0000	128.0000	 10.1581	 -0.0284	  0.0000
176.0000	128.0000	  9.7642	 -0.0114	  0.0000
192.0000	128.0000	  9.7402	 -0.0474	  0.0000
208.0000	128.0000	  9.8259	 -0.0752	  0.0000
224.0000	128.0000	 10.9315	 -0.0422	  0.0000
240.0000	128.0000	 10.1326	  0.0123	  0.0000
256.0000	128.0000	 10.5998	 -0.1672	  0.0000
272.0000	128.0000	  9.8354	 -0.0416	  0.0000
288.0000	128.0000	 10.6998	 -0.0726	  0.0000
304.0000	128.0000	  9.9987	  0.0380	  0.0000
320.0000	128.0000	 10.1546	 -0.1089	  0.0000
336.0000	128.0000	 10.7681	 -0.0353	  0.0000
352.0000	128.0000	 10.5676	  0.0060	  0.0000
368.0000	128.0000	  9.8260	  0.0126	  0.0000
384.0000	128.0000	  9.6075	 -0.9756	  0.0000
400.0000	128.0000	  9.9147	 -0.0156	  0.0000
416.0000	128.0000	  9.3415	 -0.0044	  0.0000
432.0000	128.0000	  9.3692	 -0.0052	  0.0000
448.0000	128.0000	 10.0619	 -0.0731	  0.0000
464.0000	128.0000	  9.7131	 -0.0128	  0.0000
480.0000	128.0000	 10.1988	 -0.0193	  0.0000
496.0000	128.0000	  9.8148	 -0.0473	  0.0000
 16.0000	112.0000	  9.0981	 -0.4189	  0.0000
 32.0000	112.0000	  8.2168	 -0.5043	  0.0000
 48.0000	112.0000	  7.9367	 -0.5238	  0.0000
 64.0000	112.0000	  7.9722	 -0.5030	  0.0000
 80.0000	112.0000	  8.7354	 -0.5136	  0.0000
 96.0000	112.0000	  8.4246	  0.0050	  0.0000
112.0000	112.0000	  8.5086	 -0.1877	  1.0000
128.0000	112.0000	  8.4190	  0.0074	  0.0000
144.0000	112.0000	  8.4553	 -0.2494	  0.0000
160.0000	112.0000	  9.2316	  0.0026	  0.0000
176.0000	112.0000	  9.3605	 -0.0036	  0.0000
192.0000	112.0000	  7.5000	  0.0000	  0.0000
208.0000	112.0000	  8.5683	 -0.0137	  0.0000
224.0000	112.0000	  8.7273	 -0.0211	  0.0000
240.0000	112.0000	  9.6108	 -0.0515	  0.0000
256.0000	112.0000	  9.0221	  0.0098	  0.0000
272.0000	112.0000	  9.4310	 -0.0762	  0.0000
288.0000	112.0000	  9.0595	 -0.0076	  0.0000
304.0000	112.0000	  9.3935	  0.0278	  0.0000
320.0000	112.0000	  9.0125	  0.0213	  0.0000
336.0000	112.0000	  9.5258	 -0.1903	  0.0000
352.0000	112.0000	  9.7519	  0.0180	  0.0000
368.0000	112.0000	  9.9307	 -0.4386	  0.0000
384.0000	112.0000	  9.0289	 -0.0173	  0.0000
400.0000	112.0000	  9.4713	 -0.4721	  0.0000
416.0000	112.0000	  8.8339	 -0.0042	  0.0000
432.0000	112.0000	  8.8665	 -0.2629	  0.0000
448.0000	112.0000	  9.3577	 -0.0135	  0.0000
464.0000	112.0000	  8.7343	 -0.0228	  0.0000
480.0000	112.0000	  8.5196	  0.0121	  0.0000
496.0000	112.0000	  8.1034	 -0.0089	  0.0000
 16.0000	 96.0000	  7.9606	 -0.0637	  0.0000
 32.0000	 96.0000	  6.8429	 -0.0320	  0.0000
 48.0000	 96.0000	  6.6587	  0.0535	  0.0000
 64.0000	 96.0000	  6.4526	 -0.8909	  0.0000
 80.0000	 96.0000	  6.9579	 -0.0373	  0.0000
 96.0000	 96.0000	  7.1864	 -0.9953	  0.0000
112.0000	 96.0000	  6.8217	 -0.0060	  0.0000
128.0000	 96.0000	  6.7531	 -0.8696	  0.0000
144.0000	 96.0000	  6.7328	 -0.1554	  0.0000
160.0000	 96.0000	  6.3383	 -0.2521	  1.0000
176.0000	 96.0000	  5.5465	  0.0375	  0.0000
192.0000	 96.0000	  6.3208	 -0.0211	  0.0000
208.0000	 96.0000	  6.5146	 -0.0065	  0.0000
224.0000	 96.0000	  6.5146	 -0.2199	  1.0000
240.0000	 96.0000	  6.5163	  0.0012	  0.0000
256.0000	 96.0000	  6.7068	 -0.8533	  0.0000
272.0000	 96.0000	  6.3110	 -0.0200	  0.0000
288.0000	 96.0000	  6.7742	 -0.4580	  1.0000
304.0000	 96.0000	  6.6037	 -0.0055	  0.0000
320.0000	 96.0000	  7.4754	 -0.9531	  0.0000
336.0000	 96.0000	  7.2206	 -0.0012	  0.0000
352.0000	 96.0000	  8.0218	 -0.8055	  0.0000
368.0000	 96.0000	  8.3266	  0.0005	  0.0000
384.0000	 96.0000	  7.0396	 -0.9510	  0.0000
400.0000	 96.0000	  7.2822	  0.0004	  0.0000
416.0000	 96.0000	  7.6345	 -0.9612	  0.0000
432.0000	 96.0000	  6.3016	  0.0100	  0.0000
448.0000	 96.0000	  5.7984	 -0.9718	  0.0000
464.0000	 96.0000	  5.9194	 -0.0030	  0.0000
480.0000	 96.0000	  6.1846	 -0.0048	  0.0000
496.0000	 96.0000	  6.1638	 -0.0011	  0.0000
 16.0000	 80.0000	  4.4000	 -0.0179	  0.0000
 32.0000	 80.0000	  3.4623	 -0.0673	  0.0000
 48.0000	 80.0000	  5.4747	 -0.2106	  0.0000
 64.0000	 80.0000	  4.8514	 -0.1053	  0.0000
 80.0000	 80.0000	  5.4239	 -0.2544	  0.0000
 96.0000	 80.0000	  6.6798	  0.0405	  0.0000
112.0000	 80.0000	  6.3206	 -0.4752	  0.0000
128.0000	 80.0000	  5.4638	  0.0033	  0.0000
144.0000	 80.0000	  4.6880	 -0.1763	  0.0000
160.0000	 80.0000	  4.9132	  0.0981	  0.0000
176.0000	 80.0000	  5.2210	 -0.0248	  0.0000
192.0000	 80.0000	  5.5874	  0.0328	  0.0000
208.0000	 80.0000	  3.2957	 -0.0143	  0.0000
224.0000	 80.0000	  4.0033	 -0.0141	  0.0000
240.0000	 80.0000	  4.7450	 -1.0478	  0.0000
256.0000	 80.0000	  6.2929	 -0.0194	  0.0000
272.0000	 80.0000	  5.2633	 -0.9605	  0.0000
288.0000	 80.0000	  4.7106	  0.0159	  0.0000
304.0000	 80.0000	  5.4575	 -0.9706	  0.0000
320.0000	 80.0000	  5.3617	 -0.0063	  0.0000
336.0000	 80.0000	  5.9012	 -0.2175	  0.0000
352.0000	 80.0000	  4.7791	 -0.0031	  0.0000
368.0000	 80.0000	  5.1435	 -0.5033	  0.0000
384.0000	 80.0000	  4.8309	 -0.4880	  0.0000
400.0000	 80.0000	  4.9818	 -0.5019	  0.0000
416.0000	 80.0000	  4.7346	 -0.0191	  0.0000
432.0000	 80.0000	  6.0256	 -0.2915	  0.0000
448.0000	 80.0000	  5.3240	 -0.0387	  0.0000
464.0000	 80.0000	  6.0638	  0.0160	  0.0000
480.0000	 80.0000	  5.7023	 -0.0048	  0.0000
496.0000	 80.0000	  4.8333	  0.0003	  0.0000
 16.0000	 64.0000	  4.6219	 -0.0165	  1.0000
 32.0000	 64.0000	  4.2319	 -0.0808	  0.0000
 48.0000	 64.0000	  3.7199	  0.0191	  0.0000
 64.0000	 64.0000	  4.2171	 -0.0876	  0.0000
 80.0000	 64.0000	  3.9230	  0.0080	  0.0000
 96.0000	 64.0000	  1.7704	 -0.0592	  0.0000
112.0000	 64.0000	  2.3419	  0.0032	  0.0000
128.0000	 64.0000	  3.8900	 -0.9126	  0.0000
144.0000	 64.0000	  3.7734	  0.0358	  0.0000
160.0000	 64.0000	  3.8476	 -0.9606	  0.0000
176.0000	 64.0000	  2.8742	 -0.0314	  0.0000
192.0000	 64.0000	  3.0449	 -0.2629	  1.0000
208.0000	 64.0000	  3.0299	 -0.0170	  0.0000
224.0000	 64.0000	  2.4278	 -0.0426	  0.0000
240.0000	 64.0000	  2.4581	  0.0114	  0.0000
256.0000	 64.0000	  2.8265	 -0.8092	  0.0000
272.0000	 64.0000	  2.7791	  0.0996	  0.0000
288.0000	 64.0000	  2.5395	 -0.8937	  0.0000
304.0000	 64.0000	  2.0667	  0.0052	  0.0000
320.0000	 64.0000	  3.2209	 -0.0101	  0.0000
336.0000	 64.0000	  2.1468	 -0.0444	  0.0000
352.0000	 64.0000	  3.0641	 -0.1100	  0.0000
368.0000	 64.0000	  3.2453	 -0.5184	  0.0000
384.0000	 64.0000	  3.8015	 -0.1092	  0.0000
400.0000	 64.0000	  3.2151	 -0.5592	  0.0000
416.0000	 64.0000	  3.0444	 -0.0567	  0.0000
432.0000	 64.0000	  2.4216	  0.0064	  0.0000
448.0000	 64.0000	  2.1187	 -0.9072	  0.0000
464.0000	 64.0000	  2.5999	  0.0034	  0.0000
480.0000	 64.0000	  2.6134	 -0.0991	  0.0000
496.0000	 64.0000	  2.9586	  0.0054	  0.0000
 16.0000	 48.0000	  1.3174	  0.0157	  0.0000
 32.0000	 48.0000	  0.6475	  0.0060	  0.0000
 48.0000	 48.0000	  1.2514	 -0.0156	  0.0000
 64.0000	 48.0000	  2.1907	  0.0084	  0.0000
 80.0000	 48.0000	  1.5766	 -0.1949	  0.0000
 96.0000	 48.0000	  0.9266	  0.0015	  0.0000
112.0000	 48.0000	  1.5860	 -0.2396	  0.0000
128.0000	 48.0000	  1.0813	 -0.0229	  0.0000
144.0000	 48.0000	  1.5133	 -0.2932	  0.0000
160.0000	 48.0000	  1.0071	  0.0411	  0.0000
176.0000	 48.0000	  1.0833	  0.0309	  0.0000
192.0000	 48.0000	  0.9625	  0.0177	  0.0000
208.0000	 48.0000	  1.2118	 -0.0250	  0.0000
224.0000	 48.0000	  1.2084	 -0.0550	  0.0000
240.0000	 48.0000	  1.2865	 -0.2221	  1.0000
256.0000	 48.0000	  1.5634	  0.0500	  0.0000
272.0000	 48.0000	  1.1623	 -0.8583	  0.0000
288.0000	 48.0000	  1.1107	  0.0377	  0.0000
304.0000	 48.0000	  1.4965	 -0.9883	  0.0000
320.0000	 48.0000	  1.7006	  0.0028	  0.0000
336.0000	 48.0000	  1.6462	 -0.0077	  0.0000
352.0000	 48.0000	  2.1793	 -0.0791	  0.0000
368.0000	 48.0000	  1.8738	 -0.4980	  0.0000
384.0000	 48.0000	  1.4640	 -0.5007	  0.0000
400.0000	 48.0000	  1.5526	 -0.4816	  0.0000
416.0000	 48.0000	  1.0971	  0.0126	  0.0000
432.0000	 48.0000	  1.7190	 -0.8127	  0.0000
448.0000	 48.0000	  0.9448	  0.1154	  0.0000
464.0000	 48.0000	  1.5351	  0.0450	  0.0000
480.0000	 48.0000	  1.2127	  0.0298	  0.0000
496.0000	 48.0000	  0.3197	 -0.0257	  0.0000
 16.0000	 32.0000	  0.3228	 -0.9184	  0.0000
 32.0000	 32.0000	  0.2896	 -0.8885	  0.0000
 48.0000	 32.0000	  0.0384	  0.0052	  0.0000
 64.0000	 32.0000	  0.4260	 -0.0070	  0.0000
 80.0000	 32.0000	  0.0044	  0.0014	  0.0000
 96.0000	 32.0000	  0.3958	 -0.9482	  0.0000
112.0000	 32.0000	  0.1818	 -0.0004	  0.0000
128.0000	 32.0000	  0.5321	 -0.7691	  0.0000
144.0000	 32.0000	  0.0000	 -0.0000	  0.0000
160.0000	 32.0000	  0.3336	 -0.0183	  0.0000
176.0000	 32.0000	  0.1483	 -0.0053	  0.0000
192.0000	 32.0000	  0.3323	 -0.8020	  0.0000
208.0000	 32.0000	  0.0000	  0.0000	  0.0000
224.0000	 32.0000	  0.3502	 -0.0301	  0.0000
240.0000	 32.0000	  0.0122	 -0.0003	  0.0000
256.0000	 32.0000	  0.3778	 -0.0352	  0.0000
272.0000	 32.0000	  0.0046	 -0.0003	  0.0000
288.0000	 32.0000	  0.2690	 -0.0135	  0.0000
304.0000	 32.0000	  0.0397	 -0.0000	  0.0000
320.0000	 32.0000	  0.5777	 -0.9286	  0.0000
336.0000	 32.0000	  0.1724	  0.0135	  0.0000
352.0000	 32.0000	  0.8961	 -0.9364	  0.0000
368.0000	 32.0000	  0.0746	  0.0002	  0.0000
384.0000	 32.0000	  0.9929	 -0.9117	  0.0000
400.0000	 32.0000	  0.0849	  0.0258	  0.0000
416.0000	 32.0000	  0.3987	 -0.8539	  0.0000
432.0000	 32.0000	  0.0212	  0.0002	  0.0000
448.0000	 32.0000	  0.5605	 -0.9257	  0.0000
464.0000	 32.0000	  0.1599	 -0.0344	  0.0000
480.0000	 32.0000	  0.2365	 -0.0220	  0.0000
496.0000	 32.0000	  0.0107	 -0.0035	  0.0000
 16.0000	 16.0000	  0.2515	 -0.9711	  0.0000
 32.0000	 16.0000	  0.2515	 -0.9691	  0.0000
 48.0000	 16.0000	  0.0000	 -0.0000	  0.0000
 64.0000	 16.0000	  0.0000	 -0.0000	  0.0000
 80.0000	 16.0000	  0.0000	 -0.0000	  0.0000
 96.0000	 16.0000	  0.3311	 -0.9798	  0.0000
112.0000	 16.0000	  0.0000	 -0.0000	  0.0000
128.0000	 16.0000	  0.4051	 -0.9590	  0.0000
144.0000	 16.0000	  0.0000	 -0.0000	  0.0000
160.0000	 16.0000	  0.0000	 -0.0000	  0.0000
176.0000	 16.0000	  0.0000	 -0.0000	  0.0000
192.0000	 16.0000	  0.2340	 -0.9144	  0.0000
208.0000	 16.0000	  0.0000	 -0.0000	  0.0000
224.0000	 16.0000	  0.0000	 -0.0000	  0.0000
240.0000	 16.0000	  0.0000	 -0.0000	  0.0000
256.0000	 16.0000	  0.0000	 -0.0000	  0.0000
272.0000	 16.0000	  0.0000	 -0.0000	  0.0000
288.0000	 16.0000	  0.0000	 -0.0000	  0.0000
304.0000	 16.0000	  0.0000	 -0.0000	  0.0000
320.0000	 16.0000	  0.4656	 -0.9401	  0.0000
336.0000	 16.0000	  0.0000	 -0.0000	  0.0000
352.0000	 16.0000	  0.7440	 -0.9510	  0.0000
368.0000	 16.0000	  0.0000	 -0.0000	  0.0000
384.0000	 16.0000	  0.0000	 -0.0000	  0.0000
400.0000	 16.0000	  0.0000	 -0.0000	  0.0000
416.0000	 16.0000	  0.3319	 -0.8837	  0.0000
432.0000	 16.0000	  0.0000	 -0.0000	  0.0000
448.0000	 16.0000	  0.4150	 -0.9644	  0.0000
464.0000	 16.0000	  0.0000	 -0.0000	  0.0000
480.0000	 16.0000	  0.0000	 -0.0000	  0.0000
496.0000	 16.0000	  0.0000	 -0.0000	  0.0000
