 16.0000	 16.0000	  0.1619	 -0.0020	  2.7281
 32.0000	 16.0000	 -0.0161	 -0.0074	  3.3179
 48.0000	 16.0000	 -0.1064	 -0.0106	  2.6234
 64.0000	 16.0000	 -0.0002	 -0.0157	  2.2184
 80.0000	 16.0000	 -0.0020	 -0.0276	  2.9824
 96.0000	 16.0000	 -0.0003	 -0.0179	  2.9598
112.0000	 16.0000	  0.0002	 -0.0029	  3.6587
128.0000	 16.0000	  0.0001	 -0.0047	  2.3565
144.0000	 16.0000	 -0.0000	 -0.0096	  1.4061
160.0000	 16.0000	  0.0002	 -0.0111	  2.1013
176.0000	 16.0000	  0.2780	 -0.0931	  1.6700
192.0000	 16.0000	  0.0104	 -0.0942	  3.9515
208.0000	 16.0000	 -0.1971	 -0.0976	  3.2351
224.0000	 16.0000	  0.0151	 -0.0022	  2.5549
240.0000	 16.0000	  0.0385	 -0.0403	  3.9143
256.0000	 16.0000	 -0.0461	 -0.1800	  2.6099
272.0000	 16.0000	 -0.3247	 -0.2756	  1.8367
288.0000	 16.0000	  0.0043	 -0.0532	  2.4188
304.0000	 16.0000	 -0.0140	 -0.0832	  1.6359
320.0000	 16.0000	 -0.0079	 -0.0016	  1.5610
336.0000	 16.0000	  0.0012	 -0.0002	  3.0972
352.0000	 16.0000	  0.0019	 -0.0121	  2.0637
368.0000	 16.0000	  0.0005	 -0.1768	  1.4830
384.0000	 16.0000	 -0.0004	 -0.1311	  2.6633
400.0000	 16.0000	  0.0268	 -0.0532	  2.7657
416.0000	 16.0000	  0.0003	 -0.0048	  2.9178
432.0000	 16.0000	 -0.0071	 -0.0012	  3.1395
448.0000	 16.0000	  0.1233	  0.0003	  3.2127
464.0000	 16.0000	  0.0007	 -0.0531	  3.6445
480.0000	 16.0000	 -0.1030	 -0.2922	  3.2258
496.0000	 16.0000	 -0.0340	 -0.3341	  3.0460
 16.0000	 32.0000	  0.0903	 -0.0698	  3.0975
 32.0000	 32.0000	 -0.0039	 -0.1411	  2.5951
 48.0000	 32.0000	  0.1521	 -0.0415	  2.2927
 64.0000	 32.0000	  0.1299	  0.0032	  2.8103
 80.0000	 32.0000	  0.0185	  0.1367	  2.8749
 96.0000	 32.0000	  0.0234	  0.1398	  3.5916
112.0000	 32.0000	  0.0066	  0.0281	  3.3490
128.0000	 32.0000	 -0.1248	 -0.0173	  2.1620
144.0000	 32.0000	 -0.0026	  0.0288	  1.8899
160.0000	 32.0000	  0.0464	  0.0261	  1.9140
176.0000	 32.0000	  0.3392	  0.0089	  2.1705
192.0000	 32.0000	  0.0045	  0.0057	  2.2211
208.0000	 32.0000	 -0.4467	 -0.0000	  1.7072
224.0000	 32.0000	  0.0128	 -0.0004	  2.1678
240.0000	 32.0000	  0.0983	 -0.0023	  3.2897
256.0000	 32.0000	  0.1354	 -0.0745	  2.8538
272.0000	 32.0000	  0.0791	 -0.2416	  2.3522
288.0000	 32.0000	  0.1390	 -0.2676	  2.3013
304.0000	 32.0000	  0.2569	 -0.1568	  2.1578
320.0000	 32.0000	  0.0154	 -0.0095	  3.2741
336.0000	 32.0000	 -0.0429	  0.0443	  4.0274
352.0000	 32.0000	  0.0792	  0.0835	  1.7520
368.0000	 32.0000	  0.2337	 -0.0167	  2.2761
384.0000	 32.0000	  0.0364	 -0.0021	  4.5864
400.0000	 32.0000	 -0.0252	 -0.0004	  3.0711
416.0000	 32.0000	  0.0007	  0.0000	  1.6266
432.0000	 32.0000	 -0.1043	  0.0018	  2.1941
448.0000	 32.0000	  0.1235	  0.0014	  3.4519
464.0000	 32.0000	  0.1163	  0.0281	  3.3555
480.0000	 32.0000	 -0.0368	  0.0199	  4.1085
496.0000	 32.0000	 -0.0605	 -0.0417	  4.4374
 16.0000	 48.0000	  0.7650	  0.0678	  3.6415
 32.0000	 48.0000	  0.9059	  0.0219	  2.2033
 48.0000	 48.0000	  0.5854	  0.0021	  2.4507
 64.0000	 48.0000	  0.6777	 -0.0347	  2.7950
 80.0000	 48.0000	  0.7758	 -0.0282	  2.7872
 96.0000	 48.0000	  0.6350	 -0.0392	  1.9764
112.0000	 48.0000	  0.2513	  0.0654	  2.9445
128.0000	 48.0000	  0.3587	  0.0370	  1.9675
144.0000	 48.0000	  1.2527	  0.0072	  2.2336
160.0000	 48.0000	  0.4371	  0.0129	  1.4836
176.0000	 48.0000	  1.7948	 -0.2427	  1.5746
192.0000	 48.0000	  2.0479	 -0.1795	  2.0820
208.0000	 48.0000	  1.8701	  0.1065	  1.2329
224.0000	 48.0000	  1.4009	 -0.1604	  1.9683
240.0000	 48.0000	  0.5412	  0.0234	  2.9700
256.0000	 48.0000	  0.4379	  0.0877	  2.6240
272.0000	 48.0000	  0.7021	 -0.0375	  3.1839
288.0000	 48.0000	  1.3023	 -0.0803	  2.3682
304.0000	 48.0000	  1.0893	 -0.0107	  3.0140
320.0000	 48.0000	  0.4138	 -0.1566	  2.1545
336.0000	 48.0000	  0.2023	 -0.0461	  2.2521
352.0000	 48.0000	  1.1274	 -0.0588	  2.0480
368.0000	 48.0000	  0.9116	  0.1162	  2.0093
384.0000	 48.0000	  0.5136	  0.1435	  2.3693
400.0000	 48.0000	  0.6322	  0.1008	  1.9645
416.0000	 48.0000	  0.9332	  0.0568	  2.6554
432.0000	 48.0000	  0.9627	  0.0128	  2.2559
448.0000	 48.0000	  0.4926	 -0.0139	  1.9150
464.0000	 48.0000	  0.2118	  0.1217	  2.0290
480.0000	 48.0000	  0.2447	  0.2732	  2.6623
496.0000	 48.0000	  0.4687	  0.2291	  2.2506
 16.0000	 64.0000	  1.8662	  0.0027	  2.8324
 32.0000	 64.0000	  2.2195	  0.0352	  2.3790
 48.0000	 64.0000	  3.2829	 -0.0130	  1.7591
 64.0000	 64.0000	  2.2607	  0.0138	  1.4363
 80.0000	 64.0000	  1.7226	 -0.0012	  2.1252
 96.0000	 64.0000	  1.4537	  0.0669	  1.3715
112.0000	 64.0000	  3.7339	 -0.1914	  1.2659
128.0000	 64.0000	  3.6726	 -0.0172	  1.3801
144.0000	 64.0000	  1.8826	 -0.0514	  1.5935
160.0000	 64.0000	  4.0039	  0.0261	  1.2392
176.0000	 64.0000	  3.3182	  0.0443	  2.5832
192.0000	 64.0000	  3.0752	  0.0439	  2.8456
208.0000	 64.0000	  2.8053	  0.0685	  1.8279
224.0000	 64.0000	  2.6483	  0.0896	  2.2025
240.0000	 64.0000	  2.4431	  0.0016	  1.6812
256.0000	 64.0000	  1.8262	  0.0946	  1.8721
272.0000	 64.0000	  1.4452	  0.1815	  1.5766
288.0000	 64.0000	  1.9119	  0.0984	  2.1635
304.0000	 64.0000	  1.6556	  0.2032	  2.6504
320.0000	 64.0000	  1.4082	  0.0568	  1.8714
336.0000	 64.0000	  2.5590	  0.0365	  1.1621
352.0000	 64.0000	  3.1199	 -0.0344	  3.4364
368.0000	 64.0000	  3.6475	 -0.0390	  2.4642
384.0000	 64.0000	  2.8893	 -0.0368	  1.8970
400.0000	 64.0000	  2.5573	 -0.0037	  2.0198
416.0000	 64.0000	  2.6641	 -0.2554	  1.4196
432.0000	 64.0000	  4.1881	 -0.0734	  1.2670
448.0000	 64.0000	  4.2725	  0.0125	  1.7792
464.0000	 64.0000	  3.8354	 -0.0003	  1.5366
480.0000	 64.0000	  3.0794	 -0.0206	  2.2692
496.0000	 64.0000	  2.3841	  0.0627	  1.9052
 16.0000	 80.0000	  4.0700	 -0.0726	  1.5026
 32.0000	 80.0000	  4.2573	 -0.0860	  1.3082
 48.0000	 80.0000	  4.8247	 -0.0136	  1.6753
 64.0000	 80.0000	  5.4308	 -0.0147	  2.7855
 80.0000	 80.0000	  5.3431	 -0.0061	  2.9796
 96.0000	 80.0000	  5.1528	  0.0131	  2.6811
112.0000	 80.0000	  4.6916	  0.0010	  3.1767
128.0000	 80.0000	  4.9149	 -0.0040	  2.3872
144.0000	 80.0000	  5.7556	 -0.0349	  3.3190
160.0000	 80.0000	  5.7136	  0.0467	  1.9295
176.0000	 80.0000	  4.0212	  0.0867	  1.9814
192.0000	 80.0000	  4.1859	  0.0792	  1.7385
208.0000	 80.0000	  4.4028	  0.0039	  1.4795
224.0000	 80.0000	  4.1462	  0.0737	  2.3431
240.0000	 80.0000	  4.3996	  0.1137	  1.9400
256.0000	 80.0000	  3.9941	  0.0237	  1.2397
272.0000	 80.0000	  5.1592	 -0.0728	  1.7974
288.0000	 80.0000	  5.0858	 -0.0289	  1.9794
304.0000	 80.0000	  4.9041	  0.0475	  1.6881
320.0000	 80.0000	  5.2506	 -0.0052	  1.9053
336.0000	 80.0000	  5.8828	  0.0247	  1.2086
352.0000	 80.0000	  4.4832	 -0.0467	  2.8979
368.0000	 80.0000	  4.3723	 -0.0379	  3.5220
384.0000	 80.0000	  5.4700	 -0.1934	  2.4195
400.0000	 80.0000	  5.7598	 -0.1669	  2.6910
416.0000	 80.0000	  5.1518	  0.0231	  2.4971
432.0000	 80.0000	  4.7098	  0.0161	  3.2413
448.0000	 80.0000	  4.5170	  0.0240	  2.1943
464.0000	 80.0000	  5.1616	 -0.0257	  2.1861
480.0000	 80.0000	  5.0121	 -0.0972	  2.7115
496.0000	 80.0000	  4.8307	 -0.0591	  2.0064
 16.0000	 96.0000	  7.7400	 -0.5167	  1.5020
 32.0000	 96.0000	  8.2841	 -0.8384	  1.1204
 48.0000	 96.0000	  7.1788	  0.0199	  1.5213
 64.0000	 96.0000	  6.6163	  0.0092	  2.3649
 80.0000	 96.0000	  6.1417	  0.0605	  3.1271
 96.0000	 96.0000	  5.9077	  0.0672	  3.0528
112.0000	 96.0000	  5.9253	  0.1044	  2.2031
128.0000	 96.0000	  6.3094	 -0.0014	  1.7210
144.0000	 96.0000	  6.3375	  0.0382	  2.9823
160.0000	 96.0000	  6.8681	 -0.0030	  2.4757
176.0000	 96.0000	  6.9785	  0.0029	  2.4275
192.0000	 96.0000	  6.3553	  0.0026	  1.5980
208.0000	 96.0000	  6.5443	 -0.0129	  1.6350
224.0000	 96.0000	  6.9880	 -0.0152	  2.3215
240.0000	 96.0000	  6.9210	 -0.0286	  1.4961
256.0000	 96.0000	  7.6792	 -0.0875	  1.7316
272.0000	 96.0000	  5.9683	  0.0713	  1.7309
288.0000	 96.0000	  5.7241	  0.0574	  1.7408
304.0000	 96.0000	  6.1686	  0.0385	  2.0214
320.0000	 96.0000	  6.5599	 -0.0447	  2.7111
336.0000	 96.0000	  7.0406	 -0.0382	  2.5708
352.0000	 96.0000	  6.2945	  0.1423	  2.1074
368.0000	 96.0000	  6.3171	  0.1900	  1.6670
384.0000	 96.0000	  6.4032	 -0.0231	  2.5582
400.0000	 96.0000	  6.1704	 -0.0398	  2.8444
416.0000	 96.0000	  6.0482	  0.0405	  2.9154
432.0000	 96.0000	  6.1876	  0.0864	  1.9083
448.0000	 96.0000	  6.9401	 -0.0211	  1.4274
464.0000	 96.0000	  6.6533	  0.0648	  2.0420
480.0000	 96.0000	  6.5653	  0.1417	  2.4294
496.0000	 96.0000	  5.9713	  0.1034	  1.9394
 16.0000	112.0000	  8.6344	 -0.0889	  3.4355
 32.0000	112.0000	  8.1903	  0.0082	  2.3926
 48.0000	112.0000	  8.1611	 -0.0341	  1.2760
 64.0000	112.0000	  8.1408	  0.0419	  2.4535
 80.0000	112.0000	  8.2292	  0.0388	  1.7718
 96.0000	112.0000	  8.5346	 -0.0006	  2.5006
112.0000	112.0000	  8.5523	  0.0387	  1.8069
128.0000	112.0000	  7.7749	 -0.0728	  1.2905
144.0000	112.0000	  8.1784	  0.0271	  1.6768
160.0000	112.0000	  8.1285	  0.0393	  2.7701
176.0000	112.0000	  8.2373	  0.0074	  3.4400
192.0000	112.0000	  8.3721	  0.0006	  1.9355
208.0000	112.0000	  8.7177	 -0.0933	  1.7799
224.0000	112.0000	  8.8214	 -0.0662	  3.3811
240.0000	112.0000	  8.5374	 -0.0367	  2.6229
256.0000	112.0000	  7.9175	 -0.0092	  1.8974
272.0000	112.0000	  7.7719	 -0.0111	  1.8588
288.0000	112.0000	  7.6189	  0.0152	  1.0339
304.0000	112.0000	  7.4550	 -0.0010	  1.5117
320.0000	112.0000	  7.9895	 -0.0135	  3.2799
336.0000	112.0000	  8.3591	 -0.0289	  2.4458
352.0000	112.0000	  8.6160	 -0.1632	  3.0420
368.0000	112.0000	  8.8776	 -0.0569	  2.5078
384.0000	112.0000	  9.0602	  0.0192	  2.6055
400.0000	112.0000	  8.4557	  0.2046	  1.6381
416.0000	112.0000	  7.5278	 -0.0071	  1.7758
432.0000	112.0000	  8.0426	 -0.1259	  1.7106
448.0000	112.0000	  8.8323	 -0.2281	  2.1312
464.0000	112.0000	  8.0314	 -0.1128	  1.9475
480.0000	112.0000	  7.6844	 -0.0957	  2.3538
496.0000	112.0000	  8.3901	 -0.1354	  1.3871
 16.0000	128.0000	  9.0371	  0.0836	  2.5057
 32.0000	128.0000	  8.1671	  0.2940	  1.7830
 48.0000	128.0000	 10.6106	 -0.2306	  1.7304
 64.0000	128.0000	 10.0756	 -0.1524	  2.7014
 80.0000	128.0000	  9.7371	 -0.0095	  1.8639
 96.0000	128.0000	  9.7560	  0.0421	  2.6143
112.0000	128.0000	 10.0116	  0.0142	  2.0561
128.0000	128.0000	 10.5579	 -0.0337	  1.5835
144.0000	128.0000	  9.2420	  0.0022	  1.3137
160.0000	128.0000	  9.5924	  0.0544	  1.9460
176.0000	128.0000	  9.4556	  0.1432	  2.8579
192.0000	128.0000	  9.2539	  0.0384	  2.3383
208.0000	128.0000	  9.6381	 -0.0558	  1.4842
224.0000	128.0000	  9.6750	 -0.1016	  2.5571
240.0000	128.0000	 10.0003	 -0.0888	  2.7726
256.0000	128.0000	 10.2548	  0.0635	  1.9085
272.0000	128.0000	 10.0692	  0.0306	  1.5679
288.0000	128.0000	 10.4180	 -0.0693	  1.9002
304.0000	128.0000	 10.2042	 -0.0722	  1.8723
320.0000	128.0000	  9.4828	  0.1811	  1.9578
336.0000	128.0000	  9.4959	  0.0592	  2.4234
352.0000	128.0000	  9.6747	 -0.0016	  2.8938
368.0000	128.0000	  9.8972	 -0.0008	  2.8505
384.0000	128.0000	  9.5961	 -0.0013	  2.9165
400.0000	128.0000	  9.2795	  0.0577	  1.5227
416.0000	128.0000	 10.3263	  0.0823	  2.3191
432.0000	128.0000	 10.3223	  0.0043	  3.7034
448.0000	128.0000	 10.1388	 -0.0342	  3.2159
464.0000	128.0000	  9.7666	 -0.1412	  1.9473
480.0000	128.0000	 12.5301	 14.0436	  1.0373
496.0000	128.0000	  9.7875	 -0.0027	  1.0184
 16.0000	144.0000	 11.5079	  0.1279	  2.1435
 32.0000	144.0000	 11.8111	 -0.0861	  3.0705
 48.0000	144.0000	 11.5028	 -0.1071	  3.5425
 64.0000	144.0000	 11.5560	 -0.0749	  3.3344
 80.0000	144.0000	 11.4950	 -0.0380	  3.4577
 96.0000	144.0000	 10.9499	 -0.0281	  3.2073
112.0000	144.0000	 10.8608	  0.0161	  2.6819
128.0000	144.0000	 10.8822	  0.0423	  2.0792
144.0000	144.0000	 11.9092	  0.0151	  1.2503
160.0000	144.0000	 11.3270	 -0.1073	  2.1896
176.0000	144.0000	 11.0961	 -0.0953	  2.7153
192.0000	144.0000	 11.2676	 -0.0248	  1.6809
208.0000	144.0000	 11.3572	  0.0626	  1.8750
224.0000	144.0000	 11.5006	 -0.0145	  2.9788
240.0000	144.0000	 11.3244	 -0.0019	  3.3584
256.0000	144.0000	 10.7774	  0.0133	  2.1276
272.0000	144.0000	 10.9164	  0.0194	  1.6488
288.0000	144.0000	 10.6807	 -0.1429	  2.6344
304.0000	144.0000	 10.6950	 -0.1455	  2.0618
320.0000	144.0000	 11.5808	  0.0387	  1.5070
336.0000	144.0000	 10.9775	  0.1480	  2.2127
352.0000	144.0000	 10.8752	  0.1443	  2.1201
368.0000	144.0000	 11.0266	  0.0612	  2.4567
384.0000	144.0000	 11.1952	 -0.0601	  2.5872
400.0000	144.0000	 11.7228	 -0.1048	  1.4502
416.0000	144.0000	 10.4213	  0.0822	  2.1476
432.0000	144.0000	 10.6233	  0.0534	  3.5033
448.0000	144.0000	 11.0030	  0.0520	  3.6584
464.0000	144.0000	 11.3777	 -0.0221	  3.0767
480.0000	144.0000	 11.5970	  0.0180	  1.9399
496.0000	144.0000	-28.3601	 26.3797	  1.0020
 16.0000	160.0000	 12.1787	  0.0024	  2.5886
 32.0000	160.0000	 12.1194	  0.0084	  3.8638
 48.0000	160.0000	 12.2614	  0.1052	  3.8149
 64.0000	160.0000	 12.3097	 -0.0341	  4.6294
 80.0000	160.0000	 12.1133	 -0.1495	  3.9810
 96.0000	160.0000	 12.2067	 -0.0120	  1.5542
112.0000	160.0000	 12.5080	 -0.1199	  1.8806
128.0000	160.0000	 12.6700	 -0.1247	  1.9083
144.0000	160.0000	 12.8311	 -0.0154	  2.5421
160.0000	160.0000	 12.6919	 -0.0162	  2.5428
176.0000	160.0000	 12.5601	 -0.0110	  2.9425
192.0000	160.0000	 11.9058	  0.0401	  2.0663
208.0000	160.0000	 11.9771	  0.0132	  2.5615
224.0000	160.0000	 12.0940	  0.0853	  3.4922
240.0000	160.0000	 12.0729	  0.0943	  2.8350
256.0000	160.0000	 12.3620	 -0.0115	  2.2554
272.0000	160.0000	 12.5338	 -0.0271	  2.3769
288.0000	160.0000	 12.7848	 -0.1677	  2.1062
304.0000	160.0000	 12.8963	 -0.2503	  2.1054
320.0000	160.0000	 12.3316	  0.0274	  2.4420
336.0000	160.0000	 12.2391	  0.0217	  3.2116
352.0000	160.0000	 12.6323	 -0.1580	  2.6815
368.0000	160.0000	 12.3746	 -0.1337	  2.1573
384.0000	160.0000	 12.0600	 -0.0143	  2.7548
400.0000	160.0000	 12.4328	 -0.0333	  2.4905
416.0000	160.0000	 12.9534	 -0.3264	  1.5779
432.0000	160.0000	 12.4843	 -0.1106	  2.1091
448.0000	160.0000	 12.0595	 -0.0035	  2.9499
464.0000	160.0000	 11.9998	  0.0470	  4.0974
480.0000	160.0000	 12.2852	  0.0012	  2.8661
496.0000	160.0000	 12.4209	 -0.0936	  1.9455
 16.0000	176.0000	 13.4288	 -0.1009	  2.2404
 32.0000	176.0000	 13.2504	  0.0750	  2.9235
 48.0000	176.0000	 13.1966	  0.0970	  3.1894
 64.0000	176.0000	 13.1953	  0.0758	  2.8709
 80.0000	176.0000	 13.4520	  0.1081	  2.9816
 96.0000	176.0000	 13.5907	  0.0520	  2.2599
112.0000	176.0000	 13.5677	 -0.0108	  2.8441
128.0000	176.0000	 13.3826	  0.0170	  2.8922
144.0000	176.0000	 13.2310	  0.0093	  2.9468
160.0000	176.0000	 13.1983	  0.0355	  3.0056
176.0000	176.0000	 13.3362	  0.0110	  3.0643
192.0000	176.0000	 13.4888	 -0.0087	  2.1624
208.0000	176.0000	 13.3960	 -0.0120	  1.6127
224.0000	176.0000	 13.0197	 -0.0405	  2.6136
240.0000	176.0000	 13.0844	 -0.0084	  2.5637
256.0000	176.0000	 13.2121	 -0.0209	  2.9755
272.0000	176.0000	 13.2254	  0.0079	  3.1558
288.0000	176.0000	 13.3582	 -0.0170	  3.1633
304.0000	176.0000	 13.6284	 -0.0375	  3.0406
320.0000	176.0000	 13.5090	 -0.0731	  2.5277
336.0000	176.0000	 13.0601	 -0.0727	  2.5053
352.0000	176.0000	 13.3425	 -0.0544	  2.7941
368.0000	176.0000	 13.4074	 -0.0484	  3.1121
384.0000	176.0000	 13.2922	  0.0468	  2.3300
400.0000	176.0000	 13.4160	  0.0466	  2.2060
416.0000	176.0000	 13.3313	  0.0041	  2.8578
432.0000	176.0000	 13.0823	  0.0091	  3.1444
448.0000	176.0000	 12.9622	  0.0783	  2.5689
464.0000	176.0000	 13.2341	  0.0376	  2.9957
480.0000	176.0000	 13.1471	 -0.0225	  3.1718
496.0000	176.0000	 12.8943	 -0.0325	  2.1700
 16.0000	192.0000	 13.8606	  0.0198	  2.5416
 32.0000	192.0000	 14.1205	 -0.0105	  2.9977
 48.0000	192.0000	 14.2168	  0.0145	  4.1799
 64.0000	192.0000	 13.8778	  0.1449	  3.6172
 80.0000	192.0000	 13.9098	  0.1556	  3.4807
 96.0000	192.0000	 14.2321	  0.0253	  3.2678
112.0000	192.0000	 14.0719	  0.0397	  3.1785
128.0000	192.0000	 13.6833	  0.0532	  3.7790
144.0000	192.0000	 13.7930	  0.0130	  2.6652
160.0000	192.0000	 14.1644	  0.0532	  2.4365
176.0000	192.0000	 13.7499	  0.0393	  3.2302
192.0000	192.0000	 13.9116	 -0.0011	  3.5342
208.0000	192.0000	 14.3417	 -0.0226	  1.9363
224.0000	192.0000	 13.9711	  0.0044	  1.5992
240.0000	192.0000	 14.3351	  0.0044	  4.2886
256.0000	192.0000	 14.2186	  0.0004	  3.8209
272.0000	192.0000	 13.7407	 -0.0086	  3.0362
288.0000	192.0000	 13.9261	  0.0896	  3.4464
304.0000	192.0000	 14.0240	  0.0672	  5.0485
320.0000	192.0000	 14.1714	 -0.1235	  3.7625
336.0000	192.0000	 14.3694	 -0.2506	  2.4616
352.0000	192.0000	 14.0057	  0.0866	  2.7548
368.0000	192.0000	 14.1053	  0.0262	  3.3509
384.0000	192.0000	 14.0558	 -0.1040	  2.7498
400.0000	192.0000	 14.0817	 -0.0434	  2.1901
416.0000	192.0000	 13.9040	  0.1198	  2.5198
432.0000	192.0000	 13.5958	  0.1758	  2.5949
448.0000	192.0000	 14.2628	  0.0139	  2.1961
464.0000	192.0000	 14.2146	  0.0342	  3.0506
480.0000	192.0000	 14.0742	 -0.0909	  1.8773
496.0000	192.0000	-20.1077	 -5.7866	  1.1882
 16.0000	208.0000	 14.6212	  0.1388	  2.8066
 32.0000	208.0000	 14.7001	  0.0167	  3.8290
 48.0000	208.0000	 14.7251	  0.0157	  4.0841
 64.0000	208.0000	 14.7971	 -0.0799	  3.8399
 80.0000	208.0000	 14.7573	 -0.1573	  3.2404
 96.0000	208.0000	 14.6266	 -0.0131	  2.8839
112.0000	208.0000	 14.4819	  0.0116	  4.1952
128.0000	208.0000	 14.6955	 -0.0112	  2.4868
144.0000	208.0000	 14.6668	  0.0014	  2.3569
160.0000	208.0000	 14.6752	  0.0041	  2.8833
176.0000	208.0000	 14.7212	 -0.0615	  2.9144
192.0000	208.0000	 14.4793	  0.0408	  2.7946
208.0000	208.0000	 14.5971	 -0.0558	  2.5157
224.0000	208.0000	 14.7411	  0.0160	  1.0279
240.0000	208.0000	 14.6674	  0.0388	  3.0120
256.0000	208.0000	 14.4628	  0.0290	  3.5486
272.0000	208.0000	 14.4695	 -0.0014	  3.0452
288.0000	208.0000	 14.7528	 -0.0474	  2.1530
304.0000	208.0000	 14.6419	 -0.0198	  3.1938
320.0000	208.0000	 14.7474	  0.0266	  3.1580
336.0000	208.0000	 14.6853	  0.0393	  2.6046
352.0000	208.0000	 14.5106	  0.0055	  2.5639
368.0000	208.0000	 14.6390	  0.0207	  2.4483
384.0000	208.0000	 14.6559	  0.0308	  2.2564
400.0000	208.0000	 14.4127	 -0.0106	  2.4814
416.0000	208.0000	 14.7270	 -0.0337	  1.9080
432.0000	208.0000	 14.8807	 -0.0396	  2.6096
448.0000	208.0000	 14.7826	 -0.0046	  2.7334
464.0000	208.0000	 14.7709	 -0.0082	  2.8079
480.0000	208.0000	 14.7545	 -0.0020	  3.3846
496.0000	208.0000	 14.8056	 -0.0033	  1.5273
 16.0000	224.0000	 15.3083	 -0.0086	  2.8114
 32.0000	224.0000	 15.0710	  0.0001	  3.2079
 48.0000	224.0000	 15.0645	  0.0004	  3.7617
 64.0000	224.0000	 15.1598	  0.0001	  4.5898
 80.0000	224.0000	 15.0030	  0.0061	  3.9480
 96.0000	224.0000	 14.9655	  0.0119	  3.5351
112.0000	224.0000	 14.9467	  0.0060	  2.1102
128.0000	224.0000	 15.2670	 -0.0164	  2.2081
144.0000	224.0000	 14.9952	 -0.0074	  1.8323
160.0000	224.0000	 15.0302	  0.0050	  3.6622
176.0000	224.0000	 15.1364	  0.0028	  4.2408
192.0000	224.0000	 15.0277	  0.0809	  2.2254
208.0000	224.0000	 14.9951	  0.1708	  1.9310
224.0000	224.0000	 15.0784	 -0.0128	  1.8876
240.0000	224.0000	 15.2847	 -0.0048	  1.0140
256.0000	224.0000	 15.1582	  0.0010	  1.4330
272.0000	224.0000	 15.3571	 -0.0004	  2.2998
288.0000	224.0000	 15.1168	 -0.0032	  2.0663
304.0000	224.0000	 15.0670	  0.0282	  4.0104
320.0000	224.0000	 15.1835	  0.1534	  3.3633
336.0000	224.0000	 15.0376	  0.1970	  2.5173
352.0000	224.0000	 14.8859	 -0.0202	  2.9111
368.0000	224.0000	 14.9768	 -0.0193	  2.3582
384.0000	224.0000	 15.0079	  0.0352	  1.9743
400.0000	224.0000	 15.0104	 -0.0060	  2.3562
416.0000	224.0000	 15.1208	 -0.0314	  3.2370
432.0000	224.0000	 15.1073	 -0.1610	  3.2882
448.0000	224.0000	 15.1454	 -0.1374	  3.2793
464.0000	224.0000	 15.1615	  0.0073	  3.4620
480.0000	224.0000	 15.0255	  0.0501	  3.3786
496.0000	224.0000	 14.9021	  0.1069	  2.2640
 16.0000	240.0000	 15.3907	 -0.0069	  3.2246
 32.0000	240.0000	 15.4187	 -0.0583	  3.2211
 48.0000	240.0000	 15.4311	 -0.0323	  3.7092
 64.0000	240.0000	 15.4121	  0.1023	  3.0871
 80.0000	240.0000	 15.1889	  0.1405	  2.9286
 96.0000	240.0000	 15.2709	 -0.0066	  2.9130
112.0000	240.0000	 15.5062	 -0.0257	  1.9748
128.0000	240.0000	 15.4728	 -0.0470	  2.5477
144.0000	240.0000	 15.4449	 -0.0560	  2.1948
160.0000	240.0000	 15.4036	  0.0014	  3.3851
176.0000	240.0000	 15.3250	  0.1167	  3.3368
192.0000	240.0000	 15.2449	  0.1798	  2.2308
208.0000	240.0000	 15.3185	 -0.0031	  1.3346
224.0000	240.0000	 15.4157	 -0.0278	  1.7145
240.0000	240.0000	 15.3879	 -0.0289	  1.6071
256.0000	240.0000	-12.9723	-36.8340	  1.0959
272.0000	240.0000	 15.4432	  0.0223	  2.3008
288.0000	240.0000	 15.4188	  0.0830	  2.4709
304.0000	240.0000	 15.2813	  0.0931	  2.6328
320.0000	240.0000	 15.3606	  0.0359	  2.6822
336.0000	240.0000	 15.3648	 -0.0108	  2.0429
352.0000	240.0000	 15.3598	 -0.0063	  2.2482
368.0000	240.0000	 15.3532	  0.0726	  1.9234
384.0000	240.0000	 15.4237	  0.0737	  2.0205
400.0000	240.0000	 15.4675	  0.0116	  3.4770
416.0000	240.0000	 15.4015	  0.0518	  2.5467
432.0000	240.0000	 15.3402	  0.0322	  2.5457
448.0000	240.0000	 15.3957	  0.0168	  2.7097
464.0000	240.0000	 15.4081	  0.0071	  2.7890
480.0000	240.0000	 15.3084	 -0.0248	  2.7223
496.0000	240.0000	 15.2055	 -0.0473	  1.3564
 16.0000	256.0000	 15.4610	 -0.0507	  2.2740
 32.0000	256.0000	 15.4830	  0.0233	  3.5113
 48.0000	256.0000	 15.4913	  0.0195	  3.9449
 64.0000	256.0000	 15.3591	  0.0363	  2.0497
 80.0000	256.0000	 15.2598	  0.0574	  1.2925
 96.0000	256.0000	 15.5922	  0.0033	  3.3675
112.0000	256.0000	 15.5021	 -0.0031	  3.6230
128.0000	256.0000	 15.3883	 -0.0054	  3.6362
144.0000	256.0000	 15.5164	  0.0259	  2.4573
160.0000	256.0000	 15.4745	 -0.0086	  1.3930
176.0000	256.0000	 15.6081	 -0.0116	  1.9915
192.0000	256.0000	 15.4763	  0.0938	  2.0483
208.0000	256.0000	 15.2881	  0.1046	  2.1421
224.0000	256.0000	 15.4952	 -0.0089	  2.4133
240.0000	256.0000	 15.5024	  0.0278	  2.7628
256.0000	256.0000	 15.5184	  0.0095	  1.3522
272.0000	256.0000	 15.5068	 -0.0142	  2.4017
288.0000	256.0000	 15.4419	 -0.0242	  2.7712
304.0000	256.0000	 15.4611	 -0.0266	  1.9551
320.0000	256.0000	 15.4703	  0.0058	  2.3124
336.0000	256.0000	 15.4946	 -0.0391	  2.8154
352.0000	256.0000	 15.4870	 -0.0543	  2.5661
368.0000	256.0000	 15.5172	  0.0164	  2.0515
384.0000	256.0000	 15.4799	 -0.0000	  1.8755
400.0000	256.0000	 15.4266	  0.0479	  3.4659
416.0000	256.0000	 15.4681	  0.1089	  2.6111
432.0000	256.0000	 15.4306	  0.4250	  1.8995
448.0000	256.0000	 15.4972	  0.3347	  2.2728
464.0000	256.0000	 15.5060	  0.0122	  2.0752
480.0000	256.0000	 15.4490	 -0.0736	  3.2533
496.0000	256.0000	 15.3790	 -0.1653	  2.0302
 16.0000	272.0000	 15.4104	  0.0113	  3.0573
 32.0000	272.0000	 15.5049	  0.0476	  3.5444
 48.0000	272.0000	 15.3845	  0.0115	  3.1677
 64.0000	272.0000	 15.0524	 -0.1027	  2.0682
 80.0000	272.0000	 15.3569	  0.0803	  1.5984
 96.0000	272.0000	 15.5643	  0.0314	  2.2315
112.0000	272.0000	 15.4499	  0.0071	  3.4219
128.0000	272.0000	 15.2703	  0.0028	  3.5880
144.0000	272.0000	 15.2747	  0.0033	  2.4346
160.0000	272.0000	 15.5066	 -0.0011	  1.3547
176.0000	272.0000	 15.4601	 -0.0211	  3.1361
192.0000	272.0000	 15.3174	  0.0380	  2.8116
208.0000	272.0000	 15.2372	  0.1056	  1.9579
224.0000	272.0000	 15.4531	  0.0008	  2.0575
240.0000	272.0000	 15.4429	 -0.0110	  1.9499
256.0000	272.0000	 15.3654	 -0.1227	  2.7809
272.0000	272.0000	 15.4848	 -0.1144	  3.5006
288.0000	272.0000	 15.3601	 -0.0059	  2.5206
304.0000	272.0000	 15.2829	  0.0012	  3.3482
320.0000	272.0000	 15.3794	 -0.0057	  2.7811
336.0000	272.0000	 15.4217	  0.0442	  4.5407
352.0000	272.0000	 15.4058	  0.0844	  3.2832
368.0000	272.0000	 15.5022	 -0.0856	  1.0197
384.0000	272.0000	 15.3802	 -0.0444	  2.5128
400.0000	272.0000	 15.3003	 -0.0240	  2.4533
416.0000	272.0000	 15.3951	  0.0088	  2.6027
432.0000	272.0000	 15.3594	  0.0350	  2.7711
448.0000	272.0000	 15.3540	  0.0280	  2.8133
464.0000	272.0000	 15.4084	  0.0062	  2.1050
480.0000	272.0000	 15.5076	  0.0255	  2.8534
496.0000	272.0000	 15.3952	  0.0325	  2.3477
 16.0000	288.0000	 15.2001	  0.0368	  2.6958
 32.0000	288.0000	 15.1527	 -0.0329	  3.2431
 48.0000	288.0000	 15.0634	 -0.0670	  2.4503
 64.0000	288.0000	 15.0225	 -0.0523	  2.8559
 80.0000	288.0000	 15.0587	 -0.0715	  1.5574
 96.0000	288.0000	 15.1277	 -0.0401	  1.9053
112.0000	288.0000	 15.1791	 -0.0271	  2.9355
128.0000	288.0000	 15.1547	 -0.0073	  2.9791
144.0000	288.0000	 15.1539	  0.0006	  2.7807
160.0000	288.0000	 15.3916	  0.0077	  2.1823
176.0000	288.0000	 15.1586	 -0.0431	  2.6468
192.0000	288.0000	 15.0192	 -0.0544	  1.6634
208.0000	288.0000	 15.0446	 -0.0201	  2.6134
224.0000	288.0000	 14.9096	 -0.1078	  2.9842
240.0000	288.0000	 14.8819	 -0.2047	  2.1181
256.0000	288.0000	 15.1979	  0.0192	  1.9980
272.0000	288.0000	 15.2159	 -0.0473	  3.4081
288.0000	288.0000	 15.0841	 -0.0440	  3.3033
304.0000	288.0000	 15.0967	 -0.0017	  2.6331
320.0000	288.0000	 15.1888	 -0.0040	  2.6391
336.0000	288.0000	 15.1867	  0.0996	  3.1201
352.0000	288.0000	 15.2273	  0.2057	  2.3495
368.0000	288.0000	 15.1252	  0.0344	  2.3879
384.0000	288.0000	 15.0764	  0.0182	  2.1603
400.0000	288.0000	 15.1702	 -0.0140	  2.9399
416.0000	288.0000	 15.1346	 -0.1067	  3.5189
432.0000	288.0000	 15.1153	 -0.0278	  3.3885
448.0000	288.0000	 15.1674	  0.0125	  3.9746
464.0000	288.0000	 15.1674	  0.0104	  1.9934
480.0000	288.0000	 15.5115	  0.1930	  1.8873
496.0000	288.0000	 14.8893	  0.1828	  1.1357
 16.0000	304.0000	 14.7621	 -0.0265	  1.6056
 32.0000	304.0000	 14.7869	 -0.0071	  3.6351
 48.0000	304.0000	 14.8146	  0.0699	  3.4467
 64.0000	304.0000	 14.7492	  0.0795	  2.9747
 80.0000	304.0000	 14.7308	  0.0143	  3.4548
 96.0000	304.0000	 14.7283	 -0.0019	  2.7251
112.0000	304.0000	 14.7032	  0.0016	  2.9011
128.0000	304.0000	 14.8878	  0.0180	  2.3239
144.0000	304.0000	 14.8070	  0.0173	  2.6999
160.0000	304.0000	 14.5217	 -0.0794	  2.3697
176.0000	304.0000	 14.5576	 -0.1155	  2.3257
192.0000	304.0000	 14.6601	 -0.0848	  1.6675
208.0000	304.0000	 14.9328	  0.0292	  2.4546
224.0000	304.0000	 14.7657	  0.0221	  3.5158
240.0000	304.0000	 14.5710	  0.0029	  2.1077
256.0000	304.0000	 14.6456	  0.1701	  1.9595
272.0000	304.0000	 14.7203	  0.0960	  3.7582
288.0000	304.0000	 14.6023	 -0.0571	  2.3872
304.0000	304.0000	 14.5514	 -0.1366	  2.6493
320.0000	304.0000	 14.7558	 -0.0565	  2.2687
336.0000	304.0000	 14.6142	 -0.0179	  2.1766
352.0000	304.0000	 14.3801	  0.0001	  3.0656
368.0000	304.0000	 14.6950	 -0.0535	  2.9548
384.0000	304.0000	 14.8865	  0.0456	  2.2443
400.0000	304.0000	 14.7695	 -0.0797	  2.4134
416.0000	304.0000	 14.6521	 -0.1751	  2.4487
432.0000	304.0000	 14.7059	 -0.0088	  2.1671
448.0000	304.0000	 14.7994	  0.0048	  2.6101
464.0000	304.0000	 14.6960	  0.0307	  2.5308
480.0000	304.0000	 14.8896	  0.0085	  2.3500
496.0000	304.0000	 14.2492	 -0.1569	  1.2767
 16.0000	320.0000	 13.7841	  0.0212	  1.9280
 32.0000	320.0000	 14.2312	  0.1007	  1.5914
 48.0000	320.0000	 14.2029	  0.1142	  1.9407
 64.0000	320.0000	 14.1626	  0.0794	  2.5168
 80.0000	320.0000	 14.3768	  0.0416	  2.9719
 96.0000	320.0000	 14.3790	 -0.0827	  2.6674
112.0000	320.0000	 14.0749	 -0.1489	  2.4861
128.0000	320.0000	 14.0766	 -0.1279	  2.7681
144.0000	320.0000	 14.2023	  0.0014	  2.0933
160.0000	320.0000	 14.1727	  0.0012	  3.8339
176.0000	320.0000	 14.2379	  0.0253	  3.0518
192.0000	320.0000	 14.0909	 -0.0144	  4.1908
208.0000	320.0000	 13.7925	 -0.0420	  2.9964
224.0000	320.0000	 14.0629	  0.1751	  1.9136
240.0000	320.0000	 14.3388	  0.0092	  1.7490
256.0000	320.0000	 14.1806	 -0.0904	  2.8341
272.0000	320.0000	 14.3712	  0.0883	  3.8084
288.0000	320.0000	 14.2223	  0.0632	  4.0725
304.0000	320.0000	 13.9850	 -0.0182	  2.9445
320.0000	320.0000	 14.2792	  0.0263	  2.7433
336.0000	320.0000	 14.4515	  0.0477	  2.1997
352.0000	320.0000	 14.2284	 -0.0021	  3.2950
368.0000	320.0000	 14.1816	 -0.0159	  2.5935
384.0000	320.0000	 14.0628	  0.0001	  1.6641
400.0000	320.0000	 14.2821	  0.0213	  2.7711
416.0000	320.0000	 14.1952	  0.0731	  3.6146
432.0000	320.0000	 13.7673	  0.0353	  2.8888
448.0000	320.0000	 13.9231	 -0.0283	  2.9802
464.0000	320.0000	 14.0865	 -0.0303	  3.7153
480.0000	320.0000	 14.2779	 -0.0223	  2.4485
496.0000	320.0000	 13.6838	  0.0282	  1.2557
 16.0000	336.0000	 13.3610	 -0.0213	  2.3872
 32.0000	336.0000	 12.8686	 -0.0168	  1.5186
 48.0000	336.0000	 13.1421	 -0.0123	  2.0846
 64.0000	336.0000	 13.5122	 -0.0142	  2.1937
 80.0000	336.0000	 13.3228	 -0.0262	  1.9751
 96.0000	336.0000	 13.3253	 -0.0022	  1.4341
112.0000	336.0000	 13.4300	  0.0003	  3.0091
128.0000	336.0000	 13.1318	  0.0017	  2.8311
144.0000	336.0000	 13.0217	 -0.0296	  1.7646
160.0000	336.0000	 13.5527	  0.0875	  2.6646
176.0000	336.0000	 13.7282	  0.1146	  3.5898
192.0000	336.0000	 13.6577	  0.0718	  3.2486
208.0000	336.0000	 13.3984	 -0.0004	  3.3805
224.0000	336.0000	 13.2122	 -0.1033	  2.0817
240.0000	336.0000	 13.0456	 -0.2304	  2.0259
256.0000	336.0000	 13.1910	 -0.1106	  4.1580
272.0000	336.0000	 13.4798	 -0.0665	  2.1833
288.0000	336.0000	 13.6224	  0.3026	  1.5574
304.0000	336.0000	 13.4411	  0.1362	  2.2680
320.0000	336.0000	 13.5094	  0.0644	  1.4504
336.0000	336.0000	-39.9867	 23.4403	  1.0526
352.0000	336.0000	 13.3197	  0.0058	  2.6107
368.0000	336.0000	 13.1306	 -0.0015	  2.8302
384.0000	336.0000	 13.0206	 -0.1251	  1.9857
400.0000	336.0000	 13.5683	  0.2247	  2.3097
416.0000	336.0000	 13.9530	  0.2929	  1.8459
432.0000	336.0000	 13.5058	  0.0184	  2.6082
448.0000	336.0000	 13.3810	  0.0092	  3.3476
464.0000	336.0000	 13.2431	 -0.0088	  2.4154
480.0000	336.0000	 13.0163	 -0.0541	  2.2179
496.0000	336.0000	-21.0498	-13.6655	  1.0126
 16.0000	352.0000	 12.7297	 -0.0579	  2.5090
 32.0000	352.0000	 12.3252	 -0.1633	  2.0932
 48.0000	352.0000	 11.9965	 -0.1759	  2.7024
 64.0000	352.0000	 12.0017	 -0.1150	  1.5271
 80.0000	352.0000	 12.3165	 -0.1653	  1.1105
 96.0000	352.0000	 12.6643	  0.4425	  1.6079
112.0000	352.0000	 12.5962	  0.4965	  2.8855
128.0000	352.0000	 12.3133	  0.0753	  2.7957
144.0000	352.0000	 12.3427	  0.0023	  2.1467
160.0000	352.0000	 12.3807	  0.0081	  2.6222
176.0000	352.0000	 12.2407	 -0.0023	  2.7723
192.0000	352.0000	 12.6245	  0.0615	  2.4577
208.0000	352.0000	 12.8764	  0.0938	  2.9019
224.0000	352.0000	 12.5540	  0.0401	  2.5898
240.0000	352.0000	 12.2091	  0.0485	  2.4470
256.0000	352.0000	 12.5616	  0.0944	  2.1047
272.0000	352.0000	 12.4352	 -0.0024	  3.0107
288.0000	352.0000	 12.2151	  0.0442	  1.3823
304.0000	352.0000	 11.9854	 -0.0846	  1.8285
320.0000	352.0000	 11.9385	 -0.0791	  2.3994
336.0000	352.0000	 12.6590	  0.0433	  2.0801
352.0000	352.0000	 12.6727	  0.0083	  2.6811
368.0000	352.0000	 12.3829	  0.0305	  3.9349
384.0000	352.0000	 12.2565	 -0.0873	  4.0461
400.0000	352.0000	 12.0698	 -0.1421	  3.4245
416.0000	352.0000	 11.6333	 -0.0179	  1.3457
432.0000	352.0000	 12.0976	  0.0273	  2.0276
448.0000	352.0000	 12.2418	  0.0523	  4.6138
464.0000	352.0000	 12.2485	  0.0251	  5.3657
480.0000	352.0000	 12.1211	 -0.0720	  2.4413
496.0000	352.0000	 -9.6222	 -9.8459	  1.1450
 16.0000	368.0000	 11.1894	  0.0170	  1.7983
 32.0000	368.0000	 11.3221	 -0.0168	  2.4612
 48.0000	368.0000	 11.1625	 -0.0101	  3.3004
 64.0000	368.0000	 11.2000	  0.0001	  2.0272
 80.0000	368.0000	 11.0694	 -0.2443	  1.2579
 96.0000	368.0000	 10.4761	 -0.4641	  2.1804
112.0000	368.0000	 11.5679	 -0.0561	  2.1003
128.0000	368.0000	 11.5331	  0.0011	  2.4925
144.0000	368.0000	 11.4876	 -0.0097	  2.3395
160.0000	368.0000	 11.8772	  0.0924	  2.1665
176.0000	368.0000	 11.4656	 -0.0533	  2.9678
192.0000	368.0000	 10.9504	 -0.0587	  2.9650
208.0000	368.0000	 10.8131	 -0.0782	  2.3937
224.0000	368.0000	 11.4359	  0.0177	  1.7088
240.0000	368.0000	 11.5091	  0.3134	  1.9914
256.0000	368.0000	 11.6047	  0.6185	  1.8791
272.0000	368.0000	 11.6399	  0.2303	  1.8290
288.0000	368.0000	 11.2936	  0.0085	  1.8276
304.0000	368.0000	 11.0381	  0.0264	  2.3328
320.0000	368.0000	 11.0557	 -0.0213	  3.4597
336.0000	368.0000	 10.8664	 -0.0809	  2.6308
352.0000	368.0000	 10.8633	  0.0394	  1.4972
368.0000	368.0000	 11.2950	  0.0185	  2.8664
384.0000	368.0000	 11.6035	  0.0145	  3.1662
400.0000	368.0000	 11.4781	 -0.0168	  3.3046
416.0000	368.0000	 10.8723	 -0.0215	  1.8114
432.0000	368.0000	 11.3185	  0.0536	  1.9925
448.0000	368.0000	 11.5703	  0.0294	  2.9993
464.0000	368.0000	 11.3048	  0.0322	  3.8220
480.0000	368.0000	 11.0014	  0.0485	  2.1636
496.0000	368.0000	 10.6017	 -0.0501	  1.1528
 16.0000	384.0000	 10.1422	 -0.0094	  2.1199
 32.0000	384.0000	 10.1988	  0.0965	  2.2125
 48.0000	384.0000	 10.2010	  0.1084	  2.8843
 64.0000	384.0000	  9.6433	  0.0665	  2.5513
 80.0000	384.0000	  9.3384	 -0.0377	  2.4569
 96.0000	384.0000	  9.6374	  0.0451	  2.7868
112.0000	384.0000	 10.3027	 -0.0101	  2.2200
128.0000	384.0000	 10.1572	  0.0215	  2.7503
144.0000	384.0000	  9.2530	 -0.1031	  2.1049
160.0000	384.0000	  9.2566	 -0.1833	  2.1123
176.0000	384.0000	 10.0102	 -0.0285	  1.6173
192.0000	384.0000	 10.1115	  0.0448	  3.1354
208.0000	384.0000	 10.2084	  0.0272	  3.0518
224.0000	384.0000	 10.5830	 -0.0015	  1.7266
240.0000	384.0000	 10.0384	  0.0482	  1.2804
256.0000	384.0000	  9.3868	  0.0085	  2.7278
272.0000	384.0000	  9.3706	  0.0001	  3.2556
288.0000	384.0000	  9.6876	  0.0228	  2.1909
304.0000	384.0000	 10.2051	  0.0364	  3.6703
320.0000	384.0000	 10.3153	  0.0132	  4.1939
336.0000	384.0000	  9.9872	 -0.0106	  3.0684
352.0000	384.0000	  9.5527	 -0.0732	  3.6589
368.0000	384.0000	  9.3873	 -0.0294	  3.4133
384.0000	384.0000	  9.8543	  0.1446	  2.9672
400.0000	384.0000	 10.3672	  0.2200	  3.0754
416.0000	384.0000	 10.2556	  0.0031	  1.8271
432.0000	384.0000	  9.9790	  0.0002	  1.6469
448.0000	384.0000	  9.2529	 -0.1758	  1.6935
464.0000	384.0000	 10.3891	 -0.1443	  2.1532
480.0000	384.0000	 10.4353	 -0.0582	  1.9677
496.0000	384.0000	 10.0566	  0.0247	  1.6734
 16.0000	400.0000	-14.2720	 18.4170	  1.0515
 32.0000	400.0000	  8.8361	  0.0874	  2.1623
 48.0000	400.0000	  8.4058	  0.0449	  2.6382
 64.0000	400.0000	  7.9876	  0.0827	  2.5516
 80.0000	400.0000	  8.4326	  0.0625	  2.7240
 96.0000	400.0000	  8.4036	  0.0457	  2.4310
112.0000	400.0000	  7.9069	  0.0039	  2.1465
128.0000	400.0000	  8.8164	 -0.0310	  1.7200
144.0000	400.0000	  8.7005	 -0.0297	  1.9420
160.0000	400.0000	  8.5208	  0.1073	  2.3722
176.0000	400.0000	  8.7586	  0.1426	  2.0895
192.0000	400.0000	  8.6014	  0.1596	  1.3187
208.0000	400.0000	  8.0514	  0.0094	  2.3723
224.0000	400.0000	  7.8247	 -0.0037	  2.0067
240.0000	400.0000	  8.0970	  0.0216	  2.6798
256.0000	400.0000	  8.6870	  0.0073	  3.3704
272.0000	400.0000	  8.5528	 -0.0313	  2.6507
288.0000	400.0000	  8.4655	 -0.1283	  1.8349
304.0000	400.0000	  9.2682	  0.0604	  2.7767
320.0000	400.0000	  9.3608	  0.1264	  2.7324
336.0000	400.0000	  9.1450	  0.0689	  2.0395
352.0000	400.0000	  8.9046	  0.0003	  2.1276
368.0000	400.0000	  8.7811	  0.0133	  2.6165
384.0000	400.0000	  8.7527	  0.0332	  2.2720
400.0000	400.0000	  8.4922	  0.0130	  2.1678
416.0000	400.0000	  8.0199	  0.0028	  2.0639
432.0000	400.0000	  7.7685	 -0.0018	  1.8461
448.0000	400.0000	  7.9769	 -0.0208	  2.7510
464.0000	400.0000	  8.1237	 -0.0241	  2.0539
480.0000	400.0000	  8.4623	 -0.0055	  1.6399
496.0000	400.0000	  8.4909	 -0.0136	  1.4131
 16.0000	416.0000	  6.1829	  0.0017	  2.4345
 32.0000	416.0000	  6.6210	 -0.1240	  3.0413
 48.0000	416.0000	  6.9167	 -0.1142	  2.9101
 64.0000	416.0000	  7.2262	 -0.0282	  1.9286
 80.0000	416.0000	  7.1478	 -0.1239	  2.1606
 96.0000	416.0000	  6.8641	 -0.0882	  3.0862
112.0000	416.0000	  7.0484	  0.0360	  2.4309
128.0000	416.0000	  6.3470	 -0.0540	  2.1715
144.0000	416.0000	  6.2729	 -0.0476	  2.1279
160.0000	416.0000	  6.7186	  0.0276	  2.8732
176.0000	416.0000	  6.6844	  0.0056	  2.5204
192.0000	416.0000	  7.4010	  0.0053	  1.3054
208.0000	416.0000	  7.3228	  0.0132	  2.5960
224.0000	416.0000	  7.4397	  0.0021	  2.1119
240.0000	416.0000	  7.6581	  0.0477	  1.8450
256.0000	416.0000	  6.8647	  0.1294	  2.3299
272.0000	416.0000	  6.1165	 -0.0581	  2.7703
288.0000	416.0000	  5.8324	 -0.0921	  2.3484
304.0000	416.0000	  6.3878	 -0.0030	  1.3927
320.0000	416.0000	  7.9773	  0.1123	  1.1746
336.0000	416.0000	  6.7594	  0.1467	  1.9983
352.0000	416.0000	  6.0117	  0.0321	  2.3336
368.0000	416.0000	  6.0719	  0.0148	  1.9552
384.0000	416.0000	  6.5970	 -0.0026	  2.4880
400.0000	416.0000	  7.7770	  0.0109	  1.6697
416.0000	416.0000	  6.8577	  0.0059	  3.3994
432.0000	416.0000	  6.5965	 -0.0026	  3.3570
448.0000	416.0000	  6.9229	  0.0098	  2.6667
464.0000	416.0000	  7.0440	  0.0438	  2.3839
480.0000	416.0000	  7.0979	  0.0225	  1.9255
496.0000	416.0000	  7.3258	 -0.0044	  1.6588
 16.0000	432.0000	  6.0282	 -0.0034	  2.5367
 32.0000	432.0000	  5.8156	 -0.0260	  2.4283
 48.0000	432.0000	  4.6408	 -0.0916	  2.0954
 64.0000	432.0000	  3.9673	 -0.1605	  2.6203
 80.0000	432.0000	  4.2995	  0.0741	  2.2047
 96.0000	432.0000	  5.8117	  0.1102	  1.5947
112.0000	432.0000	  5.0099	  0.0492	  1.6502
128.0000	432.0000	  4.9427	  0.0040	  2.2704
144.0000	432.0000	  5.1874	  0.0042	  2.4964
160.0000	432.0000	  5.3663	  0.0399	  2.8642
176.0000	432.0000	  5.1205	  0.0255	  2.8002
192.0000	432.0000	  3.9736	 -0.0503	  2.6943
208.0000	432.0000	  4.0033	 -0.1446	  2.0451
224.0000	432.0000	  3.6526	 -0.2759	  1.2172
240.0000	432.0000	  3.6619	 -0.0541	  1.1472
256.0000	432.0000	  5.8320	  0.0469	  1.9940
272.0000	432.0000	  5.3934	 -0.0482	  2.9906
288.0000	432.0000	  5.1335	 -0.0099	  2.5357
304.0000	432.0000	  4.5347	 -0.0402	  2.1586
320.0000	432.0000	  4.2254	 -0.0045	  2.5944
336.0000	432.0000	  5.0236	 -0.0894	  2.4387
352.0000	432.0000	  5.3886	 -0.0438	  2.7751
368.0000	432.0000	  5.1245	  0.0016	  3.0282
384.0000	432.0000	  5.3132	  0.0220	  2.0142
400.0000	432.0000	  5.1213	  0.0449	  1.1569
416.0000	432.0000	  5.9417	 -0.0093	  2.7737
432.0000	432.0000	  5.6219	 -0.0134	  2.2418
448.0000	432.0000	  4.8011	 -0.0977	  2.4899
464.0000	432.0000	  4.7815	 -0.1125	  2.6808
480.0000	432.0000	  4.1905	 -0.0479	  1.7831
496.0000	432.0000	  3.9960	 -0.0379	  1.5360
 16.0000	448.0000	  1.8200	 -0.2715	  1.9403
 32.0000	448.0000	  1.5165	 -0.1489	  1.6827
 48.0000	448.0000	  3.4164	  0.0489	  1.9293
 64.0000	448.0000	  3.7626	 -0.0185	  2.8781
 80.0000	448.0000	  3.5878	  0.0171	  2.5339
 96.0000	448.0000	  2.5047	  0.0192	  2.5658
112.0000	448.0000	  2.8165	 -0.0015	  2.3553
128.0000	448.0000	  3.5533	  0.0695	  2.1530
144.0000	448.0000	  3.3450	  0.0452	  1.0694
160.0000	448.0000	  3.6558	  0.0729	  1.9156
176.0000	448.0000	  3.2175	  0.1270	  2.6807
192.0000	448.0000	  2.9747	  0.1707	  3.1635
208.0000	448.0000	  3.0713	  0.0698	  3.1541
224.0000	448.0000	  2.9331	  0.0083	  2.0649
240.0000	448.0000	  3.0897	  0.0102	  1.3512
256.0000	448.0000	 26.4577	 18.6404	  1.2658
272.0000	448.0000	  2.7310	  0.0936	  1.7565
288.0000	448.0000	  2.3948	 -0.0051	  2.1245
304.0000	448.0000	  3.2368	  0.0379	  2.4225
320.0000	448.0000	  3.7878	  0.0297	  2.2870
336.0000	448.0000	  3.0002	  0.0800	  2.1948
352.0000	448.0000	  2.8960	  0.0031	  2.1983
368.0000	448.0000	  3.1925	  0.0102	  2.2843
384.0000	448.0000	  2.8845	 -0.0544	  1.7729
400.0000	448.0000	  1.5420	 -0.1175	  1.7014
416.0000	448.0000	  2.3499	 -0.0847	  2.3049
432.0000	448.0000	  2.5986	 -0.0316	  2.6556
448.0000	448.0000	  3.2957	  0.0793	  2.2908
464.0000	448.0000	  3.7237	 -0.0232	  2.2617
480.0000	448.0000	  3.5892	 -0.0224	  2.1568
496.0000	448.0000	  3.2565	 -0.0089	  1.4550
 16.0000	464.0000	  0.5704	  0.0616	  2.7321
 32.0000	464.0000	  0.5138	 -0.0267	  2.2182
 48.0000	464.0000	  0.4174	  0.1592	  2.1151
 64.0000	464.0000	  0.2740	  0.1088	  2.3464
 80.0000	464.0000	  0.4179	 -0.0280	  2.0339
 96.0000	464.0000	  1.7612	  0.1173	  1.9999
112.0000	464.0000	  1.7930	  0.1075	  2.1401
128.0000	464.0000	  0.5201	  0.0304	  2.4973
144.0000	464.0000	  0.3435	 -0.0008	  2.2921
160.0000	464.0000	  0.3444	  0.0061	  2.6665
176.0000	464.0000	  0.4386	 -0.1096	  2.2837
192.0000	464.0000	  1.1490	 -0.0304	  2.3454
208.0000	464.0000	  1.3930	  0.0441	  1.8261
224.0000	464.0000	  0.3433	  0.0055	  2.1788
240.0000	464.0000	  0.1036	  0.0173	  1.1889
256.0000	464.0000	 -1.7818	-12.3481	  1.0624
272.0000	464.0000	  0.7230	  0.0472	  1.5632
288.0000	464.0000	  1.1314	  0.0604	  2.2802
304.0000	464.0000	  1.2546	  0.0446	  1.6305
320.0000	464.0000	  1.1810	 -0.0621	  1.8235
336.0000	464.0000	  1.1004	 -0.0475	  1.9115
352.0000	464.0000	  1.0511	 -0.0289	  2.3429
368.0000	464.0000	  1.2331	 -0.0229	  2.1586
384.0000	464.0000	  0.5871	 -0.0497	  2.5720
400.0000	464.0000	  0.5004	 -0.0477	  2.2898
416.0000	464.0000	  1.1633	 -0.0279	  2.4698
432.0000	464.0000	  0.8196	 -0.0443	  3.9242
448.0000	464.0000	  0.3894	 -0.0451	  2.5905
464.0000	464.0000	  0.0332	 -0.0187	  1.5196
480.0000	464.0000	  0.1095	 -0.0896	  1.2067
496.0000	464.0000	  0.1304	 -0.0328	  2.2289
 16.0000	480.0000	  0.1091	  0.0617	  3.9926
 32.0000	480.0000	  0.0802	  0.1264	  2.3307
 48.0000	480.0000	  0.1867	  0.5631	  1.1397
 64.0000	480.0000	  0.1535	  0.1218	  1.9413
 80.0000	480.0000	  0.1199	 -0.0165	  1.8326
 96.0000	480.0000	  0.0562	 -0.2113	  1.4123
112.0000	480.0000	  0.0403	 -0.2181	  2.3425
128.0000	480.0000	  0.1568	 -0.0010	  2.5777
144.0000	480.0000	  0.0949	 -0.0016	  2.5308
160.0000	480.0000	  0.0241	 -0.0034	  3.1855
176.0000	480.0000	  0.0405	 -0.0029	  3.1975
192.0000	480.0000	  0.1517	 -0.0011	  2.1204
208.0000	480.0000	  0.2396	  0.0034	  2.4024
224.0000	480.0000	 -0.0247	 -0.0699	  3.1076
240.0000	480.0000	 -0.0403	 -0.1839	  2.3899
256.0000	480.0000	  0.0066	 -0.0966	  2.6059
272.0000	480.0000	  0.1009	 -0.0186	  3.0532
288.0000	480.0000	 -0.0026	 -0.0314	  2.4044
304.0000	480.0000	 -0.1411	 -0.0622	  1.8338
320.0000	480.0000	  0.0254	 -0.0615	  1.9917
336.0000	480.0000	  0.1131	 -0.0049	  2.6571
352.0000	480.0000	  0.0960	 -0.0539	  4.2431
368.0000	480.0000	  0.0696	 -0.0540	  3.3823
384.0000	480.0000	  0.0652	  0.0333	  4.2806
400.0000	480.0000	  0.0379	  0.0518	  2.9949
416.0000	480.0000	  0.0751	  0.1269	  2.0986
432.0000	480.0000	  0.2391	  0.0664	  2.9411
448.0000	480.0000	  0.0753	  0.0032	  2.6840
464.0000	480.0000	 -0.0591	  0.0054	  1.9719
480.0000	480.0000	  0.0000	 -0.0221	  3.1625
496.0000	480.0000	  0.0153	 -0.0313	  4.1555
 16.0000	496.0000	  0.0109	  0.0186	  3.4754
 32.0000	496.0000	  0.0044	  0.0343	  1.2070
 48.0000	496.0000	  0.0000	  0.0190	  1.4933
 64.0000	496.0000	  0.0089	  0.0110	  1.7338
 80.0000	496.0000	  0.0004	  0.0159	  1.5550
 96.0000	496.0000	 -0.0068	  0.0001	  2.1510
112.0000	496.0000	  0.1505	  0.0072	  3.6117
128.0000	496.0000	 -0.0084	  0.0069	  2.2704
144.0000	496.0000	 -0.1191	  0.0050	  3.1449
160.0000	496.0000	  0.0011	  0.0054	  3.0142
176.0000	496.0000	  0.0112	 -0.0000	  1.3209
192.0000	496.0000	 -0.0051	  0.0001	  1.4137
208.0000	496.0000	 -0.0191	  0.0061	  2.2201
224.0000	496.0000	  0.0025	  0.0095	  2.6582
240.0000	496.0000	  0.0051	  0.0032	  2.6599
256.0000	496.0000	  0.0019	  0.0039	  4.9166
272.0000	496.0000	  0.0288	  0.0029	  3.7882
288.0000	496.0000	  0.0367	  0.0015	  2.1137
304.0000	496.0000	 -0.0369	  0.0014	  3.0558
320.0000	496.0000	 -0.0376	 -0.0000	  1.6500
336.0000	496.0000	  0.0393	  0.0020	  2.2903
352.0000	496.0000	  0.0068	  0.0024	  3.3600
368.0000	496.0000	 -0.0371	  0.0005	  2.8502
384.0000	496.0000	  0.0115	  0.0059	  2.9692
400.0000	496.0000	  0.0597	  0.0070	  2.4394
416.0000	496.0000	 -0.0555	  0.0445	  1.5424
432.0000	496.0000	 -0.1661	  0.2629	  1.6956
448.0000	496.0000	  0.1106	  0.1586	  1.2158
464.0000	496.0000	  0.0002	  0.0322	  2.8346
480.0000	496.0000	 -0.0326	  0.0189	  3.3446
496.0000	496.0000	 -0.0053	  0.0115	  3.3373
