 16.0000	496.0000	  0.0000	  0.0000	  0.0000
 32.0000	496.0000	  0.0000	 -0.0000	  0.0000
 48.0000	496.0000	  0.0000	 -0.0000	  0.0000
 64.0000	496.0000	  0.2468	 -0.0113	  0.0000
 80.0000	496.0000	  0.0000	 -0.0000	  0.0000
 96.0000	496.0000	  0.1855	 -0.0021	  0.0000
112.0000	496.0000	  0.0000	 -0.0000	  0.0000
128.0000	496.0000	  0.2801	 -0.0180	  0.0000
144.0000	496.0000	  0.0000	 -0.0000	  0.0000
160.0000	496.0000	  0.0995	 -0.0068	  0.0000
176.0000	496.0000	  0.0000	 -0.0000	  0.0000
192.0000	496.0000	  0.5841	 -0.0109	  0.0000
208.0000	496.0000	  0.0000	 -0.0000	  0.0000
224.0000	496.0000	  0.2975	 -0.0075	  0.0000
240.0000	496.0000	  0.0000	 -0.0000	  0.0000
256.0000	496.0000	  0.5560	 -0.0142	  0.0000
272.0000	496.0000	  0.0000	 -0.0000	  0.0000
288.0000	496.0000	  0.0000	 -0.0000	  0.0000
304.0000	496.0000	  0.0000	 -0.0000	  0.0000
320.0000	496.0000	  0.4278	 -0.0133	  0.0000
336.0000	496.0000	  0.0000	 -0.0000	  0.0000
352.0000	496.0000	  0.3088	 -0.0000	  0.0000
368.0000	496.0000	  0.0000	 -0.0000	  0.0000
384.0000	496.0000	  0.0000	 -0.0000	  0.0000
400.0000	496.0000	  0.0000	 -0.0000	  0.0000
416.0000	496.0000	  0.0000	 -0.0000	  0.0000
432.0000	496.0000	  0.0000	 -0.0000	  0.0000
448.0000	496.0000	  0.0000	 -0.0000	  0.0000
464.0000	496.0000	  0.0000	 -0.0000	  0.0000
480.0000	496.0000	  0.0000	 -0.0000	  0.0000
496.0000	496.0000	  0.0000	 -0.0000	  0.0000
 16.0000	480.0000	  0.2736	 -0.7775	  0.0000
 32.0000	480.0000	  0.4773	 -0.5160	  0.0000
 48.0000	480.0000	  0.0433	  0.0160	  0.0000
 64.0000	480.0000	  0.2667	 -0.0107	  0.0000
 80.0000	480.0000	  0.0142	  0.0004	  0.0000
 96.0000	480.0000	  0.1986	 -0.0021	  0.0000
112.0000	480.0000	  0.0380	  0.0057	  0.0000
128.0000	480.0000	  0.3024	 -0.0130	  0.0000
144.0000	480.0000	  0.0028	 -0.0000	  0.0000
160.0000	480.0000	  0.1030	 -0.0068	  0.0000
176.0000	480.0000	  0.0413	 -0.0020	  0.0000
192.0000	480.0000	  0.6447	 -0.0132	  0.0000
208.0000	480.0000	  0.0000	 -0.0000	  0.0000
224.0000	480.0000	  0.2975	 -0.0075	  0.0000
240.0000	480.0000	  0.0544	  0.0014	  0.0000
256.0000	480.0000	  0.5967	 -0.0120	  0.0000
272.0000	480.0000	  0.0016	  0.0015	  0.0000
288.0000	480.0000	  0.0938	 -0.9809	  0.0000
304.0000	480.0000	  0.0020	  0.0002	  0.0000
320.0000	480.0000	  0.4283	 -0.0131	  0.0000
336.0000	480.0000	  0.0001	  0.0001	  0.0000
352.0000	480.0000	  0.3135	  0.0001	  0.0000
368.0000	480.0000	  0.0045	  0.0003	  0.0000
384.0000	480.0000	  0.4995	 -0.9514	  0.0000
400.0000	480.0000	  0.0028	 -0.0001	  0.0000
416.0000	480.0000	  0.4241	 -0.9220	  0.0000
432.0000	480.0000	 -0.0000	 -0.0000	  0.0000
448.0000	480.0000	  0.4171	 -0.6463	  0.0000
464.0000	480.0000	  0.0348	 -0.0016	  0.0000
480.0000	480.0000	  0.5123	 -0.7491	  0.0000
496.0000	480.0000	  0.0813	  0.0014	  0.0000
 16.0000	464.0000	  0.4249	  0.0698	  0.0000
 32.0000	464.0000	  0.8914	 -0.0081	  0.0000
 48.0000	464.0000	  0.9077	 -0.2076	  0.0000
 64.0000	464.0000	  1.3760	  0.0501	  0.0000
 80.0000	464.0000	  1.4091	 -0.2213	  0.0000
 96.0000	464.0000	  0.6614	 -0.0005	  0.0000
112.0000	464.0000	  0.7671	 -0.8582	  0.0000
128.0000	464.0000	  0.8515	  0.0073	  0.0000
144.0000	464.0000	  0.9432	 -0.6127	  0.0000
160.0000	464.0000	  1.7569	  0.0224	  0.0000
176.0000	464.0000	  1.8982	 -0.9451	  0.0000
192.0000	464.0000	  1.7687	  0.0172	  0.0000
208.0000	464.0000	  1.5449	 -0.8315	  0.0000
224.0000	464.0000	  0.6727	  0.0050	  0.0000
240.0000	464.0000	  1.4366	 -1.0051	  0.0000
256.0000	464.0000	  0.3405	 -0.0108	  0.0000
272.0000	464.0000	  0.6349	 -0.8852	  0.0000
288.0000	464.0000	  0.2790	  0.0177	  0.0000
304.0000	464.0000	  0.4722	 -0.9208	  0.0000
320.0000	464.0000	  0.2804	 -0.0163	  0.0000
336.0000	464.0000	  1.2306	 -0.9643	  0.0000
352.0000	464.0000	  0.9086	 -0.0003	  0.0000
368.0000	464.0000	  1.7722	 -0.2100	  0.0000
384.0000	464.0000	  2.4893	  0.0211	  0.0000
400.0000	464.0000	  2.4045	 -0.2141	  0.0000
416.0000	464.0000	  2.1701	 -0.2164	  1.0000
432.0000	464.0000	  2.1204	 -0.1422	  0.0000
448.0000	464.0000	  1.6661	 -0.5303	  0.0000
464.0000	464.0000	  1.6648	 -0.2586	  0.0000
480.0000	464.0000	  1.6281	 -0.0121	  0.0000
496.0000	464.0000	  1.1843	 -0.0168	  0.0000
 16.0000	448.0000	  2.5076	 -0.0826	  1.0000
 32.0000	448.0000	  2.8373	 -0.2961	  1.0000
 48.0000	448.0000	  4.3806	 -0.0052	  0.0000
 64.0000	448.0000	  3.2768	 -1.0799	  0.0000
 80.0000	448.0000	  1.7538	  0.0009	  0.0000
 96.0000	448.0000	  1.9633	 -0.8801	  0.0000
112.0000	448.0000	  2.7430	 -0.4820	  1.0000
128.0000	448.0000	  3.3275	 -1.0211	  0.0000
144.0000	448.0000	  3.9275	 -0.0279	  0.0000
160.0000	448.0000	  4.5089	 -0.9409	  0.0000
176.0000	448.0000	  4.0179	 -0.0076	  0.0000
192.0000	448.0000	  3.5196	 -1.0069	  0.0000
208.0000	448.0000	  4.0616	  0.0225	  0.0000
224.0000	448.0000	  4.4265	 -0.8525	  0.0000
240.0000	448.0000	  2.3736	  0.0179	  0.0000
256.0000	448.0000	  3.3522	 -0.9415	  0.0000
272.0000	448.0000	  3.1820	  0.0067	  0.0000
288.0000	448.0000	  2.5428	 -1.0027	  0.0000
304.0000	448.0000	  3.1960	 -0.4314	  1.0000
320.0000	448.0000	  3.1369	 -0.7407	  0.0000
336.0000	448.0000	  3.9223	  0.0112	  0.0000
352.0000	448.0000	  2.7070	 -0.9760	  0.0000
368.0000	448.0000	  2.8220	  0.0127	  0.0000
384.0000	448.0000	  2.5466	 -0.9585	  0.0000
400.0000	448.0000	  3.2863	 -0.0102	  0.0000
416.0000	448.0000	  4.0948	  0.0036	  0.0000
432.0000	448.0000	  3.0563	 -0.5612	  0.0000
448.0000	448.0000	  3.1613	 -0.1349	  0.0000
464.0000	448.0000	  2.9313	 -0.6875	  0.0000
480.0000	448.0000	  2.2239	 -0.1184	  0.0000
496.0000	448.0000	  1.8228	  0.0000	  0.0000
 16.0000	432.0000	  5.5142	 -0.1068	  0.0000
 32.0000	432.0000	  5.4611	 -0.0645	  0.0000
 48.0000	432.0000	  5.5330	 -0.2323	  0.0000
 64.0000	432.0000	  5.5893	  0.0550	  0.0000
 80.0000	432.0000	  6.0036	 -0.5195	  0.0000
 96.0000	432.0000	  6.1439	 -0.4995	  0.0000
112.0000	432.0000	  5.4343	 -0.2480	  0.0000
128.0000	432.0000	  5.5627	  0.0818	  0.0000
144.0000	432.0000	  5.4839	 -0.8089	  0.0000
160.0000	432.0000	  4.9788	  0.0096	  0.0000
176.0000	432.0000	  4.8969	 -0.9193	  0.0000
192.0000	432.0000	  5.4442	  0.0428	  0.0000
208.0000	432.0000	  5.6841	 -0.1976	  0.0000
224.0000	432.0000	  5.1207	 -0.0408	  0.0000
240.0000	432.0000	  5.3226	 -0.2267	  0.0000
256.0000	432.0000	  4.6579	  0.0031	  0.0000
272.0000	432.0000	  4.9218	 -0.2302	  0.0000
288.0000	432.0000	  4.7856	  0.0014	  0.0000
304.0000	432.0000	  4.3098	 -0.2070	  0.0000
320.0000	432.0000	  5.4853	 -0.0226	  0.0000
336.0000	432.0000	  5.9077	 -0.9611	  0.0000
352.0000	432.0000	  4.4683	 -0.0292	  0.0000
368.0000	432.0000	  4.4215	 -0.2571	  0.0000
384.0000	432.0000	  4.8001	  0.0030	  0.0000
400.0000	432.0000	  4.6174	 -0.2303	  0.0000
416.0000	432.0000	  3.7836	 -0.0019	  0.0000
432.0000	432.0000	  4.5612	 -0.2706	  0.0000
448.0000	432.0000	  3.7587	 -0.5295	  0.0000
464.0000	432.0000	  5.1814	 -0.2477	  0.0000
480.0000	432.0000	  5.1728	  0.0035	  0.0000
496.0000	432.0000	  5.5371	  0.0082	  0.0000
 16.0000	416.0000	  6.7354	 -0.0951	  0.0000
 32.0000	416.0000	  7.4609	 -0.0955	  0.0000
 48.0000	416.0000	  6.4153	 -0.0270	  0.0000
 64.0000	416.0000	  6.6161	 -0.0960	  0.0000
 80.0000	416.0000	  6.7066	 -0.5038	  0.0000
 96.0000	416.0000	  7.1094	 -0.0605	  0.0000
112.0000	416.0000	  6.7486	 -0.5049	  0.0000
128.0000	416.0000	  6.9159	 -0.9892	  0.0000
144.0000	416.0000	  6.5918	  0.0007	  0.0000
160.0000	416.0000	  7.0371	 -0.9247	  0.0000
176.0000	416.0000	  5.8643	  0.1005	  0.0000
192.0000	416.0000	  6.5019	 -0.8750	  0.0000
208.0000	416.0000	  6.8621	  0.0016	  0.0000
224.0000	416.0000	  7.0047	 -0.9972	  0.0000
240.0000	416.0000	  7.1359	 -0.0058	  0.0000
256.0000	416.0000	  6.8293	 -0.0030	  0.0000
272.0000	416.0000	  7.0512	 -0.0060	  0.0000
288.0000	416.0000	  7.8777	 -0.9999	  0.0000
304.0000	416.0000	  7.8135	  0.0002	  0.0000
320.0000	416.0000	  7.4857	 -0.0614	  0.0000
336.0000	416.0000	  6.7523	 -0.0010	  0.0000
352.0000	416.0000	  7.8113	  0.0115	  0.0000
368.0000	416.0000	  7.4627	 -0.2132	  1.0000
384.0000	416.0000	  7.4585	 -0.8633	  0.0000
400.0000	416.0000	  7.8288	 -0.0001	  0.0000
416.0000	416.0000	  8.0646	 -0.8640	  0.0000
432.0000	416.0000	  7.5064	  0.0075	  0.0000
448.0000	416.0000	  7.3381	 -0.9194	  0.0000
464.0000	416.0000	  7.3722	  0.0068	  0.0000
480.0000	416.0000	  6.7556	 -0.0231	  0.0000
496.0000	416.0000	  6.2005	  0.0007	  0.0000
 16.0000	400.0000	  8.5819	  0.0185	  0.0000
 32.0000	400.0000	  8.3839	  0.0100	  0.0000
 48.0000	400.0000	  8.7229	 -0.6076	  0.0000
 64.0000	400.0000	  8.2845	 -0.2064	  0.0000
 80.0000	400.0000	  9.7559	 -0.5309	  0.0000
 96.0000	400.0000	  9.0288	 -0.5321	  0.0000
112.0000	400.0000	  9.3160	 -0.5174	  0.0000
128.0000	400.0000	  9.2875	 -0.4908	  0.0000
144.0000	400.0000	  9.1443	 -0.2382	  0.0000
160.0000	400.0000	  9.4482	 -0.0020	  0.0000
176.0000	400.0000	  9.9680	 -0.2459	  0.0000
192.0000	400.0000	  8.6657	 -0.4980	  0.0000
208.0000	400.0000	  8.3087	 -0.4979	  0.0000
224.0000	400.0000	  8.6583	 -0.0069	  0.0000
240.0000	400.0000	  8.4245	 -0.5096	  0.0000
256.0000	400.0000	  8.4259	 -0.0040	  0.0000
272.0000	400.0000	  9.0446	 -0.4963	  0.0000
288.0000	400.0000	  9.2637	  0.0131	  0.0000
304.0000	400.0000	  8.6320	 -0.5032	  0.0000
320.0000	400.0000	  8.3587	  0.0020	  0.0000
336.0000	400.0000	  8.4200	 -0.2497	  0.0000
352.0000	400.0000	  9.0529	  0.0044	  0.0000
368.0000	400.0000	  8.8822	 -0.9923	  0.0000
384.0000	400.0000	  8.2514	  0.0032	  0.0000
400.0000	400.0000	  8.5461	  0.0681	  0.0000
416.0000	400.0000	  7.8853	  0.0684	  0.0000
432.0000	400.0000	  8.2469	  0.0055	  0.0000
448.0000	400.0000	  7.4776	  0.0103	  0.0000
464.0000	400.0000	  8.4621	 -0.0120	  0.0000
480.0000	400.0000	  9.2643	 -0.0386	  0.0000
496.0000	400.0000	  8.5918	 -0.0710	  0.0000
 16.0000	384.0000	 10.9619	 -0.9103	  0.0000
 32.0000	384.0000	 10.5164	 -0.8968	  0.0000
 48.0000	384.0000	 10.0140	  0.1251	  0.0000
 64.0000	384.0000	 10.7677	 -0.8478	  0.0000
 80.0000	384.0000	 10.7080	  0.0406	  0.0000
 96.0000	384.0000	 10.3177	 -1.0102	  0.0000
112.0000	384.0000	  9.2852	 -0.5197	  0.0000
128.0000	384.0000	 10.7439	 -0.0392	  0.0000
144.0000	384.0000	 10.0420	 -0.5131	  0.0000
160.0000	384.0000	  9.7896	 -0.0951	  0.0000
176.0000	384.0000	  9.7077	 -0.5490	  0.0000
192.0000	384.0000	  8.9421	 -0.0516	  0.0000
208.0000	384.0000	 10.0370	 -0.5004	  0.0000
224.0000	384.0000	  9.8715	 -0.0057	  0.0000
240.0000	384.0000	 10.5392	  0.0325	  0.0000
256.0000	384.0000	 10.5024	 -0.9896	  0.0000
272.0000	384.0000	  9.4901	 -0.0352	  0.0000
288.0000	384.0000	 10.4766	 -0.0742	  0.0000
304.0000	384.0000	 10.4881	 -0.0366	  0.0000
320.0000	384.0000	 10.1855	 -0.9792	  0.0000
336.0000	384.0000	  9.1546	  0.0035	  0.0000
352.0000	384.0000	  9.8032	 -0.9384	  0.0000
368.0000	384.0000	 10.1755	 -0.0100	  0.0000
384.0000	384.0000	 10.4603	 -0.0931	  0.0000
400.0000	384.0000	 10.4371	 -0.0771	  0.0000
416.0000	384.0000	 10.4081	 -0.1935	  0.0000
432.0000	384.0000	 10.3548	  0.0089	  0.0000
448.0000	384.0000	 10.5416	 -0.0654	  0.0000
464.0000	384.0000	 10.0043	  0.0101	  0.0000
480.0000	384.0000	  9.9641	 -0.0100	  0.0000
496.0000	384.0000	 10.4476	  0.0014	  1.0000
 16.0000	368.0000	 10.9506	  0.0085	  0.0000
 32.0000	368.0000	 10.8715	 -0.0032	  0.0000
 48.0000	368.0000	 11.1320	 -0.4545	  0.0000
 64.0000	368.0000	 11.2421	 -0.0048	  0.0000
 80.0000	368.0000	 11.0503	 -0.4421	  0.0000
 96.0000	368.0000	 11.5914	  0.0259	  0.0000
112.0000	368.0000	 11.0755	 -0.4915	  0.0000
128.0000	368.0000	 11.5467	 -0.5053	  0.0000
144.0000	368.0000	 11.6864	 -0.2519	  0.0000
160.0000	368.0000	 11.3780	  0.0219	  0.0000
176.0000	368.0000	 11.6867	 -0.2451	  0.0000
192.0000	368.0000	 11.5777	 -0.5117	  0.0000
208.0000	368.0000	 12.0699	 -0.5017	  0.0000
224.0000	368.0000	 11.1543	 -0.0241	  0.0000
240.0000	368.0000	 12.1349	 -0.4831	  0.0000
256.0000	368.0000	 11.2070	 -0.0031	  0.0000
272.0000	368.0000	 11.8272	 -0.4432	  0.0000
288.0000	368.0000	 11.4154	  0.0056	  0.0000
304.0000	368.0000	 11.2660	 -0.4841	  0.0000
320.0000	368.0000	 11.4951	 -0.0043	  0.0000
336.0000	368.0000	 11.7993	 -0.2334	  0.0000
352.0000	368.0000	 11.5584	 -0.0506	  0.0000
368.0000	368.0000	 12.2431	 -0.0729	  0.0000
384.0000	368.0000	 11.4386	 -0.0003	  0.0000
400.0000	368.0000	 11.7375	 -0.0734	  0.0000
416.0000	368.0000	 11.6386	 -0.0342	  0.0000
432.0000	368.0000	 11.5076	 -0.0700	  0.0000
448.0000	368.0000	 10.8664	  0.0093	  0.0000
464.0000	368.0000	 11.6435	 -0.0357	  0.0000
480.0000	368.0000	 10.9068	 -0.0134	  0.0000
496.0000	368.0000	 10.8965	 -0.0036	  0.0000
 16.0000	352.0000	 12.8558	 -0.0263	  0.0000
 32.0000	352.0000	 12.5382	 -0.0395	  0.0000
 48.0000	352.0000	 12.5289	  0.0075	  0.0000
 64.0000	352.0000	 12.3744	  0.0215	  0.0000
 80.0000	352.0000	 12.1036	 -0.0459	  0.0000
 96.0000	352.0000	 12.5757	 -0.9781	  0.0000
112.0000	352.0000	 12.4112	  0.0252	  0.0000
128.0000	352.0000	 12.7302	 -0.9728	  0.0000
144.0000	352.0000	 12.6130	 -0.0144	  0.0000
160.0000	352.0000	 12.9621	 -0.7565	  0.0000
176.0000	352.0000	 12.9867	 -0.0146	  0.0000
192.0000	352.0000	 13.0122	 -0.9617	  0.0000
208.0000	352.0000	 12.2700	  0.0028	  0.0000
224.0000	352.0000	 12.8516	 -0.9369	  0.0000
240.0000	352.0000	 12.8026	  0.0404	  0.0000
256.0000	352.0000	 12.2062	 -0.8046	  0.0000
272.0000	352.0000	 12.8320	  0.0336	  0.0000
288.0000	352.0000	 12.7890	 -0.9127	  0.0000
304.0000	352.0000	 12.0076	  0.0089	  0.0000
320.0000	352.0000	 12.1609	 -0.9818	  0.0000
336.0000	352.0000	 11.9696	 -0.0089	  0.0000
352.0000	352.0000	 12.5657	 -0.1422	  0.0000
368.0000	352.0000	 12.1867	 -0.0599	  0.0000
384.0000	352.0000	 12.4111	 -0.0448	  0.0000
400.0000	352.0000	 11.9290	 -0.0035	  0.0000
416.0000	352.0000	 12.5233	 -0.0763	  0.0000
432.0000	352.0000	 12.4893	 -0.0330	  0.0000
448.0000	352.0000	 13.1859	 -0.0300	  0.0000
464.0000	352.0000	 12.7435	 -0.0130	  0.0000
480.0000	352.0000	 13.3850	 -0.0423	  0.0000
496.0000	352.0000	 12.6460	 -0.0329	  0.0000
 16.0000	336.0000	 13.2097	  0.0157	  0.0000
 32.0000	336.0000	 13.1088	 -0.0031	  0.0000
 48.0000	336.0000	 13.2818	 -0.0611	  0.0000
 64.0000	336.0000	 13.6716	 -0.0130	  0.0000
 80.0000	336.0000	 13.3549	 -0.2658	  0.0000
 96.0000	336.0000	 13.3015	  0.0042	  0.0000
112.0000	336.0000	 13.7646	 -0.2412	  0.0000
128.0000	336.0000	 13.6342	 -0.0102	  0.0000
144.0000	336.0000	 14.1091	 -0.8373	  0.0000
160.0000	336.0000	 13.3785	  0.0166	  0.0000
176.0000	336.0000	 13.7710	 -0.9454	  0.0000
192.0000	336.0000	 13.5121	  0.0064	  0.0000
208.0000	336.0000	 12.9706	 -0.2776	  0.0000
224.0000	336.0000	 14.1487	 -0.0087	  0.0000
240.0000	336.0000	 13.5833	 -0.2198	  0.0000
256.0000	336.0000	 13.0263	 -0.0227	  0.0000
272.0000	336.0000	 13.5278	 -0.2673	  0.0000
288.0000	336.0000	 13.3887	 -0.0073	  0.0000
304.0000	336.0000	 13.7384	 -0.2484	  0.0000
320.0000	336.0000	 13.2706	 -0.0175	  0.0000
336.0000	336.0000	 13.6953	 -0.0058	  0.0000
352.0000	336.0000	 13.6723	  0.0288	  0.0000
368.0000	336.0000	 13.3768	 -0.0022	  0.0000
384.0000	336.0000	 13.8495	 -0.0169	  0.0000
400.0000	336.0000	 13.1834	 -0.0274	  0.0000
416.0000	336.0000	 13.4884	 -0.0055	  0.0000
432.0000	336.0000	 13.2916	 -0.0126	  0.0000
448.0000	336.0000	 12.9769	  0.0088	  0.0000
464.0000	336.0000	 13.3749	 -0.0098	  0.0000
480.0000	336.0000	 13.6959	  0.0069	  0.0000
496.0000	336.0000	 13.0137	  0.0053	  0.0000
 16.0000	320.0000	 13.9920	 -0.1051	  0.0000
 32.0000	320.0000	 14.1043	 -0.0892	  0.0000
 48.0000	320.0000	 13.9012	  0.0001	  0.0000
 64.0000	320.0000	 14.3251	 -0.0650	  0.0000
 80.0000	320.0000	 14.0014	  0.0043	  0.0000
 96.0000	320.0000	 14.1799	 -0.0014	  0.0000
112.0000	320.0000	 14.0457	  0.0035	  0.0000
128.0000	320.0000	 14.5019	 -0.0294	  0.0000
144.0000	320.0000	 14.6334	  0.0302	  0.0000
160.0000	320.0000	 15.0154	 -0.7809	  0.0000
176.0000	320.0000	 13.9241	  0.0007	  0.0000
192.0000	320.0000	 14.5582	 -0.0212	  0.0000
208.0000	320.0000	 14.1144	 -0.0147	  0.0000
224.0000	320.0000	 14.5847	 -0.0475	  0.0000
240.0000	320.0000	 13.9208	 -0.0015	  0.0000
256.0000	320.0000	 14.2578	  0.0085	  0.0000
272.0000	320.0000	 14.1410	  0.0159	  0.0000
288.0000	320.0000	 14.1401	 -0.0083	  0.0000
304.0000	320.0000	 14.0978	 -0.0002	  0.0000
320.0000	320.0000	 14.4182	 -0.0088	  0.0000
336.0000	320.0000	 14.6812	 -0.0052	  0.0000
352.0000	320.0000	 14.8397	 -0.9609	  0.0000
368.0000	320.0000	 13.8694	 -0.0010	  0.0000
384.0000	320.0000	 14.6914	 -0.9480	  0.0000
400.0000	320.0000	 14.0506	  0.0143	  0.0000
416.0000	320.0000	 15.1187	 -0.9268	  0.0000
432.0000	320.0000	 14.5248	 -0.0138	  0.0000
448.0000	320.0000	 13.8224	 -0.7774	  0.0000
464.0000	320.0000	 13.9701	  0.0152	  0.0000
480.0000	320.0000	 14.6157	 -0.0141	  0.0000
496.0000	320.0000	 13.8572	 -0.0079	  0.0000
 16.0000	304.0000	 15.0863	  0.0121	  0.0000
 32.0000	304.0000	 15.2784	  0.0104	  0.0000
 48.0000	304.0000	 15.6707	 -0.0390	  0.0000
 64.0000	304.0000	 14.9832	 -0.0651	  0.0000
 80.0000	304.0000	 15.4636	 -0.0274	  0.0000
 96.0000	304.0000	 15.1421	 -0.0028	  0.0000
112.0000	304.0000	 15.3128	 -0.0224	  0.0000
128.0000	304.0000	 15.1371	 -0.0043	  0.0000
144.0000	304.0000	 15.3982	 -0.0700	  0.0000
160.0000	304.0000	 14.6393	 -0.0409	  0.0000
176.0000	304.0000	 14.9056	 -0.0107	  0.0000
192.0000	304.0000	 14.5316	  0.0022	  0.0000
208.0000	304.0000	 15.0867	  0.0243	  0.0000
224.0000	304.0000	 14.3447	  0.0014	  0.0000
240.0000	304.0000	 15.2286	 -0.0470	  0.0000
256.0000	304.0000	 14.8264	 -0.0076	  0.0000
272.0000	304.0000	 15.6834	 -0.0107	  0.0000
288.0000	304.0000	 15.1202	 -0.0085	  0.0000
304.0000	304.0000	 15.2471	 -0.0146	  0.0000
320.0000	304.0000	 14.4775	  0.0016	  0.0000
336.0000	304.0000	 15.0944	 -0.9884	  0.0000
352.0000	304.0000	 14.3905	 -0.0070	  0.0000
368.0000	304.0000	 15.1643	 -0.9433	  0.0000
384.0000	304.0000	 15.0358	  0.0068	  0.0000
400.0000	304.0000	 15.0693	 -0.9727	  0.0000
416.0000	304.0000	 14.4768	  0.0353	  0.0000
432.0000	304.0000	 15.2615	 -0.9830	  0.0000
448.0000	304.0000	 14.5881	 -0.0119	  0.0000
464.0000	304.0000	 15.0389	 -0.0144	  0.0000
480.0000	304.0000	 15.1411	  0.0040	  0.0000
496.0000	304.0000	 14.7978	  0.0068	  0.0000
 16.0000	288.0000	 15.4577	 -0.8290	  0.0000
 32.0000	288.0000	 15.4671	 -0.8260	  0.0000
 48.0000	288.0000	 15.0323	 -0.0021	  0.0000
 64.0000	288.0000	 15.6792	 -1.0419	  0.0000
 80.0000	288.0000	 15.0966	 -0.0251	  0.0000
 96.0000	288.0000	 15.5751	 -0.0005	  0.0000
112.0000	288.0000	 14.9889	  0.0114	  0.0000
128.0000	288.0000	 15.1176	 -0.0604	  0.0000
144.0000	288.0000	 15.1146	 -0.0354	  0.0000
160.0000	288.0000	 15.7231	 -0.0357	  0.0000
176.0000	288.0000	 15.2618	 -0.0057	  0.0000
192.0000	288.0000	 15.4933	 -0.9735	  0.0000
208.0000	288.0000	 15.1147	  0.0029	  0.0000
224.0000	288.0000	 15.6129	 -0.6956	  0.0000
240.0000	288.0000	 15.0863	 -0.0052	  0.0000
256.0000	288.0000	 15.7667	 -0.9789	  0.0000
272.0000	288.0000	 15.0416	 -0.0009	  0.0000
288.0000	288.0000	 15.4322	 -0.0025	  0.0000
304.0000	288.0000	 15.3569	 -0.0005	  0.0000
320.0000	288.0000	 15.7144	 -0.0028	  0.0000
336.0000	288.0000	 15.4473	 -0.0016	  0.0000
352.0000	288.0000	 15.6451	 -0.9831	  0.0000
368.0000	288.0000	 15.4027	  0.0116	  0.0000
384.0000	288.0000	 15.8440	 -0.9361	  0.0000
400.0000	288.0000	 15.6137	  0.0065	  0.0000
416.0000	288.0000	 15.3587	 -0.0178	  0.0000
432.0000	288.0000	 15.4820	 -0.0133	  0.0000
448.0000	288.0000	 15.8576	 -0.9926	  0.0000
464.0000	288.0000	 14.8413	 -0.0123	  0.0000
480.0000	288.0000	 15.9713	 -0.0129	  0.0000
496.0000	288.0000	 14.9706	 -0.0115	  0.0000
 16.0000	272.0000	 15.2454	  0.0473	  0.0000
 32.0000	272.0000	 15.2892	 -0.0021	  0.0000
 48.0000	272.0000	 15.6911	 -0.4750	  0.0000
 64.0000	272.0000	 15.3480	 -0.0001	  0.0000
 80.0000	272.0000	 15.9688	 -0.2399	  0.0000
 96.0000	272.0000	 15.2360	  0.0480	  0.0000
112.0000	272.0000	 15.9860	 -0.0060	  0.0000
128.0000	272.0000	 15.8361	 -0.0322	  0.0000
144.0000	272.0000	 15.9122	 -0.0565	  0.0000
160.0000	272.0000	 15.2686	 -0.0001	  0.0000
176.0000	272.0000	 15.8751	 -0.0175	  0.0000
192.0000	272.0000	 15.3102	 -0.0037	  0.0000
208.0000	272.0000	 15.6473	 -0.0112	  0.0000
224.0000	272.0000	 15.4216	 -0.0315	  0.0000
240.0000	272.0000	 15.8006	  0.0150	  0.0000
256.0000	272.0000	 15.4026	  0.0299	  0.0000
272.0000	272.0000	 15.6780	  0.0088	  0.0000
288.0000	272.0000	 15.8070	  0.0095	  0.0000
304.0000	272.0000	 15.3404	 -0.0068	  0.0000
320.0000	272.0000	 15.4150	 -0.0093	  0.0000
336.0000	272.0000	 15.6975	 -0.0092	  0.0000
352.0000	272.0000	 15.2689	  0.0031	  0.0000
368.0000	272.0000	 15.7303	 -0.2335	  0.0000
384.0000	272.0000	 15.4170	  0.0053	  0.0000
400.0000	272.0000	 15.5465	 -0.2356	  0.0000
416.0000	272.0000	 15.8195	  0.0020	  0.0000
432.0000	272.0000	 15.3750	 -0.2240	  0.0000
448.0000	272.0000	 15.3914	  0.0218	  0.0000
464.0000	272.0000	 15.7445	 -0.2329	  0.0000
480.0000	272.0000	 15.8866	 -0.0126	  0.0000
496.0000	272.0000	 15.1898	 -0.0225	  0.0000
 16.0000	256.0000	 15.6858	 -0.8900	  0.0000
 32.0000	256.0000	 15.7193	 -0.9356	  0.0000
 48.0000	256.0000	 15.2755	  0.0004	  0.0000
 64.0000	256.0000	 15.8474	 -0.9421	  0.0000
 80.0000	256.0000	 15.4200	  0.0397	  0.0000
 96.0000	256.0000	 16.3549	 -0.8639	  0.0000
112.0000	256.0000	 15.9811	  0.0383	  0.0000
128.0000	256.0000	 15.8499	 -0.0047	  0.0000
144.0000	256.0000	 15.9616	 -0.0005	  0.0000
160.0000	256.0000	 16.2240	  0.0008	  0.0000
176.0000	256.0000	 15.4303	  0.0105	  0.0000
192.0000	256.0000	 15.8397	 -0.0175	  0.0000
208.0000	256.0000	 15.3176	 -0.0027	  0.0000
224.0000	256.0000	 15.8405	 -0.0389	  0.0000
240.0000	256.0000	 15.3657	 -0.0044	  0.0000
256.0000	256.0000	 15.8519	  0.0182	  0.0000
272.0000	256.0000	 15.8705	  0.0109	  0.0000
288.0000	256.0000	 15.8878	  0.0116	  0.0000
304.0000	256.0000	 15.3332	  0.0006	  0.0000
320.0000	256.0000	 15.7854	 -0.0116	  0.0000
336.0000	256.0000	 15.8865	 -0.0081	  0.0000
352.0000	256.0000	 15.7439	 -0.0048	  0.0000
368.0000	256.0000	 15.9690	 -0.0004	  0.0000
384.0000	256.0000	 15.7839	 -0.9692	  0.0000
400.0000	256.0000	 15.4960	  0.0336	  0.0000
416.0000	256.0000	 15.4707	  0.0452	  0.0000
432.0000	256.0000	 15.2437	  0.0377	  0.0000
448.0000	256.0000	 15.7953	 -0.9217	  0.0000
464.0000	256.0000	 15.8695	  0.0093	  0.0000
480.0000	256.0000	 15.7944	 -0.0070	  0.0000
496.0000	256.0000	 15.4662	 -0.0079	  0.0000
 16.0000	240.0000	 15.3181	 -0.0320	  0.0000
 32.0000	240.0000	 15.2171	 -0.0360	  0.0000
 48.0000	240.0000	 15.7532	 -0.4793	  0.0000
 64.0000	240.0000	 15.2542	  0.0001	  0.0000
 80.0000	240.0000	 15.9908	 -0.4752	  0.0000
 96.0000	240.0000	 15.4686	  0.0276	  0.0000
112.0000	240.0000	 16.1440	 -0.2011	  0.0000
128.0000	240.0000	 15.7787	  0.0054	  0.0000
144.0000	240.0000	 16.1185	 -0.9047	  0.0000
160.0000	240.0000	 15.3215	  0.0246	  0.0000
176.0000	240.0000	 15.9376	 -0.0227	  0.0000
192.0000	240.0000	 15.3342	 -0.0258	  0.0000
208.0000	240.0000	 15.8285	 -0.0307	  0.0000
224.0000	240.0000	 15.3856	 -0.0143	  0.0000
240.0000	240.0000	 15.8382	 -0.0266	  0.0000
256.0000	240.0000	 15.2650	 -0.0132	  0.0000
272.0000	240.0000	 15.4388	 -0.0012	  0.0000
288.0000	240.0000	 15.8617	  0.0090	  0.0000
304.0000	240.0000	 15.6826	 -0.0038	  0.0000
320.0000	240.0000	 15.7873	 -0.0016	  0.0000
336.0000	240.0000	 15.8303	 -0.0078	  0.0000
352.0000	240.0000	 15.3739	 -0.0046	  0.0000
368.0000	240.0000	 16.0043	 -0.2476	  0.0000
384.0000	240.0000	 15.7761	  0.0045	  0.0000
400.0000	240.0000	 15.6625	 -0.2094	  0.0000
416.0000	240.0000	 15.7645	  0.0339	  0.0000
432.0000	240.0000	 15.6093	 -0.2324	  0.0000
448.0000	240.0000	 15.8656	 -0.0001	  0.0000
464.0000	240.0000	 15.8109	 -0.2193	  0.0000
480.0000	240.0000	 15.4623	  0.0036	  0.0000
496.0000	240.0000	 15.4526	 -0.0096	  0.0000
 16.0000	224.0000	 15.6701	 -0.0408	  0.0000
 32.0000	224.0000	 15.6458	 -0.0160	  0.0000
 48.0000	224.0000	 15.1135	  0.0114	  0.0000
 64.0000	224.0000	 15.5662	 -0.9856	  0.0000
 80.0000	224.0000	 15.1638	 -0.0005	  0.0000
 96.0000	224.0000	 15.6720	 -0.9416	  0.0000
112.0000	224.0000	 15.0028	 -0.0005	  0.0000
128.0000	224.0000	 15.0929	 -0.8195	  0.0000
144.0000	224.0000	 15.2772	  0.0446	  0.0000
160.0000	224.0000	 15.7290	  0.0284	  0.0000
176.0000	224.0000	 15.1479	 -0.0154	  0.0000
192.0000	224.0000	 15.6594	 -0.0258	  0.0000
208.0000	224.0000	 15.0230	 -0.0125	  0.0000
224.0000	224.0000	 15.8586	 -0.0216	  0.0000
240.0000	224.0000	 15.1782	 -0.0022	  0.0000
256.0000	224.0000	 15.6251	 -0.0085	  0.0000
272.0000	224.0000	 15.0582	  0.0038	  0.0000
288.0000	224.0000	 15.8513	 -0.0073	  0.0000
304.0000	224.0000	 15.1664	  0.0026	  0.0000
320.0000	224.0000	 15.1524	 -0.0066	  0.0000
336.0000	224.0000	 15.1572	 -0.0001	  0.0000
352.0000	224.0000	 15.8044	 -0.0168	  0.0000
368.0000	224.0000	 15.0953	 -0.0027	  0.0000
384.0000	224.0000	 15.5492	 -0.8793	  0.0000
400.0000	224.0000	 15.0751	 -0.0006	  0.0000
416.0000	224.0000	 15.3996	 -0.9561	  0.0000
432.0000	224.0000	 15.1420	  0.0004	  0.0000
448.0000	224.0000	 15.3371	 -0.8151	  0.0000
464.0000	224.0000	 15.0206	  0.0003	  0.0000
480.0000	224.0000	 15.1991	 -0.8229	  0.0000
496.0000	224.0000	 15.0118	  0.0008	  0.0000
 16.0000	208.0000	 15.0464	 -0.0052	  0.0000
 32.0000	208.0000	 15.3499	  0.0251	  0.0000
 48.0000	208.0000	 15.5809	 -0.0066	  0.0000
 64.0000	208.0000	 15.2179	  0.0039	  0.0000
 80.0000	208.0000	 15.4470	 -0.2324	  0.0000
 96.0000	208.0000	 14.9912	 -0.0205	  0.0000
112.0000	208.0000	 15.6325	 -0.4545	  0.0000
128.0000	208.0000	 15.0384	  0.0184	  0.0000
144.0000	208.0000	 15.1016	 -0.2351	  0.0000
160.0000	208.0000	 14.4505	 -0.0646	  0.0000
176.0000	208.0000	 15.5357	  0.0034	  0.0000
192.0000	208.0000	 15.1329	 -0.0013	  0.0000
208.0000	208.0000	 14.8266	 -0.0137	  0.0000
224.0000	208.0000	 15.1780	  0.0002	  0.0000
240.0000	208.0000	 15.6170	 -0.2478	  0.0000
256.0000	208.0000	 15.2103	  0.0005	  0.0000
272.0000	208.0000	 15.6230	 -0.2405	  0.0000
288.0000	208.0000	 15.1364	 -0.0443	  0.0000
304.0000	208.0000	 15.5226	 -0.9577	  0.0000
320.0000	208.0000	 15.2664	  0.0024	  0.0000
336.0000	208.0000	 15.5624	  0.0020	  0.0000
352.0000	208.0000	 15.0301	  0.0245	  0.0000
368.0000	208.0000	 15.6722	  0.0089	  0.0000
384.0000	208.0000	 15.1467	  0.0039	  0.0000
400.0000	208.0000	 15.3787	 -0.0117	  0.0000
416.0000	208.0000	 14.3468	 -0.0055	  0.0000
432.0000	208.0000	 15.1742	 -0.2436	  0.0000
448.0000	208.0000	 15.0673	  0.0001	  0.0000
464.0000	208.0000	 15.6598	 -0.2374	  0.0000
480.0000	208.0000	 14.9835	  0.0007	  0.0000
496.0000	208.0000	 14.3998	  0.0040	  0.0000
 16.0000	192.0000	 13.8158	 -0.0480	  0.0000
 32.0000	192.0000	 14.0584	 -0.0583	  0.0000
 48.0000	192.0000	 13.9748	 -0.0012	  0.0000
 64.0000	192.0000	 14.3445	 -0.0357	  0.0000
 80.0000	192.0000	 14.1946	 -0.0099	  0.0000
 96.0000	192.0000	 14.4627	 -0.0135	  0.0000
112.0000	192.0000	 14.1149	 -0.0208	  0.0000
128.0000	192.0000	 14.4110	 -0.9714	  0.0000
144.0000	192.0000	 14.6174	  0.0038	  0.0000
160.0000	192.0000	 14.9608	 -0.9356	  0.0000
176.0000	192.0000	 14.4273	 -0.0040	  0.0000
192.0000	192.0000	 14.5705	 -0.0065	  0.0000
208.0000	192.0000	 14.0012	  0.0188	  0.0000
224.0000	192.0000	 14.2701	 -0.9409	  0.0000
240.0000	192.0000	 13.9232	 -0.0050	  0.0000
256.0000	192.0000	 14.3672	 -0.9678	  0.0000
272.0000	192.0000	 14.1683	  0.0159	  0.0000
288.0000	192.0000	 14.5257	 -0.8702	  0.0000
304.0000	192.0000	 14.3616	  0.0647	  0.0000
320.0000	192.0000	 14.4457	 -0.9155	  0.0000
336.0000	192.0000	 13.9444	 -0.0106	  0.0000
352.0000	192.0000	 14.1754	 -0.9553	  0.0000
368.0000	192.0000	 13.8313	  0.0300	  0.0000
384.0000	192.0000	 14.6208	 -0.0584	  0.0000
400.0000	192.0000	 14.5457	 -0.0091	  0.0000
416.0000	192.0000	 14.8585	 -0.0326	  0.0000
432.0000	192.0000	 14.5962	 -0.0115	  0.0000
448.0000	192.0000	 15.0838	 -0.9577	  0.0000
464.0000	192.0000	 14.0444	 -0.0003	  0.0000
480.0000	192.0000	 14.6546	 -0.0038	  0.0000
496.0000	192.0000	 14.3942	  0.0018	  0.0000
 16.0000	176.0000	 12.9622	 -0.0106	  0.0000
 32.0000	176.0000	 13.0516	 -0.0194	  0.0000
 48.0000	176.0000	 13.6970	 -0.0253	  0.0000
 64.0000	176.0000	 13.1884	  0.0282	  0.0000
 80.0000	176.0000	 13.5954	 -0.2536	  0.0000
 96.0000	176.0000	 13.1216	  0.0003	  0.0000
112.0000	176.0000	 13.8019	 -0.4580	  0.0000
128.0000	176.0000	 13.4297	  0.0452	  0.0000
144.0000	176.0000	 14.0447	 -0.4278	  0.0000
160.0000	176.0000	 13.0949	  0.0233	  0.0000
176.0000	176.0000	 13.6171	 -0.2164	  0.0000
192.0000	176.0000	 13.2545	 -0.0098	  0.0000
208.0000	176.0000	 13.9564	 -0.0425	  0.0000
224.0000	176.0000	 13.8953	 -0.0043	  0.0000
240.0000	176.0000	 14.1687	 -0.2477	  0.0000
256.0000	176.0000	 13.3939	  0.0183	  0.0000
272.0000	176.0000	 13.7792	 -0.5103	  0.0000
288.0000	176.0000	 13.3942	 -0.0349	  0.0000
304.0000	176.0000	 13.8030	 -0.2238	  0.0000
320.0000	176.0000	 13.3373	  0.0058	  0.0000
336.0000	176.0000	 13.7901	 -0.0073	  0.0000
352.0000	176.0000	 13.2999	 -0.0317	  0.0000
368.0000	176.0000	 13.8768	 -0.0800	  0.0000
384.0000	176.0000	 13.6545	 -0.0028	  0.0000
400.0000	176.0000	 13.7937	  0.0070	  0.0000
416.0000	176.0000	 13.8480	  0.0497	  0.0000
432.0000	176.0000	 13.8236	 -0.2271	  0.0000
448.0000	176.0000	 13.2165	  0.0020	  0.0000
464.0000	176.0000	 13.3836	 -0.2408	  0.0000
480.0000	176.0000	 14.3424	 -0.0007	  0.0000
496.0000	176.0000	 12.5000	  0.0000	  0.0000
 16.0000	160.0000	 13.2356	 -0.0119	  0.0000
 32.0000	160.0000	 13.0813	 -0.0135	  0.0000
 48.0000	160.0000	 12.0757	 -0.0264	  0.0000
 64.0000	160.0000	 12.7895	 -0.0799	  0.0000
 80.0000	160.0000	 12.0566	 -0.0421	  0.0000
 96.0000	160.0000	 12.9576	 -0.9967	  0.0000
112.0000	160.0000	 12.2399	 -0.0231	  0.0000
128.0000	160.0000	 13.2013	 -1.0060	  0.0000
144.0000	160.0000	 13.3259	  0.0204	  0.0000
160.0000	160.0000	 12.9384	 -0.9147	  0.0000
176.0000	160.0000	 13.1023	  0.0229	  0.0000
192.0000	160.0000	 13.0769	  0.0243	  0.0000
208.0000	160.0000	 12.9200	  0.0359	  0.0000
224.0000	160.0000	 12.9106	 -0.0325	  0.0000
240.0000	160.0000	 13.4664	  0.0005	  0.0000
256.0000	160.0000	 13.1693	 -0.0191	  0.0000
272.0000	160.0000	 12.3081	  0.0048	  0.0000
288.0000	160.0000	 13.2198	 -0.9447	  0.0000
304.0000	160.0000	 12.1708	 -0.0091	  0.0000
320.0000	160.0000	 12.9366	 -0.9611	  0.0000
336.0000	160.0000	 12.1976	 -0.0022	  0.0000
352.0000	160.0000	 12.9518	 -0.1038	  0.0000
368.0000	160.0000	 12.7642	 -0.0007	  0.0000
384.0000	160.0000	 12.4787	 -0.0483	  0.0000
400.0000	160.0000	 13.0495	 -0.0215	  0.0000
416.0000	160.0000	 13.5379	 -0.9726	  0.0000
432.0000	160.0000	 12.3088	 -0.0042	  0.0000
448.0000	160.0000	 12.8962	 -0.8116	  0.0000
464.0000	160.0000	 12.3679	  0.0079	  0.0000
480.0000	160.0000	 11.8601	 -0.0059	  0.0000
496.0000	160.0000	 12.0173	  0.0000	  1.0000
 16.0000	144.0000	 11.9871	 -0.0001	  0.0000
 32.0000	144.0000	 11.8540	 -0.0018	  0.0000
 48.0000	144.0000	 11.6211	 -0.5026	  0.0000
 64.0000	144.0000	 11.6948	 -0.0309	  0.0000
 80.0000	144.0000	 11.4940	 -0.4777	  0.0000
 96.0000	144.0000	 11.4389	  0.0102	  0.0000
112.0000	144.0000	 11.9024	 -0.4731	  0.0000
128.0000	144.0000	 11.7560	 -0.0723	  0.0000
144.0000	144.0000	 11.2753	 -0.4662	  0.0000
160.0000	144.0000	 11.2253	 -0.0046	  0.0000
176.0000	144.0000	 11.4788	 -0.2452	  0.0000
192.0000	144.0000	 11.2844	  0.0075	  0.0000
208.0000	144.0000	 11.2380	 -0.9835	  0.0000
224.0000	144.0000	 11.5342	 -0.0169	  0.0000
240.0000	144.0000	 11.4347	 -0.2416	  0.0000
256.0000	144.0000	 11.1010	 -0.0007	  0.0000
272.0000	144.0000	 12.0644	 -0.5064	  0.0000
288.0000	144.0000	 11.1096	  0.0034	  0.0000
304.0000	144.0000	 11.7796	 -0.5302	  0.0000
320.0000	144.0000	 12.5351	 -0.5213	  0.0000
336.0000	144.0000	 12.8080	 -0.2647	  0.0000
352.0000	144.0000	 11.4651	  0.0047	  0.0000
368.0000	144.0000	 12.0810	 -0.0419	  0.0000
384.0000	144.0000	 11.4354	  0.0092	  0.0000
400.0000	144.0000	 12.1711	 -0.0089	  0.0000
416.0000	144.0000	 11.7692	 -0.2188	  1.0000
432.0000	144.0000	 12.0879	 -0.3328	  0.0000
448.0000	144.0000	 11.3824	 -0.5428	  0.0000
464.0000	144.0000	 11.1371	 -0.2757	  0.0000
480.0000	144.0000	 11.1190	 -0.0220	  0.0000
496.0000	144.0000	 10.0000	  0.0000	  0.0000
 16.0000	128.0000	  9.9662	 -0.9860	  0.0000
 32.0000	128.0000	 10.5165	 -0.9921	  0.0000
 48.0000	128.0000	 10.1347	 -0.0003	  0.0000
 64.0000	128.0000	 10.3796	 -0.9944	  0.0000
 80.0000	128.0000	  9.9796	  0.0028	  0.0000
 96.0000	128.0000	 10.1884	 -0.8982	  0.0000
112.0000	128.0000	  8.9536	 -0.0010	  0.0000
128.0000	128.0000	 10.0080	 -0.9380	  0.0000
144.0000	128.0000	 10.1539	 -0.0871	  0.0000
160.0000	128.0000	 10.5949	 -0.1260	  0.0000
176.0000	128.0000	  9.5504	  0.0046	  0.0000
192.0000	128.0000	 10.5586	 -0.9839	  0.0000
208.0000	128.0000	 10.1874	  0.0078	  0.0000
224.0000	128.0000	 10.4927	 -0.7540	  0.0000
240.0000	128.0000	 10.5416	 -0.0248	  0.0000
256.0000	128.0000	 10.4419	 -0.9779	  0.0000
272.0000	128.0000	  9.6820	  0.0164	  0.0000
288.0000	128.0000	 10.3586	 -0.0803	  0.0000
304.0000	128.0000	 10.6510	 -0.5031	  0.0000
320.0000	128.0000	 10.0297	 -0.0607	  0.0000
336.0000	128.0000	  9.9295	 -0.4952	  0.0000
352.0000	128.0000	 10.3486	 -0.8770	  0.0000
368.0000	128.0000	 10.6703	  0.0839	  0.0000
384.0000	128.0000	 10.8390	 -0.9564	  0.0000
400.0000	128.0000	 11.0684	  0.0036	  0.0000
416.0000	128.0000	 10.3167	 -0.0665	  0.0000
432.0000	128.0000	  9.6911	 -0.5072	  0.0000
448.0000	128.0000	 10.7974	 -0.1291	  0.0000
464.0000	128.0000	 10.5938	 -0.5481	  0.0000
480.0000	128.0000	 10.4203	 -0.0885	  0.0000
496.0000	128.0000	  9.6669	 -0.0336	  0.0000
 16.0000	112.0000	  8.9506	 -0.0052	  0.0000
 32.0000	112.0000	  8.0139	 -0.0038	  0.0000
 48.0000	112.0000	  8.6425	 -0.5146	  0.0000
 64.0000	112.0000	  8.6942	  0.0072	  0.0000
 80.0000	112.0000	  8.8469	 -0.4902	  0.0000
 96.0000	112.0000	  8.3981	  0.0077	  0.0000
112.0000	112.0000	  8.9597	 -0.4653	  0.0000
128.0000	112.0000	  8.5215	  0.0018	  0.0000
144.0000	112.0000	  9.0672	 -0.5210	  0.0000
160.0000	112.0000	  8.8123	 -0.4066	  0.0000
176.0000	112.0000	  8.7900	 -0.2320	  0.0000
192.0000	112.0000	  9.3596	  0.0036	  0.0000
208.0000	112.0000	  8.3550	 -0.9601	  0.0000
224.0000	112.0000	  7.5869	  0.0194	  0.0000
240.0000	112.0000	  8.5756	 -0.2127	  0.0000
256.0000	112.0000	  8.7256	 -0.0005	  0.0000
272.0000	112.0000	  9.0693	 -0.2845	  0.0000
288.0000	112.0000	  8.5280	 -0.0344	  0.0000
304.0000	112.0000	  7.8689	 -0.2572	  0.0000
320.0000	112.0000	  8.1687	 -0.5584	  0.0000
336.0000	112.0000	  9.1190	 -0.3525	  0.0000
352.0000	112.0000	  9.0658	  0.0011	  0.0000
368.0000	112.0000	  8.5955	 -0.9952	  0.0000
384.0000	112.0000	  8.4330	 -0.0298	  0.0000
400.0000	112.0000	  9.0712	 -0.3060	  0.0000
416.0000	112.0000	  8.6199	 -0.0541	  0.0000
432.0000	112.0000	  9.0170	 -0.5514	  0.0000
448.0000	112.0000	  8.3196	 -0.5015	  0.0000
464.0000	112.0000	  9.1473	 -0.3040	  0.0000
480.0000	112.0000	  8.5917	  0.0068	  0.0000
496.0000	112.0000	  7.9586	  0.0179	  0.0000
 16.0000	 96.0000	  6.6641	 -0.0218	  0.0000
 32.0000	 96.0000	  7.1816	 -0.0353	  0.0000
 48.0000	 96.0000	  6.8282	 -0.0006	  0.0000
 64.0000	 96.0000	  6.9724	 -0.0430	  0.0000
 80.0000	 96.0000	  7.0454	 -0.0028	  0.0000
 96.0000	 96.0000	  7.3700	 -0.9431	  0.0000
112.0000	 96.0000	  6.8758	  0.0575	  0.0000
128.0000	 96.0000	  6.6556	 -0.9604	  0.0000
144.0000	 96.0000	  6.5699	 -0.5198	  0.0000
160.0000	 96.0000	  6.8209	 -0.0536	  0.0000
176.0000	 96.0000	  6.1503	 -0.5192	  0.0000
192.0000	 96.0000	  5.9784	 -0.0058	  0.0000
208.0000	 96.0000	  6.4002	 -0.0140	  0.0000
224.0000	 96.0000	  7.7243	 -0.9654	  0.0000
240.0000	 96.0000	  7.0874	 -0.0263	  0.0000
256.0000	 96.0000	  7.2002	 -1.0070	  0.0000
272.0000	 96.0000	  7.2146	 -0.0011	  0.0000
288.0000	 96.0000	  7.5916	 -0.9334	  0.0000
304.0000	 96.0000	  7.4101	  0.0062	  0.0000
320.0000	 96.0000	  7.7716	 -0.8219	  0.0000
336.0000	 96.0000	  6.7150	  0.0837	  0.0000
352.0000	 96.0000	  7.7016	 -0.9261	  0.0000
368.0000	 96.0000	  7.3778	  0.0002	  0.0000
384.0000	 96.0000	  8.1683	 -0.0210	  0.0000
400.0000	 96.0000	  6.0932	  0.0237	  0.0000
416.0000	 96.0000	  6.6712	 -0.9417	  0.0000
432.0000	 96.0000	  7.8814	  0.0263	  0.0000
448.0000	 96.0000	  7.7377	 -0.0255	  0.0000
464.0000	 96.0000	  6.9168	  0.0058	  0.0000
480.0000	 96.0000	  7.5902	 -0.9315	  0.0000
496.0000	 96.0000	  6.7779	  0.0063	  0.0000
 16.0000	 80.0000	  5.1362	 -0.5265	  0.0000
 32.0000	 80.0000	  4.8174	 -0.5258	  0.0000
 48.0000	 80.0000	  4.7040	 -0.4939	  0.0000
 64.0000	 80.0000	  4.6564	 -0.0197	  0.0000
 80.0000	 80.0000	  5.5730	 -0.4838	  0.0000
 96.0000	 80.0000	  5.9858	 -0.0018	  0.0000
112.0000	 80.0000	  5.5556	 -0.6549	  0.0000
128.0000	 80.0000	  5.7146	 -0.5918	  0.0000
144.0000	 80.0000	  5.8035	 -0.5340	  0.0000
160.0000	 80.0000	  5.2656	 -0.5771	  0.0000
176.0000	 80.0000	  4.5680	 -0.2957	  0.0000
192.0000	 80.0000	  4.7527	 -0.0210	  0.0000
208.0000	 80.0000	  5.8505	 -1.0006	  0.0000
224.0000	 80.0000	  5.2204	 -0.0134	  0.0000
240.0000	 80.0000	  5.4282	 -0.9043	  0.0000
256.0000	 80.0000	  5.4234	  0.0627	  0.0000
272.0000	 80.0000	  4.4606	 -0.0476	  0.0000
288.0000	 80.0000	  4.2633	 -0.0709	  0.0000
304.0000	 80.0000	  5.4270	 -0.0490	  0.0000
320.0000	 80.0000	  5.3585	 -0.2049	  0.0000
336.0000	 80.0000	  5.9303	 -0.2483	  0.0000
352.0000	 80.0000	  4.9781	 -0.0056	  0.0000
368.0000	 80.0000	  4.9830	 -0.2544	  0.0000
384.0000	 80.0000	  4.5849	 -0.0064	  0.0000
400.0000	 80.0000	  5.5591	 -0.4518	  0.0000
416.0000	 80.0000	  4.7537	 -0.0015	  0.0000
432.0000	 80.0000	  4.6330	 -0.5503	  0.0000
448.0000	 80.0000	  5.3759	 -0.0266	  0.0000
464.0000	 80.0000	  5.0891	 -0.2584	  0.0000
480.0000	 80.0000	  4.4702	  0.0011	  0.0000
496.0000	 80.0000	  4.0000	  0.0000	  0.0000
 16.0000	 64.0000	  4.2097	 -0.1428	  0.0000
 32.0000	 64.0000	  4.2317	 -0.0393	  0.0000
 48.0000	 64.0000	  3.4983	 -0.5477	  0.0000
 64.0000	 64.0000	  4.6293	 -1.0837	  0.0000
 80.0000	 64.0000	  3.4120	 -0.7476	  1.0000
 96.0000	 64.0000	  2.7076	 -0.9736	  0.0000
112.0000	 64.0000	  2.8129	 -0.3854	  0.0000
128.0000	 64.0000	  2.7964	  0.0378	  0.0000
144.0000	 64.0000	  2.1650	 -0.5061	  0.0000
160.0000	 64.0000	  3.5835	 -0.8742	  0.0000
176.0000	 64.0000	  2.5582	  0.0389	  0.0000
192.0000	 64.0000	  3.3805	  0.0001	  0.0000
208.0000	 64.0000	  3.2032	 -0.2097	  1.0000
224.0000	 64.0000	  3.7652	 -0.8007	  0.0000
240.0000	 64.0000	  3.1090	 -0.0770	  0.0000
256.0000	 64.0000	  3.3942	 -0.1472	  0.0000
272.0000	 64.0000	  2.8778	 -0.0125	  0.0000
288.0000	 64.0000	  3.2774	 -0.1713	  0.0000
304.0000	 64.0000	  4.0975	 -0.1349	  0.0000
320.0000	 64.0000	  3.1375	 -0.2412	  0.0000
336.0000	 64.0000	  2.9983	 -0.0324	  0.0000
352.0000	 64.0000	  3.5124	 -0.1624	  0.0000
368.0000	 64.0000	  3.3505	 -0.0157	  0.0000
384.0000	 64.0000	  3.5739	 -0.9217	  0.0000
400.0000	 64.0000	  4.0186	  0.0125	  0.0000
416.0000	 64.0000	  4.0298	 -0.0009	  0.0000
432.0000	 64.0000	  3.6126	 -0.0922	  0.0000
448.0000	 64.0000	  2.6368	 -0.8466	  0.0000
464.0000	 64.0000	  2.3677	  0.0681	  0.0000
480.0000	 64.0000	  2.1589	 -0.3198	  1.0000
496.0000	 64.0000	  2.4190	 -0.0180	  0.0000
 16.0000	 48.0000	  1.2119	 -0.4828	  0.0000
 32.0000	 48.0000	  0.4957	 -0.4925	  0.0000
 48.0000	 48.0000	  1.1057	 -0.9534	  0.0000
 64.0000	 48.0000	  0.6709	  0.0235	  0.0000
 80.0000	 48.0000	  0.7868	 -0.4607	  0.0000
 96.0000	 48.0000	  0.6774	  0.0009	  0.0000
112.0000	 48.0000	  1.8266	 -0.2802	  0.0000
128.0000	 48.0000	  1.8310	 -0.5123	  0.0000
144.0000	 48.0000	  2.9525	 -0.2626	  0.0000
160.0000	 48.0000	  1.0840	  0.0012	  0.0000
176.0000	 48.0000	  0.7331	 -0.9758	  0.0000
192.0000	 48.0000	  1.9183	  0.0039	  0.0000
208.0000	 48.0000	  1.8806	 -0.9735	  0.0000
224.0000	 48.0000	  1.2817	  0.0072	  0.0000
240.0000	 48.0000	  2.4767	 -0.8335	  0.0000
256.0000	 48.0000	  1.0744	  0.0133	  0.0000
272.0000	 48.0000	  1.0188	 -0.0197	  0.0000
288.0000	 48.0000	  1.1972	  0.0162	  0.0000
304.0000	 48.0000	  1.1409	 -0.0361	  0.0000
320.0000	 48.0000	  1.3571	 -0.0715	  0.0000
336.0000	 48.0000	  1.0094	 -0.2094	  0.0000
352.0000	 48.0000	  0.8485	  0.0283	  0.0000
368.0000	 48.0000	  1.4347	 -0.2989	  0.0000
384.0000	 48.0000	  1.4006	  0.0102	  0.0000
400.0000	 48.0000	  0.9074	 -0.1958	  0.0000
416.0000	 48.0000	  0.2649	 -0.0494	  0.0000
432.0000	 48.0000	  1.4507	 -0.4602	  0.0000
448.0000	 48.0000	  1.3529	  0.1057	  0.0000
464.0000	 48.0000	  1.1447	 -0.4875	  0.0000
480.0000	 48.0000	  0.8340	 -0.0046	  0.0000
496.0000	 48.0000	  0.5000	  0.0000	  0.0000
 16.0000	 32.0000	  0.6818	 -0.9648	  0.0000
 32.0000	 32.0000	  0.7485	 -0.9636	  0.0000
 48.0000	 32.0000	  0.0717	  0.0014	  0.0000
 64.0000	 32.0000	  0.5542	 -0.9709	  0.0000
 80.0000	 32.0000	  0.0648	  0.0015	  0.0000
 96.0000	 32.0000	  0.2269	 -0.9897	  0.0000
112.0000	 32.0000	  0.0849	  0.0083	  0.0000
128.0000	 32.0000	  0.5083	 -0.9127	  0.0000
144.0000	 32.0000	  0.0000	 -0.0000	  0.0000
160.0000	 32.0000	  0.3789	 -0.0010	  0.0000
176.0000	 32.0000	  0.0457	 -0.0002	  0.0000
192.0000	 32.0000	  0.3494	 -0.0056	  0.0000
208.0000	 32.0000	  0.1146	 -0.0012	  0.0000
224.0000	 32.0000	  0.5067	 -0.0100	  0.0000
240.0000	 32.0000	  0.1593	 -0.0225	  0.0000
256.0000	 32.0000	  0.5457	 -0.0168	  0.0000
272.0000	 32.0000	  0.0513	 -0.0002	  0.0000
288.0000	 32.0000	  0.5100	 -0.9389	  0.0000
304.0000	 32.0000	  0.2067	 -0.0016	  0.0000
320.0000	 32.0000	  0.3908	 -0.0323	  0.0000
336.0000	 32.0000	  0.0122	 -0.0003	  0.0000
352.0000	 32.0000	  0.4960	 -0.0231	  0.0000
368.0000	 32.0000	  0.1285	  0.0201	  0.0000
384.0000	 32.0000	  0.4180	 -0.9892	  0.0000
400.0000	 32.0000	  0.0124	 -0.0003	  0.0000
416.0000	 32.0000	  0.2015	 -0.8096	  0.0000
432.0000	 32.0000	  0.0144	  0.0029	  0.0000
448.0000	 32.0000	  0.5847	 -0.9808	  0.0000
464.0000	 32.0000	  0.0512	 -0.0001	  0.0000
480.0000	 32.0000	  0.3789	 -0.0111	  0.0000
496.0000	 32.0000	  0.1168	 -0.0004	  0.0000
 16.0000	 16.0000	  0.0000	 -0.0000	  0.0000
 32.0000	 16.0000	  0.0000	 -0.0000	  0.0000
 48.0000	 16.0000	  0.0000	 -0.0000	  0.0000
 64.0000	 16.0000	  0.0000	 -0.0000	  0.0000
 80.0000	 16.0000	  0.0000	 -0.0000	  0.0000
 96.0000	 16.0000	  0.1618	 -0.9775	  0.0000
112.0000	 16.0000	  0.0000	 -0.0000	  0.0000
128.0000	 16.0000	  0.3910	 -0.9827	  0.0000
144.0000	 16.0000	  0.0000	 -0.0000	  0.0000
160.0000	 16.0000	  0.0000	 -0.0000	  0.0000
176.0000	 16.0000	  0.0000	 -0.0000	  0.0000
192.0000	 16.0000	  0.0000	 -0.0000	  0.0000
208.0000	 16.0000	  0.0000	 -0.0000	  0.0000
224.0000	 16.0000	  0.0000	 -0.0000	  0.0000
240.0000	 16.0000	  0.0000	 -0.0000	  0.0000
256.0000	 16.0000	  0.0000	 -0.0000	  0.0000
272.0000	 16.0000	  0.0000	 -0.0000	  0.0000
288.0000	 16.0000	  0.3351	 -0.9754	  0.0000
304.0000	 16.0000	  0.0000	 -0.0000	  0.0000
320.0000	 16.0000	  0.0000	 -0.0000	  0.0000
336.0000	 16.0000	  0.0000	 -0.0000	  0.0000
352.0000	 16.0000	  0.0000	 -0.0000	  0.0000
368.0000	 16.0000	  0.0000	 -0.0000	  0.0000
384.0000	 16.0000	  0.4047	  0.0029	  0.0000
400.0000	 16.0000	  0.0000	 -0.0000	  0.0000
416.0000	 16.0000	  0.1758	 -0.9325	  0.0000
432.0000	 16.0000	  0.0000	 -0.0000	  0.0000
448.0000	 16.0000	  0.0000	 -0.0000	  0.0000
464.0000	 16.0000	  0.0000	 -0.0000	  0.0000
480.0000	 16.0000	  0.0000	 -0.0000	  0.0000
496.0000	 16.0000	  0.0000	 -0.0000	  0.0000
