 16.0000	 16.0000	  0.0090	 -0.0011	  3.7117
 32.0000	 16.0000	  0.0194	  0.0002	  1.7554
 48.0000	 16.0000	  0.0012	 -0.0015	  1.6150
 64.0000	 16.0000	 -0.0188	 -0.0095	  2.5855
 80.0000	 16.0000	  0.0997	 -0.0400	  3.8342
 96.0000	 16.0000	  0.0010	 -0.1026	  3.8029
112.0000	 16.0000	  0.0221	 -0.0579	  4.5802
128.0000	 16.0000	  0.0170	 -0.0065	  3.3075
144.0000	 16.0000	 -0.2557	 -0.1211	  2.2041
160.0000	 16.0000	  0.1666	 -0.1153	  2.7178
176.0000	 16.0000	  0.0737	 -0.0023	  2.9852
192.0000	 16.0000	 -0.0759	 -0.0015	  4.4011
208.0000	 16.0000	 -0.0830	 -0.0036	  2.5820
224.0000	 16.0000	  0.0050	 -0.0036	  1.3457
240.0000	 16.0000	  0.0120	 -0.0068	  1.7008
256.0000	 16.0000	  0.0096	 -0.0077	  1.4609
272.0000	 16.0000	  0.0285	  0.0006	  1.9314
288.0000	 16.0000	  0.0066	 -0.1113	  2.6744
304.0000	 16.0000	  0.0580	 -0.1041	  3.0296
320.0000	 16.0000	 -0.0073	 -0.0226	  3.1512
336.0000	 16.0000	 -0.1012	 -0.0316	  3.0338
352.0000	 16.0000	 -0.0028	 -0.0057	  2.1651
368.0000	 16.0000	 -0.0012	 -0.0003	  2.9847
384.0000	 16.0000	  0.0590	 -0.1101	  2.8979
400.0000	 16.0000	  0.0223	 -0.1205	  2.6273
416.0000	 16.0000	 -0.1518	 -0.0024	  1.7224
432.0000	 16.0000	  0.1440	 -0.0126	  2.9532
448.0000	 16.0000	  0.0007	 -0.0138	  4.2051
464.0000	 16.0000	 -0.1971	 -0.0051	  2.3624
480.0000	 16.0000	  0.2136	 -0.1076	  2.5465
496.0000	 16.0000	 -0.0076	 -0.1324	  3.9756
 16.0000	 32.0000	  0.0369	  0.0200	  3.1247
 32.0000	 32.0000	  0.0081	  0.0731	  2.7843
 48.0000	 32.0000	  0.0356	  0.0873	  1.7284
 64.0000	 32.0000	-18.2591	 28.7065	  1.0900
 80.0000	 32.0000	  0.1896	  0.0050	  2.5463
 96.0000	 32.0000	  0.0227	 -0.0005	  3.9124
112.0000	 32.0000	 -0.1342	  0.0040	  3.5321
128.0000	 32.0000	  0.0950	  0.0167	  2.0303
144.0000	 32.0000	  0.0632	 -0.0003	  1.3702
160.0000	 32.0000	  0.1939	  0.0047	  2.0571
176.0000	 32.0000	  0.1636	  0.0026	  1.8613
192.0000	 32.0000	  0.0427	 -0.0120	  3.3094
208.0000	 32.0000	  0.0535	 -0.0111	  3.6565
224.0000	 32.0000	  0.0061	 -0.0040	  2.5809
240.0000	 32.0000	 -0.0180	  0.0005	  1.9997
256.0000	 32.0000	  0.0041	  0.0000	  2.2873
272.0000	 32.0000	  0.0044	  0.0772	  1.8254
288.0000	 32.0000	  0.0780	  0.0489	  2.1186
304.0000	 32.0000	  0.0149	 -0.0455	  3.8015
320.0000	 32.0000	 -0.0523	 -0.0690	  2.5534
336.0000	 32.0000	 -9.7241	 28.5487	  1.3322
352.0000	 32.0000	  0.2027	 -0.0326	  2.5449
368.0000	 32.0000	  0.0549	 -0.0387	  3.6029
384.0000	 32.0000	 -0.0229	 -0.1011	  3.1927
400.0000	 32.0000	  0.0856	 -0.0940	  3.0842
416.0000	 32.0000	  0.0031	  0.0012	  1.3814
432.0000	 32.0000	 -0.0475	  0.0062	  1.9821
448.0000	 32.0000	 -0.0004	 -0.0015	  1.8901
464.0000	 32.0000	  0.2190	 -0.0003	  1.9739
480.0000	 32.0000	  0.1621	 -0.0003	  2.9991
496.0000	 32.0000	 -0.0554	  0.0005	  3.3739
 16.0000	 48.0000	  1.7010	  0.0319	  1.9965
 32.0000	 48.0000	  1.4715	  0.0235	  2.0119
 48.0000	 48.0000	  1.3141	 -0.0232	  1.6142
 64.0000	 48.0000	  1.5348	 -0.0228	  2.1046
 80.0000	 48.0000	  0.9796	  0.0286	  2.1028
 96.0000	 48.0000	  0.4083	  0.1439	  2.5781
112.0000	 48.0000	  1.5886	  0.0144	  1.6533
128.0000	 48.0000	  1.8704	  0.0071	  2.2033
144.0000	 48.0000	  1.4347	  0.0364	  1.9974
160.0000	 48.0000	  1.3881	  0.0411	  2.5345
176.0000	 48.0000	  1.5521	 -0.0045	  2.0975
192.0000	 48.0000	  1.0559	 -0.0391	  3.1074
208.0000	 48.0000	  0.4683	  0.0004	  2.5641
224.0000	 48.0000	  0.6265	  0.0126	  2.7771
240.0000	 48.0000	  0.7313	 -0.0055	  1.7733
256.0000	 48.0000	  0.8604	  0.0023	  2.1350
272.0000	 48.0000	  1.2564	  0.0009	  1.9278
288.0000	 48.0000	  1.3020	  0.0822	  2.6714
304.0000	 48.0000	  0.8058	  0.0550	  4.7668
320.0000	 48.0000	  0.6514	  0.0368	  3.1595
336.0000	 48.0000	  1.2220	  0.0337	  1.5240
352.0000	 48.0000	  0.5851	 -0.0103	  2.3996
368.0000	 48.0000	  0.3751	  0.0009	  2.0752
384.0000	 48.0000	  0.0902	  0.1536	  2.5120
400.0000	 48.0000	  0.6953	  0.0391	  2.5463
416.0000	 48.0000	  1.4929	 -0.0808	  1.7673
432.0000	 48.0000	  0.0589	  0.0215	  1.0994
448.0000	 48.0000	  0.0739	  0.0359	  1.1013
464.0000	 48.0000	  1.0300	 -0.0069	  1.2515
480.0000	 48.0000	  1.4714	  0.0723	  2.0392
496.0000	 48.0000	  0.7536	  0.1363	  2.0914
 16.0000	 64.0000	  3.7225	 -0.0209	  2.5035
 32.0000	 64.0000	  3.5392	 -0.0094	  2.2016
 48.0000	 64.0000	  3.1861	 -0.0700	  1.3024
 64.0000	 64.0000	  2.0114	  0.0538	  2.1634
 80.0000	 64.0000	  1.8872	  0.0490	  1.9582
 96.0000	 64.0000	  2.6878	 -0.0401	  1.6033
112.0000	 64.0000	  2.2877	  0.0100	  2.8270
128.0000	 64.0000	  2.6321	  0.0190	  1.9825
144.0000	 64.0000	  2.2039	 -0.0269	  1.7911
160.0000	 64.0000	  2.1603	 -0.0300	  2.5483
176.0000	 64.0000	  2.4141	 -0.0015	  2.4927
192.0000	 64.0000	  2.8208	  0.0220	  2.5609
208.0000	 64.0000	  3.0209	 -0.0084	  1.8938
224.0000	 64.0000	  1.4942	 -0.0842	  1.9560
240.0000	 64.0000	  2.0807	 -0.0642	  1.7586
256.0000	 64.0000	  3.4085	 -0.1413	  2.1667
272.0000	 64.0000	  2.9411	 -0.1308	  2.0782
288.0000	 64.0000	  2.2909	  0.0273	  1.6329
304.0000	 64.0000	  1.4826	  0.0514	  2.1207
320.0000	 64.0000	  2.5393	 -0.0548	  1.7429
336.0000	 64.0000	  3.4264	 -0.0763	  1.9880
352.0000	 64.0000	  1.0811	  0.0674	  1.1131
368.0000	 64.0000	  3.5855	 -0.1049	  1.5707
384.0000	 64.0000	  3.6490	 -0.0386	  2.1851
400.0000	 64.0000	  2.3960	  0.0802	  2.3769
416.0000	 64.0000	  2.5154	  0.0060	  1.9402
432.0000	 64.0000	  3.6526	  0.0101	  1.6276
448.0000	 64.0000	  3.7839	 -0.0293	  2.3236
464.0000	 64.0000	  3.5010	 -0.1649	  2.6146
480.0000	 64.0000	  2.8624	 -0.1273	  3.2109
496.0000	 64.0000	  2.4157	 -0.0882	  2.1054
 16.0000	 80.0000	  4.4888	  0.0202	  3.4283
 32.0000	 80.0000	  4.5620	  0.0587	  2.3364
 48.0000	 80.0000	  5.2519	  0.0237	  1.9858
 64.0000	 80.0000	  5.5202	 -0.0241	  1.9431
 80.0000	 80.0000	  5.2737	 -0.0169	  1.8077
 96.0000	 80.0000	  5.0868	 -0.0864	  1.7446
112.0000	 80.0000	  5.7961	 -0.2100	  2.3139
128.0000	 80.0000	  5.2750	 -0.1594	  2.2035
144.0000	 80.0000	  4.8440	 -0.0239	  1.9918
160.0000	 80.0000	  4.5240	 -0.0026	  1.6080
176.0000	 80.0000	  3.9796	 -0.0107	  2.2613
192.0000	 80.0000	  4.2645	  0.0469	  2.0270
208.0000	 80.0000	  5.0405	  0.0585	  2.4611
224.0000	 80.0000	  5.0797	  0.0228	  1.7066
240.0000	 80.0000	  4.7167	 -0.0253	  2.2866
256.0000	 80.0000	  4.4599	  0.0094	  2.0801
272.0000	 80.0000	  4.1762	 -0.0076	  1.3364
288.0000	 80.0000	  4.5427	 -0.0124	  2.0063
304.0000	 80.0000	  4.6105	 -0.0195	  1.7109
320.0000	 80.0000	  4.6355	  0.0114	  2.1403
336.0000	 80.0000	  4.9178	 -0.0060	  3.2736
352.0000	 80.0000	  5.2653	 -0.0258	  1.9660
368.0000	 80.0000	  4.3680	 -0.0227	  3.5705
384.0000	 80.0000	  4.1871	 -0.0204	  3.1728
400.0000	 80.0000	  5.8221	 -0.0826	  2.2035
416.0000	 80.0000	  5.7349	 -0.0958	  2.6515
432.0000	 80.0000	  4.5699	  0.0586	  2.3104
448.0000	 80.0000	  4.3480	  0.0328	  2.3406
464.0000	 80.0000	  4.4078	 -0.0203	  3.0310
480.0000	 80.0000	  4.5793	  0.0072	  2.9572
496.0000	 80.0000	  5.0229	  0.0297	  2.1745
 16.0000	 96.0000	  6.3798	  0.0843	  1.7436
 32.0000	 96.0000	  6.9736	 -0.0320	  1.8983
 48.0000	 96.0000	  7.0403	  0.0658	  3.0064
 64.0000	 96.0000	  6.9129	  0.0565	  3.0417
 80.0000	 96.0000	  6.8156	  0.0145	  2.3575
 96.0000	 96.0000	  6.3420	  0.0684	  2.0319
112.0000	 96.0000	  6.5927	 -0.0164	  2.8261
128.0000	 96.0000	  6.6383	  0.1037	  2.2470
144.0000	 96.0000	  6.3222	  0.1890	  1.3341
160.0000	 96.0000	  6.5325	  0.0402	  1.6916
176.0000	 96.0000	  6.3396	  0.0849	  1.4880
192.0000	 96.0000	  6.2013	  0.0156	  1.9588
208.0000	 96.0000	  6.2847	  0.0121	  2.7176
224.0000	 96.0000	  6.3624	  0.0372	  2.2516
240.0000	 96.0000	  5.7818	  0.1193	  1.7815
256.0000	 96.0000	 22.0717	 10.2873	  1.1165
272.0000	 96.0000	  7.8711	 -0.0297	  1.2949
288.0000	 96.0000	  7.0575	 -0.0143	  1.3441
304.0000	 96.0000	  6.8311	  0.0002	  2.0700
320.0000	 96.0000	  6.8704	 -0.0302	  2.5822
336.0000	 96.0000	  5.7932	  0.0936	  1.7467
352.0000	 96.0000	  5.4325	  0.0324	  2.3246
368.0000	 96.0000	  5.6965	  0.0859	  1.3666
384.0000	 96.0000	  6.7289	  0.0189	  1.8057
400.0000	 96.0000	  6.4063	  0.0357	  3.1077
416.0000	 96.0000	  6.1580	 -0.0293	  2.5507
432.0000	 96.0000	  6.3539	 -0.0425	  1.7016
448.0000	 96.0000	  6.3816	  0.1251	  1.7732
464.0000	 96.0000	  5.8484	  0.2955	  1.8275
480.0000	 96.0000	  5.5014	  0.1917	  2.1989
496.0000	 96.0000	  5.5920	 -0.0035	  1.4972
 16.0000	112.0000	  8.4690	  0.1500	  2.6925
 32.0000	112.0000	  8.4718	 -0.0112	  2.5791
 48.0000	112.0000	  8.0249	 -0.0422	  3.2862
 64.0000	112.0000	  7.7755	 -0.0557	  2.2293
 80.0000	112.0000	  8.1926	 -0.0253	  2.4931
 96.0000	112.0000	  7.5980	  0.0807	  1.9037
112.0000	112.0000	  7.7473	  0.0907	  2.5954
128.0000	112.0000	  8.5025	 -0.0398	  2.5767
144.0000	112.0000	  8.5121	 -0.0662	  2.2143
160.0000	112.0000	  7.5824	 -0.0006	  1.4399
176.0000	112.0000	  7.8092	  0.0409	  1.3175
192.0000	112.0000	  8.4871	 -0.0031	  1.2360
208.0000	112.0000	  8.6524	 -0.0523	  1.6154
224.0000	112.0000	  8.2768	 -0.1677	  1.7184
240.0000	112.0000	  7.8293	 -0.0533	  1.9274
256.0000	112.0000	  8.8407	 -0.0231	  2.5030
272.0000	112.0000	  8.5966	 -0.0038	  1.9778
288.0000	112.0000	  8.3649	  0.0406	  2.5447
304.0000	112.0000	  7.8389	  0.0956	  2.2807
320.0000	112.0000	  8.1637	  0.0008	  3.3455
336.0000	112.0000	  8.6461	 -0.0306	  2.6080
352.0000	112.0000	  8.7936	 -0.0160	  1.2425
368.0000	112.0000	  8.2237	  0.0190	  1.0166
384.0000	112.0000	  8.3579	 -0.0147	  1.6009
400.0000	112.0000	  8.3262	  0.0192	  1.3978
416.0000	112.0000	  7.4571	  0.1879	  1.0714
432.0000	112.0000	  7.8037	  0.0136	  1.7072
448.0000	112.0000	  8.0193	 -0.0751	  2.1737
464.0000	112.0000	  8.3571	 -0.0363	  1.7822
480.0000	112.0000	  8.8146	  0.0232	  1.7462
496.0000	112.0000	  8.8498	 -0.0383	  2.5496
 16.0000	128.0000	  9.1524	  0.0411	  2.7600
 32.0000	128.0000	  9.4070	  0.0584	  2.3269
 48.0000	128.0000	  9.7503	  0.0159	  2.3541
 64.0000	128.0000	  9.5045	 -0.0201	  2.2125
 80.0000	128.0000	  9.7903	 -0.0171	  2.4245
 96.0000	128.0000	 10.0616	 -0.0755	  2.1599
112.0000	128.0000	  9.6845	 -0.0965	  2.1017
128.0000	128.0000	  9.6794	  0.0281	  2.2847
144.0000	128.0000	  9.4993	  0.0021	  1.6597
160.0000	128.0000	-12.6059	-17.2264	  1.1189
176.0000	128.0000	 10.1071	 -0.0069	  2.0350
192.0000	128.0000	 10.0918	 -0.0055	  3.9087
208.0000	128.0000	  9.9118	 -0.0020	  2.4713
224.0000	128.0000	  9.5110	 -0.0095	  1.2839
240.0000	128.0000	  9.5291	 -0.0182	  1.7045
256.0000	128.0000	  9.3350	 -0.1462	  2.5071
272.0000	128.0000	  8.9421	  0.0081	  2.1367
288.0000	128.0000	  9.8811	 -0.0380	  2.0223
304.0000	128.0000	  9.4653	  0.0239	  1.7079
320.0000	128.0000	  9.1208	 -0.0109	  2.8822
336.0000	128.0000	  9.4148	 -0.0171	  2.3212
352.0000	128.0000	 10.7257	 -0.0912	  1.6768
368.0000	128.0000	 10.5634	 -0.1417	  2.7334
384.0000	128.0000	  9.9789	  0.0328	  2.6895
400.0000	128.0000	 10.4434	 -0.0023	  2.2155
416.0000	128.0000	 10.7186	 -0.0218	  1.1945
432.0000	128.0000	  9.7663	  0.0009	  1.6797
448.0000	128.0000	  9.7334	 -0.0096	  2.4619
464.0000	128.0000	  9.8221	 -0.1892	  2.2162
480.0000	128.0000	  9.8795	 -0.1536	  1.6747
496.0000	128.0000	  9.2965	 -0.0737	  2.9562
 16.0000	144.0000	 11.3710	 -0.0021	  2.0528
 32.0000	144.0000	 11.0541	 -0.1006	  1.9821
 48.0000	144.0000	 11.3306	 -0.1199	  1.6308
 64.0000	144.0000	 11.1298	  0.0569	  2.2987
 80.0000	144.0000	 10.8893	  0.0345	  2.0873
 96.0000	144.0000	 11.2642	  0.0043	  2.4103
112.0000	144.0000	 11.1883	  0.0116	  2.1556
128.0000	144.0000	 11.1033	  0.0013	  2.1589
144.0000	144.0000	 11.4191	  0.0267	  2.2472
160.0000	144.0000	 11.4653	  0.0320	  1.6537
176.0000	144.0000	 10.7700	  0.0045	  1.8400
192.0000	144.0000	 10.3194	  0.0029	  2.2244
208.0000	144.0000	 10.5196	  0.0020	  1.8698
224.0000	144.0000	 11.4119	 -0.1448	  1.3648
240.0000	144.0000	 11.2197	 -0.0306	  2.8922
256.0000	144.0000	 11.0394	  0.0674	  1.8955
272.0000	144.0000	 11.7209	  0.0077	  1.0564
288.0000	144.0000	 11.4590	 -0.0014	  3.1098
304.0000	144.0000	 11.5366	  0.0122	  2.7661
320.0000	144.0000	 11.6127	  0.0153	  2.5269
336.0000	144.0000	 11.4008	  0.0490	  2.5297
352.0000	144.0000	 11.5432	 -0.0377	  2.6584
368.0000	144.0000	 11.2015	 -0.0341	  2.9070
384.0000	144.0000	 10.4529	  0.0335	  2.4554
400.0000	144.0000	 10.9069	  0.0013	  1.8996
416.0000	144.0000	 11.0646	  0.0201	  1.9289
432.0000	144.0000	 10.5874	  0.0228	  1.3707
448.0000	144.0000	 10.1628	  0.3278	  1.1626
464.0000	144.0000	 11.0625	  0.2727	  1.0667
480.0000	144.0000	 10.7304	  0.0279	  1.6822
496.0000	144.0000	 10.2204	 -0.0381	  1.2542
 16.0000	160.0000	 11.9906	 -0.0070	  2.1732
 32.0000	160.0000	 12.3340	 -0.0786	  2.3004
 48.0000	160.0000	 12.4801	 -0.0658	  2.2732
 64.0000	160.0000	 12.5995	  0.0006	  2.4586
 80.0000	160.0000	 12.5891	 -0.0015	  2.6013
 96.0000	160.0000	 12.5527	  0.0022	  3.3021
112.0000	160.0000	 12.4316	  0.0313	  2.2907
128.0000	160.0000	 12.2475	  0.0084	  3.1125
144.0000	160.0000	 12.2001	 -0.0061	  3.8401
160.0000	160.0000	 12.5946	 -0.0245	  2.8461
176.0000	160.0000	 12.7912	 -0.0186	  2.2648
192.0000	160.0000	 12.5504	 -0.0106	  2.2983
208.0000	160.0000	 12.8481	 -0.0541	  2.4527
224.0000	160.0000	 12.4417	  0.0255	  2.2038
240.0000	160.0000	 12.3215	 -0.0893	  2.3739
256.0000	160.0000	 12.3453	 -0.1452	  2.2207
272.0000	160.0000	 12.3534	  0.0091	  1.8545
288.0000	160.0000	 12.1387	  0.0123	  3.7373
304.0000	160.0000	 11.9236	  0.0308	  3.2637
320.0000	160.0000	 12.0384	  0.0200	  3.1618
336.0000	160.0000	 12.2979	 -0.0086	  2.9344
352.0000	160.0000	 12.4745	  0.0260	  2.5581
368.0000	160.0000	 12.2690	  0.0583	  1.7577
384.0000	160.0000	 12.0496	 -0.2199	  1.5812
400.0000	160.0000	 12.7934	 -0.2576	  1.0946
416.0000	160.0000	 11.9148	 -0.0028	  1.3775
432.0000	160.0000	 12.5153	 -0.0336	  2.2465
448.0000	160.0000	 12.7210	 -0.0351	  2.2266
464.0000	160.0000	 12.1701	  0.4776	  1.0655
480.0000	160.0000	 12.6875	  0.0345	  1.6314
496.0000	160.0000	-13.3492	-14.1183	  1.0566
 16.0000	176.0000	 13.7702	 -0.2853	  2.1049
 32.0000	176.0000	 13.4082	  0.0594	  3.4478
 48.0000	176.0000	 13.1123	  0.0825	  2.5030
 64.0000	176.0000	 13.2382	 -0.0044	  2.7930
 80.0000	176.0000	 13.2050	 -0.0036	  2.6647
 96.0000	176.0000	 13.4062	 -0.0532	  3.4040
112.0000	176.0000	 13.3583	 -0.0766	  3.1129
128.0000	176.0000	 12.7553	 -0.0438	  1.9918
144.0000	176.0000	 13.0422	  0.0314	  2.1666
160.0000	176.0000	 13.1350	  0.0058	  3.1619
176.0000	176.0000	 13.1683	  0.0130	  2.7178
192.0000	176.0000	 13.1865	 -0.0126	  4.0050
208.0000	176.0000	 13.3613	 -0.0401	  3.5935
224.0000	176.0000	 13.4329	 -0.0009	  2.5450
240.0000	176.0000	 13.1950	  0.0053	  3.3852
256.0000	176.0000	 13.3463	 -0.0306	  2.6398
272.0000	176.0000	 13.3948	 -0.0127	  2.0725
288.0000	176.0000	 13.0347	  0.0105	  2.0257
304.0000	176.0000	 13.8243	 -0.0021	  1.2443
320.0000	176.0000	 13.1921	  0.0229	  1.4825
336.0000	176.0000	 12.8583	 -0.0023	  2.1861
352.0000	176.0000	 13.2608	  0.0131	  2.2019
368.0000	176.0000	 13.3801	  0.0603	  1.4245
384.0000	176.0000	 13.4191	  0.0305	  1.3888
400.0000	176.0000	 13.5248	  0.0342	  2.3429
416.0000	176.0000	 13.3515	 -0.0092	  1.8411
432.0000	176.0000	 13.0630	 -0.0223	  2.9126
448.0000	176.0000	 13.1749	 -0.0376	  3.4172
464.0000	176.0000	 13.5164	  0.0371	  1.4314
480.0000	176.0000	 13.0526	 -0.0004	  1.8800
496.0000	176.0000	 12.9796	 -0.0012	  1.6387
 16.0000	192.0000	 14.0165	 -0.1068	  2.1763
 32.0000	192.0000	 13.9151	 -0.0046	  3.0832
 48.0000	192.0000	 13.9851	  0.0439	  2.7550
 64.0000	192.0000	 13.9779	 -0.0156	  1.4753
 80.0000	192.0000	 13.5947	 -0.0046	  1.0078
 96.0000	192.0000	 14.0635	  0.0222	  2.4280
112.0000	192.0000	 14.1411	  0.0417	  3.5891
128.0000	192.0000	 14.2393	  0.0365	  3.0847
144.0000	192.0000	 14.2606	  0.0057	  2.3244
160.0000	192.0000	 14.0020	  0.0227	  1.6666
176.0000	192.0000	 13.8925	 -0.0021	  2.5140
192.0000	192.0000	 14.0248	  0.0262	  3.2539
208.0000	192.0000	 13.9118	  0.0804	  2.8808
224.0000	192.0000	 13.9481	  0.0840	  2.7490
240.0000	192.0000	 14.1639	  0.1223	  3.5022
256.0000	192.0000	 14.0554	  0.1481	  2.7303
272.0000	192.0000	 13.9219	  0.0238	  2.5083
288.0000	192.0000	 14.1797	 -0.0209	  2.5664
304.0000	192.0000	 14.2494	 -0.0436	  2.0503
320.0000	192.0000	 14.2074	 -0.0076	  2.6426
336.0000	192.0000	 14.4644	  0.0231	  4.2103
352.0000	192.0000	 14.2082	  0.0406	  4.3752
368.0000	192.0000	 13.9479	  0.0262	  2.6042
384.0000	192.0000	 14.3027	 -0.0799	  2.3735
400.0000	192.0000	 14.1701	 -0.0670	  3.2120
416.0000	192.0000	 13.9749	  0.0020	  2.8029
432.0000	192.0000	 14.0717	 -0.0409	  2.7208
448.0000	192.0000	 14.1036	 -0.0340	  2.1284
464.0000	192.0000	 13.9316	  0.0773	  2.1767
480.0000	192.0000	 14.1591	  0.0939	  1.7051
496.0000	192.0000	 14.0417	 -0.0009	  1.0924
 16.0000	208.0000	 14.7981	  0.0676	  3.2606
 32.0000	208.0000	 14.6211	  0.0668	  2.8948
 48.0000	208.0000	 14.5191	 -0.0258	  1.6553
 64.0000	208.0000	 14.7545	  0.0009	  1.8282
 80.0000	208.0000	 14.7837	  0.0191	  1.7022
 96.0000	208.0000	 15.1628	  0.0529	  1.7675
112.0000	208.0000	 14.6012	 -0.0029	  3.9271
128.0000	208.0000	 14.4949	  0.0368	  2.9149
144.0000	208.0000	 14.7259	  0.0253	  1.2150
160.0000	208.0000	 14.7060	 -0.1095	  2.4806
176.0000	208.0000	 14.6618	 -0.0734	  4.2186
192.0000	208.0000	 14.5963	 -0.0272	  3.7172
208.0000	208.0000	 14.5899	 -0.0361	  2.3091
224.0000	208.0000	 14.4933	  0.1672	  2.0568
240.0000	208.0000	 14.4760	  0.1148	  2.7024
256.0000	208.0000	 14.4434	  0.0222	  2.5057
272.0000	208.0000	 14.3875	  0.0928	  1.9326
288.0000	208.0000	 14.4817	  0.0453	  1.9433
304.0000	208.0000	 14.4443	 -0.0092	  2.0066
320.0000	208.0000	 14.5517	 -0.0234	  2.2711
336.0000	208.0000	 14.6176	 -0.0711	  3.7851
352.0000	208.0000	 14.4554	  0.0216	  2.7111
368.0000	208.0000	 14.2024	 -0.0579	  1.6973
384.0000	208.0000	 14.6725	 -0.0116	  2.6230
400.0000	208.0000	 14.7095	 -0.0167	  3.4449
416.0000	208.0000	 14.5086	  0.0046	  2.7235
432.0000	208.0000	 14.5609	  0.0005	  2.8208
448.0000	208.0000	 14.6030	 -0.0044	  2.9364
464.0000	208.0000	 14.5967	 -0.0039	  1.7657
480.0000	208.0000	 14.8293	 -0.0423	  2.6123
496.0000	208.0000	 14.7452	 -0.0710	  2.1804
 16.0000	224.0000	 14.9303	  0.0698	  2.7414
 32.0000	224.0000	 14.8245	  0.0448	  3.6756
 48.0000	224.0000	 15.1563	  0.0119	  2.1948
 64.0000	224.0000	 15.0429	  0.0186	  2.3494
 80.0000	224.0000	 14.8596	  0.0016	  1.5489
 96.0000	224.0000	 15.1947	  0.0029	  2.9583
112.0000	224.0000	 15.2636	  0.0175	  4.3168
128.0000	224.0000	 15.2888	  0.0297	  1.9893
144.0000	224.0000	 15.1333	  0.0071	  2.7180
160.0000	224.0000	 15.1600	 -0.0043	  4.6541
176.0000	224.0000	 15.1925	 -0.0087	  4.9897
192.0000	224.0000	 15.1969	 -0.0010	  2.9349
208.0000	224.0000	 15.1860	  0.0010	  3.0166
224.0000	224.0000	 15.2185	 -0.0169	  3.0187
240.0000	224.0000	 15.1748	 -0.0225	  2.5514
256.0000	224.0000	 15.1507	 -0.0025	  3.0876
272.0000	224.0000	 15.1553	  0.0000	  2.1070
288.0000	224.0000	 15.2098	  0.0197	  2.2935
304.0000	224.0000	 15.2150	  0.0198	  2.3693
320.0000	224.0000	 14.9841	  0.0406	  1.0090
336.0000	224.0000	 15.5461	  0.3475	  1.2329
352.0000	224.0000	 15.2248	  0.1146	  1.2360
368.0000	224.0000	 14.7840	 -0.0172	  1.8272
384.0000	224.0000	 15.1242	  0.1182	  1.5159
400.0000	224.0000	 15.0613	  0.1178	  2.0350
416.0000	224.0000	 15.0855	 -0.0288	  1.3830
432.0000	224.0000	 14.9296	  0.0930	  1.6727
448.0000	224.0000	 14.8210	  0.1616	  1.9727
464.0000	224.0000	 15.1121	 -0.1412	  2.0826
480.0000	224.0000	 15.1170	 -0.1010	  2.9897
496.0000	224.0000	 15.0162	 -0.0226	  1.4270
 16.0000	240.0000	 15.4843	  0.0082	  1.3201
 32.0000	240.0000	 15.4977	 -0.0069	  2.4248
 48.0000	240.0000	 15.3636	 -0.0135	  3.3985
 64.0000	240.0000	 15.1901	 -0.0046	  2.2788
 80.0000	240.0000	 15.4701	  0.0128	  1.0441
 96.0000	240.0000	 15.3440	  0.0158	  1.5513
112.0000	240.0000	 15.4748	  0.0396	  2.5389
128.0000	240.0000	 15.4510	  0.0332	  2.4162
144.0000	240.0000	 15.1908	  0.0010	  3.1003
160.0000	240.0000	 15.2783	  0.0792	  3.2652
176.0000	240.0000	 15.4715	  0.0945	  3.1273
192.0000	240.0000	 15.3735	 -0.0016	  2.7373
208.0000	240.0000	 15.1944	  0.0211	  2.8192
224.0000	240.0000	 15.3270	  0.0154	  4.0276
240.0000	240.0000	 15.3531	  0.0394	  4.4994
256.0000	240.0000	 15.2987	  0.0537	  2.9068
272.0000	240.0000	 15.3070	 -0.0445	  1.4975
288.0000	240.0000	 15.3446	 -0.0185	  2.2556
304.0000	240.0000	 15.3470	 -0.0104	  2.4314
320.0000	240.0000	 15.4452	  0.1207	  1.0174
336.0000	240.0000	 15.5256	  0.0906	  2.8340
352.0000	240.0000	 15.3871	  0.0306	  4.5722
368.0000	240.0000	 15.0667	 -0.0596	  2.1030
384.0000	240.0000	 18.6725	-24.0507	  1.0463
400.0000	240.0000	-11.4031	 -7.9290	  1.3062
416.0000	240.0000	 15.4640	 -0.2989	  2.0925
432.0000	240.0000	 15.4580	 -0.3695	  1.5980
448.0000	240.0000	  4.9407	-27.0267	  1.0830
464.0000	240.0000	 15.3866	 -0.1630	  1.2198
480.0000	240.0000	 15.3995	  0.1074	  1.1888
496.0000	240.0000	-31.3895	-21.1548	  1.7438
 16.0000	256.0000	 15.5382	 -0.0025	  1.8593
 32.0000	256.0000	 15.5984	 -0.0030	  2.3428
 48.0000	256.0000	 15.4480	 -0.0374	  3.3689
 64.0000	256.0000	 15.4063	 -0.0093	  3.0416
 80.0000	256.0000	 15.4907	 -0.0030	  2.0819
 96.0000	256.0000	 15.4400	 -0.1241	  1.8925
112.0000	256.0000	 15.5432	 -0.1159	  2.4312
128.0000	256.0000	 15.5012	 -0.0566	  1.7647
144.0000	256.0000	 15.3149	 -0.0269	  1.1929
160.0000	256.0000	 15.6660	  0.0209	  1.8799
176.0000	256.0000	 15.5081	  0.0191	  1.1466
192.0000	256.0000	 15.2429	 -0.0153	  1.5702
208.0000	256.0000	 15.3787	 -0.0207	  1.2738
224.0000	256.0000	 15.3940	  0.0487	  2.6367
240.0000	256.0000	 15.5004	  0.0175	  2.2519
256.0000	256.0000	-16.4114	 11.1001	  1.3668
272.0000	256.0000	 15.5175	 -0.0797	  1.9657
288.0000	256.0000	 15.4948	 -0.1980	  3.0016
304.0000	256.0000	 15.4725	 -0.2105	  1.7330
320.0000	256.0000	-13.6444	-26.6695	  1.0955
336.0000	256.0000	 15.4563	  0.0038	  3.3123
352.0000	256.0000	 15.4554	  0.0039	  3.4989
368.0000	256.0000	 15.4838	 -0.0568	  2.2859
384.0000	256.0000	 15.4819	 -0.3097	  1.7572
400.0000	256.0000	 15.7167	 -0.2616	  1.6889
416.0000	256.0000	 15.5066	  0.0069	  2.2818
432.0000	256.0000	 15.3655	 -0.0312	  3.2504
448.0000	256.0000	 15.4775	 -0.1059	  3.0037
464.0000	256.0000	 15.4733	 -0.0031	  3.1677
480.0000	256.0000	 15.4166	  0.0542	  2.3253
496.0000	256.0000	-19.9876	 -8.9956	  1.0844
 16.0000	272.0000	 15.3970	 -0.0031	  2.4753
 32.0000	272.0000	 15.3796	 -0.0505	  3.4117
 48.0000	272.0000	 15.4140	 -0.1085	  2.8806
 64.0000	272.0000	 15.3644	 -0.0639	  3.0762
 80.0000	272.0000	 15.2568	 -0.0104	  2.4834
 96.0000	272.0000	 15.3658	  0.0037	  2.8710
112.0000	272.0000	 15.3931	 -0.0011	  3.0260
128.0000	272.0000	 15.4841	 -0.0076	  1.2317
144.0000	272.0000	-36.0685	 18.4738	  1.0503
160.0000	272.0000	 15.5342	 -0.0561	  2.9027
176.0000	272.0000	 15.3566	  0.0125	  2.8200
192.0000	272.0000	 15.1652	  0.0047	  2.1895
208.0000	272.0000	 15.2868	  0.0046	  2.3653
224.0000	272.0000	 15.2595	  0.0249	  1.5691
240.0000	272.0000	 17.0641	 14.5816	  1.0850
256.0000	272.0000	  3.3421	-36.0881	  1.0573
272.0000	272.0000	 15.4698	 -0.0490	  3.0541
288.0000	272.0000	 15.4397	 -0.0008	  3.8880
304.0000	272.0000	 15.3435	  0.0544	  2.5403
320.0000	272.0000	 15.2024	 -0.0728	  1.8001
336.0000	272.0000	 15.3592	 -0.0295	  2.2799
352.0000	272.0000	 15.4165	  0.0048	  2.0401
368.0000	272.0000	 15.4142	  0.0406	  3.2973
384.0000	272.0000	 15.3919	 -0.0589	  3.1163
400.0000	272.0000	 15.5550	 -0.1243	  2.1410
416.0000	272.0000	 15.4589	  0.0744	  2.1361
432.0000	272.0000	 15.3434	  0.0144	  3.7799
448.0000	272.0000	 15.4632	 -0.0262	  3.9540
464.0000	272.0000	 15.5065	  0.0219	  3.4283
480.0000	272.0000	 15.4074	 -0.0016	  2.7570
496.0000	272.0000	 15.2660	  0.0227	  1.3713
 16.0000	288.0000	 15.2180	 -0.0391	  2.4597
 32.0000	288.0000	 15.1953	 -0.0094	  4.1376
 48.0000	288.0000	 15.2456	  0.0045	  4.1932
 64.0000	288.0000	 15.1279	 -0.0064	  3.7731
 80.0000	288.0000	 14.9361	 -0.0032	  2.7670
 96.0000	288.0000	 15.2078	  0.0553	  2.3065
112.0000	288.0000	 15.1576	  0.0728	  2.3618
128.0000	288.0000	 15.0600	  0.0806	  1.7220
144.0000	288.0000	 15.0388	  0.0125	  2.2840
160.0000	288.0000	 15.1960	 -0.0162	  3.2466
176.0000	288.0000	 15.0511	 -0.0126	  3.1099
192.0000	288.0000	 14.9326	 -0.0736	  2.3254
208.0000	288.0000	 15.1009	 -0.1050	  1.9173
224.0000	288.0000	 15.0755	  0.0020	  2.1226
240.0000	288.0000	 15.0028	 -0.0013	  3.2826
256.0000	288.0000	 14.9963	 -0.0685	  2.3269
272.0000	288.0000	 15.2158	  0.0110	  2.2330
288.0000	288.0000	 15.2428	  0.1387	  3.8816
304.0000	288.0000	 15.1501	  0.1420	  2.8772
320.0000	288.0000	 15.0913	 -0.0869	  2.2067
336.0000	288.0000	 15.0865	 -0.0942	  2.6296
352.0000	288.0000	 15.0350	 -0.0222	  2.0390
368.0000	288.0000	 15.1521	  0.0724	  2.9958
384.0000	288.0000	 15.1302	  0.0112	  3.6344
400.0000	288.0000	 15.1926	 -0.0855	  2.3890
416.0000	288.0000	 15.1921	 -0.0088	  2.0055
432.0000	288.0000	 15.2183	 -0.0194	  2.3894
448.0000	288.0000	 15.3356	  0.1043	  1.7093
464.0000	288.0000	 15.1332	  0.0684	  2.1191
480.0000	288.0000	 15.1596	  0.0216	  2.6328
496.0000	288.0000	 15.1692	  0.0503	  2.5960
 16.0000	304.0000	 14.5380	 -0.0226	  1.3227
 32.0000	304.0000	 14.5837	  0.0632	  2.5056
 48.0000	304.0000	 14.6772	  0.0616	  3.4834
 64.0000	304.0000	 14.6375	  0.0319	  2.2328
 80.0000	304.0000	 14.4823	 -0.0386	  2.5787
 96.0000	304.0000	 14.6837	  0.0016	  1.9201
112.0000	304.0000	 14.8503	  0.0529	  1.4085
128.0000	304.0000	 14.7406	  0.0229	  1.9279
144.0000	304.0000	 14.7181	 -0.0326	  4.2358
160.0000	304.0000	 14.7859	 -0.0475	  2.0627
176.0000	304.0000	 14.8839	  0.0038	  2.0490
192.0000	304.0000	 14.6795	 -0.0026	  2.3396
208.0000	304.0000	 14.6990	 -0.0157	  2.2607
224.0000	304.0000	 14.9304	 -0.0191	  2.0112
240.0000	304.0000	 14.8765	 -0.0018	  3.4465
256.0000	304.0000	 14.6969	 -0.0108	  3.5618
272.0000	304.0000	 14.6664	  0.0331	  3.5681
288.0000	304.0000	 14.7528	  0.0484	  2.5712
304.0000	304.0000	 14.8685	  0.0005	  2.0257
320.0000	304.0000	 14.7445	  0.0117	  2.0185
336.0000	304.0000	 14.5977	  0.0089	  1.6582
352.0000	304.0000	 14.8701	 -0.0156	  2.2554
368.0000	304.0000	 14.8618	  0.0543	  2.5831
384.0000	304.0000	 14.8572	  0.1081	  3.7242
400.0000	304.0000	 14.7064	  0.0777	  2.5352
416.0000	304.0000	 14.6346	  0.1019	  2.2553
432.0000	304.0000	 14.8355	  0.1209	  2.1356
448.0000	304.0000	 14.5448	 -0.0021	  1.1492
464.0000	304.0000	 14.6559	  0.0209	  1.8275
480.0000	304.0000	 14.8558	  0.0180	  2.9255
496.0000	304.0000	 14.4819	 -0.0108	  1.6038
 16.0000	320.0000	 13.9562	  0.0249	  2.1347
 32.0000	320.0000	 14.1464	  0.0230	  2.2296
 48.0000	320.0000	 14.2125	  0.0057	  2.0599
 64.0000	320.0000	 14.0305	 -0.0128	  2.8703
 80.0000	320.0000	 14.1173	 -0.0132	  3.1373
 96.0000	320.0000	 14.1735	  0.0038	  2.4527
112.0000	320.0000	 13.9161	 -0.0183	  1.8998
128.0000	320.0000	 13.8192	 -0.0158	  2.5051
144.0000	320.0000	 14.1495	  0.0026	  2.8419
160.0000	320.0000	 14.1861	  0.0329	  2.7230
176.0000	320.0000	 14.0851	  0.0479	  1.2419
192.0000	320.0000	 14.2452	  0.2095	  1.4508
208.0000	320.0000	 14.1950	  0.1981	  1.5763
224.0000	320.0000	 14.0311	 -0.0006	  1.3318
240.0000	320.0000	 14.1476	  0.0006	  1.1778
256.0000	320.0000	 14.2470	  0.0768	  2.2909
272.0000	320.0000	 14.2529	  0.1239	  3.3180
288.0000	320.0000	 14.1739	  0.0586	  2.6472
304.0000	320.0000	 14.1619	  0.0139	  2.0067
320.0000	320.0000	 14.1427	  0.2558	  2.1991
336.0000	320.0000	 13.8285	  0.1516	  3.0575
352.0000	320.0000	 13.7823	 -0.0363	  1.6044
368.0000	320.0000	 14.0996	 -0.4177	  1.3643
384.0000	320.0000	 14.4890	  0.0772	  2.0838
400.0000	320.0000	 14.3708	  0.1924	  2.4181
416.0000	320.0000	 13.9604	  0.0495	  2.3411
432.0000	320.0000	 14.1568	  0.0426	  2.1631
448.0000	320.0000	 13.9345	  0.0161	  1.9346
464.0000	320.0000	 13.7307	  0.0288	  2.4009
480.0000	320.0000	 14.2463	  0.0233	  2.0900
496.0000	320.0000	 14.1126	 -0.0108	  1.3919
 16.0000	336.0000	 13.6238	 -0.0627	  1.5672
 32.0000	336.0000	 13.2300	  0.0170	  1.6201
 48.0000	336.0000	 13.5866	  0.1480	  1.7536
 64.0000	336.0000	 13.7541	  0.1457	  2.4016
 80.0000	336.0000	 13.7514	  0.0331	  1.7794
 96.0000	336.0000	 13.8725	 -0.0009	  2.2472
112.0000	336.0000	 13.6434	  0.0274	  3.2191
128.0000	336.0000	 13.3824	 -0.0052	  2.3785
144.0000	336.0000	 13.3646	  0.0726	  2.3048
160.0000	336.0000	 13.3813	 -0.0775	  3.0209
176.0000	336.0000	 13.1461	 -0.0957	  3.0555
192.0000	336.0000	 12.8023	 -0.0444	  2.0329
208.0000	336.0000	 12.9523	 -0.0338	  1.8180
224.0000	336.0000	 13.3702	  0.0258	  1.9122
240.0000	336.0000	 13.0772	  0.0065	  2.1414
256.0000	336.0000	 12.9038	 -0.0045	  2.0079
272.0000	336.0000	 13.1441	 -0.0127	  1.5838
288.0000	336.0000	 13.6246	 -0.0001	  2.3104
304.0000	336.0000	 13.3864	 -0.0333	  3.2117
320.0000	336.0000	 13.0003	 -0.1049	  2.5642
336.0000	336.0000	 13.1516	 -0.0617	  2.4577
352.0000	336.0000	 13.1089	  0.0343	  2.5298
368.0000	336.0000	 12.9540	  0.0761	  2.0504
384.0000	336.0000	 13.2984	  0.0015	  2.0880
400.0000	336.0000	 13.5402	  0.0119	  1.2905
416.0000	336.0000	 13.4599	 -0.0318	  1.9244
432.0000	336.0000	 13.4326	 -0.0275	  1.5496
448.0000	336.0000	 13.2246	 -0.0168	  1.8850
464.0000	336.0000	 13.1815	 -0.0159	  1.6331
480.0000	336.0000	 13.4763	 -0.0076	  1.3364
496.0000	336.0000	 -4.5608	-21.8502	  1.0800
 16.0000	352.0000	-12.1289	 38.9755	  1.0798
 32.0000	352.0000	 12.4446	 -0.0082	  1.6978
 48.0000	352.0000	 12.5202	  0.0574	  1.8242
 64.0000	352.0000	 12.4789	 -0.0010	  1.3108
 80.0000	352.0000	-10.3035	-13.4600	  1.0902
 96.0000	352.0000	-34.8631	 16.7394	  1.2594
112.0000	352.0000	 12.7894	 -0.1075	  1.9494
128.0000	352.0000	 11.9899	 -0.2720	  2.2217
144.0000	352.0000	 11.9474	 -0.1941	  1.8720
160.0000	352.0000	 12.7745	  0.0129	  3.3026
176.0000	352.0000	 12.4776	 -0.0354	  2.9840
192.0000	352.0000	 12.2321	 -0.0477	  2.7833
208.0000	352.0000	 12.3457	  0.0101	  2.5648
224.0000	352.0000	 11.9805	 -0.0032	  2.0958
240.0000	352.0000	 12.1098	  0.0003	  2.2551
256.0000	352.0000	 12.2556	 -0.0005	  3.3397
272.0000	352.0000	 11.8576	 -0.0059	  3.3617
288.0000	352.0000	 11.7861	  0.0026	  1.8228
304.0000	352.0000	 12.6155	  0.0021	  2.4681
320.0000	352.0000	 12.4449	  0.0044	  3.8266
336.0000	352.0000	 12.3811	 -0.0007	  3.0344
352.0000	352.0000	 12.3222	 -0.0414	  2.8037
368.0000	352.0000	 12.3508	  0.0091	  2.8613
384.0000	352.0000	 12.6768	  0.3074	  1.8353
400.0000	352.0000	 12.4143	  0.0531	  2.3700
416.0000	352.0000	 12.4934	  0.0002	  2.0070
432.0000	352.0000	 12.3680	  0.0214	  2.2042
448.0000	352.0000	 11.7812	 -0.0212	  2.1221
464.0000	352.0000	 11.5126	 -0.4945	  1.4449
480.0000	352.0000	 12.0411	 -0.1945	  1.9310
496.0000	352.0000	 12.3132	 -0.0322	  1.1904
 16.0000	368.0000	 11.0883	  0.0589	  1.1936
 32.0000	368.0000	 11.5945	  0.0041	  1.2923
 48.0000	368.0000	 11.5078	 -0.0360	  1.6951
 64.0000	368.0000	 10.7754	 -0.1903	  1.8703
 80.0000	368.0000	 10.5157	 -0.1065	  2.3751
 96.0000	368.0000	 10.5883	 -0.0219	  2.4007
112.0000	368.0000	 11.2529	  0.0005	  2.6139
128.0000	368.0000	 10.9100	 -0.0088	  2.9038
144.0000	368.0000	 10.7968	 -0.0086	  2.7482
160.0000	368.0000	 11.6755	  0.1262	  1.6270
176.0000	368.0000	 11.6045	 -0.0160	  1.9496
192.0000	368.0000	 11.4916	 -0.0577	  2.7885
208.0000	368.0000	 11.3454	 -0.0054	  1.7986
224.0000	368.0000	 11.1616	 -0.0139	  2.9396
240.0000	368.0000	 11.0293	  0.0009	  1.3764
256.0000	368.0000	 10.9137	 -0.0219	  2.2340
272.0000	368.0000	 11.1306	 -0.0193	  3.1433
288.0000	368.0000	 11.0415	 -0.0178	  2.3219
304.0000	368.0000	 11.1587	  0.0233	  1.4374
320.0000	368.0000	 11.8212	  0.1202	  2.3359
336.0000	368.0000	 11.7566	  0.0712	  2.4841
352.0000	368.0000	 11.5938	 -0.0067	  1.7177
368.0000	368.0000	 11.6907	 -0.0341	  1.6092
384.0000	368.0000	 11.3780	 -0.1415	  2.3286
400.0000	368.0000	 11.3451	 -0.1248	  2.3629
416.0000	368.0000	 11.1612	 -0.0771	  1.8901
432.0000	368.0000	 11.2251	 -0.0404	  1.7166
448.0000	368.0000	 11.3006	  0.0122	  2.4480
464.0000	368.0000	 11.2858	  0.0518	  2.1219
480.0000	368.0000	 11.5531	 -0.0754	  2.1865
496.0000	368.0000	 11.6677	 -0.0139	  1.3298
 16.0000	384.0000	  9.6634	  0.0488	  2.3390
 32.0000	384.0000	  9.1861	 -0.0148	  1.9607
 48.0000	384.0000	  9.7646	 -0.0052	  1.5250
 64.0000	384.0000	 10.2368	 -0.0016	  1.8764
 80.0000	384.0000	 10.3527	 -0.0006	  3.0905
 96.0000	384.0000	 10.4815	 -0.0004	  2.4142
112.0000	384.0000	 10.2749	  0.0510	  2.5239
128.0000	384.0000	  9.9550	  0.0561	  3.0504
144.0000	384.0000	  9.9062	  0.0449	  2.9786
160.0000	384.0000	  9.9552	 -0.0196	  1.1420
176.0000	384.0000	 10.0301	  0.1194	  1.7936
192.0000	384.0000	  9.8811	  0.1066	  1.8490
208.0000	384.0000	 10.1943	 -0.0021	  1.4287
224.0000	384.0000	 10.5335	 -0.0033	  1.9817
240.0000	384.0000	  9.3485	 -0.1417	  2.5889
256.0000	384.0000	  9.2165	 -0.0824	  3.9833
272.0000	384.0000	  9.3498	  0.0141	  3.4109
288.0000	384.0000	  9.4791	 -0.0632	  2.2393
304.0000	384.0000	  9.6693	 -0.0451	  2.8439
320.0000	384.0000	  9.5140	 -0.0553	  2.7246
336.0000	384.0000	  9.8896	 -0.0839	  1.5284
352.0000	384.0000	  9.8439	 -0.1082	  1.7399
368.0000	384.0000	  9.2418	 -0.2999	  1.3164
384.0000	384.0000	  9.7031	  0.0087	  2.8899
400.0000	384.0000	  9.5191	  0.0035	  2.8415
416.0000	384.0000	  9.8741	  0.0331	  2.2371
432.0000	384.0000	 10.0218	  0.0448	  2.1244
448.0000	384.0000	 10.0634	  0.1246	  2.0412
464.0000	384.0000	 10.1929	  0.2964	  1.9747
480.0000	384.0000	  9.5178	  0.0827	  2.6331
496.0000	384.0000	  9.2887	  0.0401	  2.3694
 16.0000	400.0000	  8.7065	 -0.0432	  2.1798
 32.0000	400.0000	  8.5049	 -0.0008	  2.2868
 48.0000	400.0000	  8.1298	  0.0123	  1.6947
 64.0000	400.0000	  8.3879	  0.0911	  1.4816
 80.0000	400.0000	  8.2994	  0.0767	  2.0824
 96.0000	400.0000	  7.7655	  0.0079	  1.7897
112.0000	400.0000	  8.6281	 -0.0113	  2.0373
128.0000	400.0000	  8.7971	 -0.0013	  3.0997
144.0000	400.0000	  8.6320	  0.0503	  3.4807
160.0000	400.0000	  8.5097	  0.0796	  2.0690
176.0000	400.0000	  8.3387	 -0.1013	  1.9345
192.0000	400.0000	  8.3740	 -0.0760	  1.9072
208.0000	400.0000	  8.0419	  0.0105	  2.1854
224.0000	400.0000	  7.6922	 -0.0061	  2.0550
240.0000	400.0000	  8.7431	 -0.0150	  1.9707
256.0000	400.0000	  8.8446	  0.0149	  3.6506
272.0000	400.0000	  8.2069	 -0.0504	  2.8691
288.0000	400.0000	  8.2822	 -0.0531	  3.1190
304.0000	400.0000	  8.8959	  0.0053	  3.3289
320.0000	400.0000	  8.6091	 -0.0199	  3.1168
336.0000	400.0000	  7.9944	 -0.0173	  2.2045
352.0000	400.0000	  8.0225	 -0.0117	  2.5663
368.0000	400.0000	  8.0658	  0.0090	  4.0638
384.0000	400.0000	  8.6002	  0.0411	  2.4784
400.0000	400.0000	  8.8414	  0.0366	  3.6146
416.0000	400.0000	  8.5105	  0.0510	  1.4578
432.0000	400.0000	  8.5094	 -0.0103	  1.7224
448.0000	400.0000	  8.9159	 -0.0080	  1.9021
464.0000	400.0000	  8.5177	 -0.0812	  2.1187
480.0000	400.0000	  8.1821	 -0.1074	  2.6790
496.0000	400.0000	  8.1347	  0.0003	  2.5397
 16.0000	416.0000	  6.3655	  0.0141	  3.0022
 32.0000	416.0000	  6.4063	  0.0196	  2.7208
 48.0000	416.0000	  6.7975	 -0.0205	  1.5955
 64.0000	416.0000	  7.2266	 -0.0453	  1.3507
 80.0000	416.0000	  7.6381	 -0.0116	  1.1237
 96.0000	416.0000	  7.6400	  0.0602	  2.4358
112.0000	416.0000	  6.4012	 -0.0164	  1.7581
128.0000	416.0000	  6.2746	 -0.0261	  1.8484
144.0000	416.0000	  7.5800	  0.0722	  2.0255
160.0000	416.0000	  7.6250	  0.0470	  1.5453
176.0000	416.0000	  6.7466	  0.0681	  1.8546
192.0000	416.0000	  6.9542	  0.0257	  1.7804
208.0000	416.0000	  7.4450	 -0.0354	  1.5564
224.0000	416.0000	  6.4610	 -0.0847	  2.2026
240.0000	416.0000	  6.1755	  0.0438	  2.8802
256.0000	416.0000	  6.8787	  0.0840	  1.6887
272.0000	416.0000	  7.3964	 -0.0007	  2.2901
288.0000	416.0000	  7.2729	  0.0085	  3.0248
304.0000	416.0000	  7.0588	  0.0195	  2.4279
320.0000	416.0000	  7.3865	  0.1169	  2.4782
336.0000	416.0000	  7.4868	  0.1321	  2.0265
352.0000	416.0000	  7.4275	  0.0657	  3.5211
368.0000	416.0000	  7.2550	  0.0066	  3.3932
384.0000	416.0000	  7.3156	 -0.0288	  2.3680
400.0000	416.0000	  7.8655	  0.0051	  1.4584
416.0000	416.0000	  6.6332	 -0.2754	  1.2385
432.0000	416.0000	  6.8376	 -0.2009	  1.9079
448.0000	416.0000	  7.0165	  0.0437	  1.5482
464.0000	416.0000	  7.0438	 -0.0011	  2.2270
480.0000	416.0000	  7.0890	 -0.0179	  2.3657
496.0000	416.0000	  6.7822	 -0.0314	  2.2376
 16.0000	432.0000	  5.7171	  0.0001	  3.3738
 32.0000	432.0000	  5.6988	  0.0023	  2.5567
 48.0000	432.0000	  4.7141	  0.0362	  2.1929
 64.0000	432.0000	  4.4790	 -0.0169	  2.1328
 80.0000	432.0000	  4.4389	 -0.0226	  2.2806
 96.0000	432.0000	  4.4996	 -0.0410	  2.4438
112.0000	432.0000	  4.9520	 -0.0839	  2.3102
128.0000	432.0000	  5.4226	 -0.0640	  2.1555
144.0000	432.0000	  5.6515	  0.0108	  2.0232
160.0000	432.0000	  4.4793	 -0.0904	  2.2707
176.0000	432.0000	  4.8929	  0.0291	  1.5756
192.0000	432.0000	  5.1880	 -0.0684	  2.1635
208.0000	432.0000	  4.6133	 -0.0442	  2.2758
224.0000	432.0000	  4.8167	  0.0080	  2.9350
240.0000	432.0000	  4.9876	  0.0645	  2.0038
256.0000	432.0000	  4.8956	  0.0915	  2.1631
272.0000	432.0000	  2.8523	  0.0573	  1.1899
288.0000	432.0000	  5.1416	  0.0769	  2.4141
304.0000	432.0000	  5.4326	  0.0638	  2.2677
320.0000	432.0000	  4.6257	  0.0245	  2.3682
336.0000	432.0000	  4.2686	  0.0719	  2.3574
352.0000	432.0000	  5.2010	  0.0886	  2.0666
368.0000	432.0000	  5.1177	  0.0543	  3.0749
384.0000	432.0000	  4.8179	  0.0539	  2.0701
400.0000	432.0000	  4.3591	  0.0073	  1.2857
416.0000	432.0000	  4.2909	  0.0606	  1.7432
432.0000	432.0000	  4.1535	  0.0698	  1.8138
448.0000	432.0000	  4.1565	 -0.0248	  2.0976
464.0000	432.0000	  4.5240	  0.0513	  1.5096
480.0000	432.0000	  4.1481	  0.2118	  1.6869
496.0000	432.0000	  4.6289	  0.2126	  1.8635
 16.0000	448.0000	  3.9854	 -0.0011	  1.9637
 32.0000	448.0000	  2.4842	  0.0189	  1.6937
 48.0000	448.0000	  2.7217	  0.0044	  1.7511
 64.0000	448.0000	  4.2237	  0.0550	  1.9578
 80.0000	448.0000	  4.2147	  0.0971	  2.3583
 96.0000	448.0000	  2.8659	  0.0108	  1.7479
112.0000	448.0000	  2.1243	  0.1046	  2.1836
128.0000	448.0000	  1.8622	  0.1959	  1.8373
144.0000	448.0000	  2.3733	 -0.0078	  1.9011
160.0000	448.0000	  3.1548	 -0.0661	  1.5694
176.0000	448.0000	  3.2402	 -0.0613	  2.3046
192.0000	448.0000	  2.8844	  0.1490	  2.2224
208.0000	448.0000	  3.5857	  0.0698	  1.3309
224.0000	448.0000	  3.4989	 -0.0308	  1.9631
240.0000	448.0000	  3.2043	 -0.0122	  2.1393
256.0000	448.0000	  2.8005	  0.0024	  1.7766
272.0000	448.0000	  1.7528	  0.0045	  1.5874
288.0000	448.0000	  4.1529	  0.1027	  1.8745
304.0000	448.0000	  3.8450	  0.0440	  1.8847
320.0000	448.0000	  3.4461	 -0.0135	  2.2460
336.0000	448.0000	  3.1017	 -0.0139	  2.7351
352.0000	448.0000	  2.6596	 -0.0108	  2.1510
368.0000	448.0000	  3.6178	  0.0199	  1.5857
384.0000	448.0000	  3.6100	  0.0148	  1.3725
400.0000	448.0000	  2.6645	 -0.1029	  1.8411
416.0000	448.0000	  3.0052	 -0.0258	  1.8652
432.0000	448.0000	  3.3007	  0.1417	  2.1257
448.0000	448.0000	  2.9955	  0.0488	  2.1400
464.0000	448.0000	  2.7451	 -0.0019	  1.4680
480.0000	448.0000	  2.8305	  0.0082	  1.8379
496.0000	448.0000	  2.3612	 -0.0745	  1.6400
 16.0000	464.0000	  0.3314	 -0.0302	  2.0590
 32.0000	464.0000	  0.7043	 -0.0705	  2.3963
 48.0000	464.0000	  1.1451	 -0.0176	  2.1438
 64.0000	464.0000	  0.3555	 -0.0841	  1.4354
 80.0000	464.0000	  1.2564	 -0.1840	  1.0131
 96.0000	464.0000	  1.4804	  0.0402	  1.8104
112.0000	464.0000	  1.5362	 -0.0008	  2.5912
128.0000	464.0000	  0.8365	  0.0082	  1.8636
144.0000	464.0000	  1.0900	 -0.0381	  2.1214
160.0000	464.0000	  0.9590	 -0.1336	  3.2984
176.0000	464.0000	  0.6135	 -0.0858	  2.3038
192.0000	464.0000	  1.5281	  0.0345	  1.8825
208.0000	464.0000	  1.2242	 -0.0012	  2.7301
224.0000	464.0000	  0.7920	  0.0049	  2.4059
240.0000	464.0000	  0.6938	 -0.0556	  2.6578
256.0000	464.0000	  0.7251	 -0.0720	  2.3224
272.0000	464.0000	  0.5801	 -0.0205	  1.6047
288.0000	464.0000	  0.6179	 -0.0102	  1.4938
304.0000	464.0000	  0.7200	  0.0032	  2.3578
320.0000	464.0000	  1.0655	 -0.0017	  3.2690
336.0000	464.0000	  1.2991	  0.0029	  3.0005
352.0000	464.0000	  0.7062	 -0.0953	  2.4766
368.0000	464.0000	  0.4271	 -0.0879	  2.0175
384.0000	464.0000	  0.5358	 -0.0874	  1.9936
400.0000	464.0000	  1.5094	  0.0847	  1.6534
416.0000	464.0000	  1.2177	  0.2105	  1.4449
432.0000	464.0000	  1.0728	 -0.0691	  1.5556
448.0000	464.0000	  0.9327	 -0.1040	  2.2593
464.0000	464.0000	  0.7569	 -0.0834	  2.2055
480.0000	464.0000	  0.9269	  0.0014	  2.1790
496.0000	464.0000	  0.5492	  0.0063	  2.1122
 16.0000	480.0000	  0.0535	 -0.0010	  2.3943
 32.0000	480.0000	  0.0871	  0.0009	  2.0577
 48.0000	480.0000	 -0.0265	 -0.1461	  2.3823
 64.0000	480.0000	  0.1586	 -0.1405	  2.5393
 80.0000	480.0000	  0.0289	 -0.0114	  2.6887
 96.0000	480.0000	 -0.2373	 -0.0035	  2.8416
112.0000	480.0000	  0.0945	  0.0253	  1.9989
128.0000	480.0000	  0.1062	  0.0073	  2.1357
144.0000	480.0000	  0.0741	 -0.0078	  2.4222
160.0000	480.0000	  0.1938	 -0.0049	  2.7747
176.0000	480.0000	  0.0467	  0.0097	  2.4199
192.0000	480.0000	 -0.0867	  0.0159	  2.4955
208.0000	480.0000	  0.0785	  0.0119	  2.9759
224.0000	480.0000	  0.0213	  0.0026	  2.2720
240.0000	480.0000	  0.0676	  0.0076	  2.8498
256.0000	480.0000	  0.1103	  0.0035	  2.5327
272.0000	480.0000	 -0.0051	 -0.1899	  2.1358
288.0000	480.0000	 -0.0730	 -0.1773	  2.8695
304.0000	480.0000	  0.0244	  0.0073	  3.1965
320.0000	480.0000	  0.0989	  0.0846	  3.6796
336.0000	480.0000	 -0.0167	  0.1707	  2.3321
352.0000	480.0000	 -0.0485	 -0.0002	  2.3519
368.0000	480.0000	  0.0659	  0.0656	  2.8639
384.0000	480.0000	  0.0206	 -0.0177	  2.9532
400.0000	480.0000	 -0.0449	 -0.1273	  2.0181
416.0000	480.0000	  0.1145	 -0.0145	  1.7692
432.0000	480.0000	  0.1801	 -0.0777	  2.4285
448.0000	480.0000	  0.0415	 -0.0452	  3.3515
464.0000	480.0000	 -0.0149	  0.0023	  2.9520
480.0000	480.0000	  0.0946	  0.0287	  3.3078
496.0000	480.0000	  0.0647	  0.0266	  3.0774
 16.0000	496.0000	  0.0036	  0.0250	  3.3846
 32.0000	496.0000	  0.0049	  0.0636	  2.1416
 48.0000	496.0000	  0.1613	  0.0138	  2.6908
 64.0000	496.0000	  0.1633	  0.0232	  3.6822
 80.0000	496.0000	 -0.0622	  0.0376	  3.2502
 96.0000	496.0000	 -0.2535	  0.0335	  3.2690
112.0000	496.0000	  0.0102	  0.0082	  3.1543
128.0000	496.0000	  0.0038	  0.0003	  2.1994
144.0000	496.0000	  0.1285	  0.0394	  2.8094
160.0000	496.0000	 -0.0033	  0.0374	  2.3613
176.0000	496.0000	 -0.4261	  0.0002	  1.7385
192.0000	496.0000	  0.0367	  0.0006	  2.1940
208.0000	496.0000	 -0.0004	  0.0261	  3.0660
224.0000	496.0000	 -0.0224	  0.0481	  2.2937
240.0000	496.0000	  0.1035	  0.0345	  2.4578
256.0000	496.0000	  0.0940	 -0.0000	  2.8490
272.0000	496.0000	 -0.0212	  0.0025	  4.1179
288.0000	496.0000	 -0.0621	  0.0202	  3.2591
304.0000	496.0000	  0.0459	  0.0267	  3.4282
320.0000	496.0000	 -0.0100	  0.0008	  3.5649
336.0000	496.0000	 -0.0930	 -0.0001	  3.4239
352.0000	496.0000	  0.0009	  0.1167	  2.9020
368.0000	496.0000	  0.0378	  0.2370	  2.0637
384.0000	496.0000	  0.0017	  0.1425	  2.8425
400.0000	496.0000	  0.0381	  0.1108	  4.0818
416.0000	496.0000	  0.0551	  0.0181	  3.5315
432.0000	496.0000	  0.0135	  0.0213	  4.1791
448.0000	496.0000	 -0.0208	  0.0997	  4.4368
464.0000	496.0000	 -0.0714	  0.1472	  3.0616
480.0000	496.0000	  0.0288	  0.0199	  3.8982
496.0000	496.0000	 -0.0037	  0.0126	  3.7166
