 16.0000	496.0000	  0.0000	  0.0000	  1.0000
 32.0000	496.0000	  0.4546	 -0.0242	  0.0000
 48.0000	496.0000	  0.0000	 -0.0000	  0.0000
 64.0000	496.0000	  0.4017	 -0.0254	  1.0000
 80.0000	496.0000	  0.0000	 -0.0000	  0.0000
 96.0000	496.0000	  0.2135	 -0.0356	  1.0000
112.0000	496.0000	  0.0000	 -0.0000	  0.0000
128.0000	496.0000	  0.7250	 -0.0425	  1.0000
144.0000	496.0000	  0.0000	 -0.0000	  0.0000
160.0000	496.0000	  0.0000	 -0.0000	  0.0000
176.0000	496.0000	  0.0000	 -0.0000	  0.0000
192.0000	496.0000	  0.0000	 -0.0000	  0.0000
208.0000	496.0000	  0.0000	 -0.0000	  0.0000
224.0000	496.0000	  0.2092	 -0.0011	  1.0000
240.0000	496.0000	  0.0000	 -0.0000	  0.0000
256.0000	496.0000	  0.0000	 -0.0000	  0.0000
272.0000	496.0000	  0.0000	 -0.0000	  0.0000
288.0000	496.0000	  0.0000	 -0.0000	  0.0000
304.0000	496.0000	  0.0000	 -0.0000	  0.0000
320.0000	496.0000	  0.0000	 -0.0000	  0.0000
336.0000	496.0000	  0.0000	 -0.0000	  0.0000
352.0000	496.0000	  0.0000	 -0.0000	  0.0000
368.0000	496.0000	  0.0000	 -0.0000	  0.0000
384.0000	496.0000	  0.8245	 -0.0072	  1.0000
400.0000	496.0000	  0.0000	 -0.0000	  0.0000
416.0000	496.0000	  0.0000	 -0.0000	  0.0000
432.0000	496.0000	  0.0000	 -0.0000	  0.0000
448.0000	496.0000	  0.7732	 -0.0509	  1.0000
464.0000	496.0000	  0.0000	 -0.0000	  0.0000
480.0000	496.0000	  0.2330	 -0.0437	  1.0000
496.0000	496.0000	  0.0000	 -0.0000	  0.0000
 16.0000	480.0000	  0.4752	 -0.0236	  0.0000
 32.0000	480.0000	  0.4701	 -0.0240	  0.0000
 48.0000	480.0000	  0.0000	 -0.0000	  0.0000
 64.0000	480.0000	  0.4479	 -0.0255	  0.0000
 80.0000	480.0000	  0.0365	 -0.0001	  0.0000
 96.0000	480.0000	  0.2290	 -0.0423	  0.0000
112.0000	480.0000	  0.0174	 -0.0055	  0.0000
128.0000	480.0000	  0.7285	 -0.0425	  0.0000
144.0000	480.0000	  0.0480	 -0.0001	  0.0000
160.0000	480.0000	  0.5531	 -0.9088	  0.0000
176.0000	480.0000	  0.0036	 -0.0008	  0.0000
192.0000	480.0000	  0.4516	 -0.9891	  0.0000
208.0000	480.0000	  0.0000	 -0.0000	  0.0000
224.0000	480.0000	  0.2158	 -0.0010	  0.0000
240.0000	480.0000	  0.0273	  0.0000	  0.0000
256.0000	480.0000	  0.2705	 -0.9846	  0.0000
272.0000	480.0000	  0.0254	 -0.0004	  0.0000
288.0000	480.0000	  0.3112	 -0.8692	  0.0000
304.0000	480.0000	  0.0435	  0.0000	  0.0000
320.0000	480.0000	  0.3128	 -0.7681	  0.0000
336.0000	480.0000	  0.0652	 -0.0008	  0.0000
352.0000	480.0000	  0.4396	 -0.9038	  0.0000
368.0000	480.0000	  0.0760	 -0.0062	  0.0000
384.0000	480.0000	  0.8531	 -0.0069	  0.0000
400.0000	480.0000	  0.0173	  0.0004	  0.0000
416.0000	480.0000	  0.2691	 -0.9614	  0.0000
432.0000	480.0000	  0.0001	  0.0000	  0.0000
448.0000	480.0000	  0.7735	 -0.0509	  0.0000
464.0000	480.0000	  0.0002	 -0.0000	  0.0000
480.0000	480.0000	  0.2330	 -0.0437	  0.0000
496.0000	480.0000	  0.0000	 -0.0000	  0.0000
 16.0000	464.0000	  1.3374	 -0.0002	  0.0000
 32.0000	464.0000	  0.4464	 -0.0004	  0.0000
 48.0000	464.0000	  0.9719	 -0.0061	  0.0000
 64.0000	464.0000	  1.3958	  0.0043	  0.0000
 80.0000	464.0000	  1.6054	 -0.0015	  0.0000
 96.0000	464.0000	  1.0562	  0.1438	  0.0000
112.0000	464.0000	  1.3366	 -0.9180	  0.0000
128.0000	464.0000	  1.5708	 -0.1256	  0.0000
144.0000	464.0000	  1.2694	 -0.9067	  0.0000
160.0000	464.0000	  2.1866	 -0.0360	  0.0000
176.0000	464.0000	  2.5318	 -0.2609	  0.0000
192.0000	464.0000	  2.1567	  0.0002	  0.0000
208.0000	464.0000	  1.2360	 -0.2237	  0.0000
224.0000	464.0000	  1.7779	  0.0003	  0.0000
240.0000	464.0000	  0.9290	 -0.9755	  0.0000
256.0000	464.0000	  0.3711	  0.0060	  0.0000
272.0000	464.0000	  1.2218	 -0.9589	  0.0000
288.0000	464.0000	  1.2317	  0.0020	  0.0000
304.0000	464.0000	  1.3268	 -0.2097	  0.0000
320.0000	464.0000	  1.8080	 -0.0032	  0.0000
336.0000	464.0000	  1.4748	 -0.1452	  0.0000
352.0000	464.0000	  1.4215	  0.0257	  0.0000
368.0000	464.0000	  0.8751	 -0.8604	  0.0000
384.0000	464.0000	  0.9244	  0.0393	  0.0000
400.0000	464.0000	  0.7265	 -1.0179	  0.0000
416.0000	464.0000	  0.9806	 -0.0156	  0.0000
432.0000	464.0000	  1.4320	 -0.8663	  0.0000
448.0000	464.0000	  2.0968	 -0.0172	  0.0000
464.0000	464.0000	  2.0851	 -0.1323	  0.0000
480.0000	464.0000	  1.0899	 -0.0897	  0.0000
496.0000	464.0000	  0.1592	  0.0004	  0.0000
 16.0000	448.0000	  3.6094	 -0.9727	  0.0000
 32.0000	448.0000	  3.8906	 -0.9530	  0.0000
 48.0000	448.0000	  3.1123	 -0.0404	  0.0000
 64.0000	448.0000	  1.5797	 -0.0383	  0.0000
 80.0000	448.0000	  1.0902	 -0.0055	  0.0000
 96.0000	448.0000	  3.3594	 -1.0102	  0.0000
112.0000	448.0000	  2.8903	  0.0123	  0.0000
128.0000	448.0000	  3.7355	 -0.8132	  0.0000
144.0000	448.0000	  3.7073	  0.0295	  0.0000
160.0000	448.0000	  3.3055	 -0.8153	  0.0000
176.0000	448.0000	  2.1808	 -0.0425	  0.0000
192.0000	448.0000	  3.4856	 -0.9720	  0.0000
208.0000	448.0000	  2.7736	 -0.0181	  0.0000
224.0000	448.0000	  2.2378	 -0.9409	  0.0000
240.0000	448.0000	  0.0000	  0.0000	  0.0000
256.0000	448.0000	  2.3516	 -0.8794	  0.0000
272.0000	448.0000	  2.6057	 -0.0050	  0.0000
288.0000	448.0000	  2.7250	 -0.9367	  0.0000
304.0000	448.0000	  2.8169	 -0.0031	  0.0000
320.0000	448.0000	  3.3295	 -0.9832	  0.0000
336.0000	448.0000	  3.0408	 -0.0116	  0.0000
352.0000	448.0000	  1.7832	 -0.7180	  0.0000
368.0000	448.0000	  2.2890	  0.0988	  0.0000
384.0000	448.0000	  3.9272	 -0.9642	  0.0000
400.0000	448.0000	  1.9103	  0.0171	  0.0000
416.0000	448.0000	  2.8893	 -0.8752	  0.0000
432.0000	448.0000	  2.7071	 -0.0461	  0.0000
448.0000	448.0000	  2.1055	 -0.9742	  0.0000
464.0000	448.0000	  2.8557	 -0.0324	  0.0000
480.0000	448.0000	  2.8623	  0.0497	  0.0000
496.0000	448.0000	  0.4144	 -0.0148	  1.0000
 16.0000	432.0000	  4.9829	  0.0606	  0.0000
 32.0000	432.0000	  5.0906	  0.0687	  0.0000
 48.0000	432.0000	  5.9666	  0.0092	  0.0000
 64.0000	432.0000	  5.2304	  0.0174	  0.0000
 80.0000	432.0000	  5.5657	 -0.2318	  0.0000
 96.0000	432.0000	  5.1226	  0.0159	  0.0000
112.0000	432.0000	  5.2841	 -0.2122	  0.0000
128.0000	432.0000	  5.0949	  0.0305	  0.0000
144.0000	432.0000	  4.7869	 -0.2675	  0.0000
160.0000	432.0000	  4.9235	 -0.4642	  0.0000
176.0000	432.0000	  5.2506	 -0.5166	  0.0000
192.0000	432.0000	  5.3718	  0.0181	  0.0000
208.0000	432.0000	  5.9832	 -0.1894	  0.0000
224.0000	432.0000	  5.6094	 -0.0013	  0.0000
240.0000	432.0000	  5.6949	 -0.9617	  0.0000
256.0000	432.0000	  4.0738	  0.0393	  0.0000
272.0000	432.0000	  4.9811	 -0.1971	  0.0000
288.0000	432.0000	  4.5323	 -0.0058	  0.0000
304.0000	432.0000	  4.1028	 -0.4964	  0.0000
320.0000	432.0000	  3.8677	 -0.0248	  0.0000
336.0000	432.0000	  4.4242	 -0.4724	  0.0000
352.0000	432.0000	  5.9468	 -0.5311	  0.0000
368.0000	432.0000	  5.4700	 -0.2536	  0.0000
384.0000	432.0000	  4.7824	 -0.0234	  0.0000
400.0000	432.0000	  5.1121	 -0.2390	  0.0000
416.0000	432.0000	  5.1065	 -0.0251	  0.0000
432.0000	432.0000	  5.0586	 -0.2512	  0.0000
448.0000	432.0000	  5.1452	 -0.0399	  0.0000
464.0000	432.0000	  5.9195	 -0.0249	  0.0000
480.0000	432.0000	  4.2709	  0.0106	  0.0000
496.0000	432.0000	  4.2812	 -0.1210	  0.0000
 16.0000	416.0000	  6.3931	 -0.1435	  0.0000
 32.0000	416.0000	  6.6011	 -0.2191	  0.0000
 48.0000	416.0000	  6.9795	 -0.1125	  0.0000
 64.0000	416.0000	  6.6760	 -0.9743	  0.0000
 80.0000	416.0000	  6.4448	  0.0089	  0.0000
 96.0000	416.0000	  7.4497	 -1.0022	  0.0000
112.0000	416.0000	  6.7089	 -0.0335	  0.0000
128.0000	416.0000	  6.9828	 -0.0998	  0.0000
144.0000	416.0000	  6.9415	 -0.5605	  0.0000
160.0000	416.0000	  7.0243	 -0.1512	  0.0000
176.0000	416.0000	  7.1304	 -0.4641	  0.0000
192.0000	416.0000	  7.0453	 -0.9521	  0.0000
208.0000	416.0000	  6.8610	  0.0005	  0.0000
224.0000	416.0000	  7.3191	 -0.9707	  0.0000
240.0000	416.0000	  7.4312	  0.0059	  0.0000
256.0000	416.0000	  6.6152	 -0.7531	  0.0000
272.0000	416.0000	  6.9120	 -0.0041	  0.0000
288.0000	416.0000	  6.4782	 -0.9470	  0.0000
304.0000	416.0000	  7.6829	 -0.0045	  0.0000
320.0000	416.0000	  8.0000	 -0.9332	  0.0000
336.0000	416.0000	  7.8314	 -0.4879	  0.0000
352.0000	416.0000	  6.2379	 -0.0590	  0.0000
368.0000	416.0000	  7.4589	 -0.4942	  0.0000
384.0000	416.0000	  7.5925	 -0.0273	  0.0000
400.0000	416.0000	  7.6662	  0.0732	  0.0000
416.0000	416.0000	  6.4913	 -0.8727	  0.0000
432.0000	416.0000	  7.6246	  0.0232	  0.0000
448.0000	416.0000	  7.5171	 -0.0999	  0.0000
464.0000	416.0000	  6.8826	 -0.0563	  0.0000
480.0000	416.0000	  7.3309	 -0.1121	  0.0000
496.0000	416.0000	  6.2237	  0.0554	  0.0000
 16.0000	400.0000	  8.9524	 -0.0031	  0.0000
 32.0000	400.0000	  8.4944	  0.0048	  0.0000
 48.0000	400.0000	  8.0060	 -0.4192	  0.0000
 64.0000	400.0000	  8.5543	  0.0033	  0.0000
 80.0000	400.0000	  8.8763	 -0.4742	  0.0000
 96.0000	400.0000	  8.6234	  0.0013	  0.0000
112.0000	400.0000	  8.4945	 -0.4814	  0.0000
128.0000	400.0000	  7.7415	  0.0247	  0.0000
144.0000	400.0000	  8.1277	 -0.5061	  0.0000
160.0000	400.0000	  9.0309	 -0.4757	  0.0000
176.0000	400.0000	  9.3561	 -0.2897	  0.0000
192.0000	400.0000	  7.8084	 -0.0146	  0.0000
208.0000	400.0000	  8.2340	 -0.0289	  0.0000
224.0000	400.0000	  8.6375	  0.0027	  0.0000
240.0000	400.0000	  8.1368	 -0.0472	  0.0000
256.0000	400.0000	  8.6040	  0.0036	  0.0000
272.0000	400.0000	  9.3280	 -0.2650	  0.0000
288.0000	400.0000	  8.5826	 -0.0027	  0.0000
304.0000	400.0000	  9.0198	 -0.4652	  0.0000
320.0000	400.0000	  8.7853	  0.0065	  0.0000
336.0000	400.0000	  8.2718	 -0.4866	  0.0000
352.0000	400.0000	  8.7525	 -0.5069	  0.0000
368.0000	400.0000	  8.7393	 -0.5315	  0.0000
384.0000	400.0000	  7.9066	  0.0084	  0.0000
400.0000	400.0000	  8.2647	 -0.5035	  0.0000
416.0000	400.0000	  8.5956	 -0.0110	  0.0000
432.0000	400.0000	  8.5996	 -0.4863	  0.0000
448.0000	400.0000	  7.9960	  0.0173	  0.0000
464.0000	400.0000	  8.9490	 -0.2765	  0.0000
480.0000	400.0000	  8.3175	 -0.0443	  0.0000
496.0000	400.0000	  7.3824	 -0.0028	  0.0000
 16.0000	384.0000	  9.9762	 -0.8527	  0.0000
 32.0000	384.0000	  9.8453	 -0.8180	  0.0000
 48.0000	384.0000	 10.1262	 -0.0271	  0.0000
 64.0000	384.0000	 10.4018	 -0.9166	  0.0000
 80.0000	384.0000	  9.8636	 -0.0257	  0.0000
 96.0000	384.0000	 10.6292	 -0.9210	  0.0000
112.0000	384.0000	 10.9344	 -0.0070	  0.0000
128.0000	384.0000	 10.2856	 -0.9478	  0.0000
144.0000	384.0000	  9.9207	  0.0279	  0.0000
160.0000	384.0000	 10.3450	 -0.9497	  0.0000
176.0000	384.0000	  9.7192	 -0.0068	  0.0000
192.0000	384.0000	 10.3217	 -0.0882	  0.0000
208.0000	384.0000	 10.0126	 -0.0047	  0.0000
224.0000	384.0000	 10.0365	 -0.0193	  0.0000
240.0000	384.0000	 11.0149	 -0.0789	  0.0000
256.0000	384.0000	 12.5887	 -0.1201	  0.0000
272.0000	384.0000	  9.9134	  0.0146	  0.0000
288.0000	384.0000	 10.1124	 -1.0078	  0.0000
304.0000	384.0000	  9.9410	 -0.0360	  0.0000
320.0000	384.0000	 10.6868	 -0.9538	  0.0000
336.0000	384.0000	 10.4681	 -0.0281	  0.0000
352.0000	384.0000	 10.9413	 -0.0620	  0.0000
368.0000	384.0000	  9.6640	 -0.0057	  0.0000
384.0000	384.0000	  9.2264	 -0.9417	  0.0000
400.0000	384.0000	  9.2031	  0.0333	  0.0000
416.0000	384.0000	  9.5927	 -0.0326	  0.0000
432.0000	384.0000	  9.9502	 -0.0181	  0.0000
448.0000	384.0000	 10.7726	 -0.9984	  0.0000
464.0000	384.0000	 10.2736	 -0.0083	  0.0000
480.0000	384.0000	 10.0386	 -0.0166	  0.0000
496.0000	384.0000	 10.1055	 -0.0208	  0.0000
 16.0000	368.0000	 10.7432	  0.0596	  0.0000
 32.0000	368.0000	 11.5805	  0.0700	  0.0000
 48.0000	368.0000	 12.1653	 -0.3710	  0.0000
 64.0000	368.0000	 11.5146	  0.0706	  0.0000
 80.0000	368.0000	 11.9877	 -0.3916	  0.0000
 96.0000	368.0000	 11.5848	 -0.0170	  0.0000
112.0000	368.0000	 11.8074	 -0.4682	  0.0000
128.0000	368.0000	 10.5085	 -0.0033	  0.0000
144.0000	368.0000	 11.7919	 -0.5148	  0.0000
160.0000	368.0000	 11.9471	 -0.0194	  0.0000
176.0000	368.0000	 11.6995	 -0.2368	  0.0000
192.0000	368.0000	 11.2127	  0.0044	  0.0000
208.0000	368.0000	 10.7827	 -0.0451	  0.0000
224.0000	368.0000	 10.9017	 -0.0411	  0.0000
240.0000	368.0000	 11.6515	 -0.1071	  0.0000
256.0000	368.0000	 12.2949	  0.0040	  0.0000
272.0000	368.0000	 11.4532	 -0.3408	  0.0000
288.0000	368.0000	 10.2856	  0.0091	  0.0000
304.0000	368.0000	 11.3835	 -0.4849	  0.0000
320.0000	368.0000	 12.0778	 -0.0031	  0.0000
336.0000	368.0000	 12.2199	 -0.4505	  0.0000
352.0000	368.0000	 11.4126	  0.0464	  0.0000
368.0000	368.0000	 10.9064	 -0.3499	  0.0000
384.0000	368.0000	 11.7540	  0.0087	  0.0000
400.0000	368.0000	 12.1665	 -0.4304	  0.0000
416.0000	368.0000	 10.8492	  0.0187	  0.0000
432.0000	368.0000	 10.9543	 -0.4473	  0.0000
448.0000	368.0000	 11.1054	 -0.0001	  0.0000
464.0000	368.0000	 11.6006	 -0.2387	  0.0000
480.0000	368.0000	 11.1194	  0.0037	  0.0000
496.0000	368.0000	 11.3142	  0.0023	  0.0000
 16.0000	352.0000	 12.2677	 -0.8907	  0.0000
 32.0000	352.0000	 12.2138	 -0.8112	  0.0000
 48.0000	352.0000	 12.4015	  0.0457	  0.0000
 64.0000	352.0000	 12.5325	 -0.9131	  0.0000
 80.0000	352.0000	 11.9797	 -0.0026	  0.0000
 96.0000	352.0000	 12.6332	 -0.8655	  0.0000
112.0000	352.0000	 12.2714	  0.0616	  0.0000
128.0000	352.0000	 13.6842	 -0.8834	  0.0000
144.0000	352.0000	 12.4151	  0.0324	  0.0000
160.0000	352.0000	 13.1604	 -0.9552	  0.0000
176.0000	352.0000	 12.9553	 -0.0194	  0.0000
192.0000	352.0000	 12.5304	 -0.0727	  0.0000
208.0000	352.0000	 12.9778	 -0.0958	  0.0000
224.0000	352.0000	 13.4147	 -0.0662	  0.0000
240.0000	352.0000	 12.2555	 -0.0113	  0.0000
256.0000	352.0000	 12.6448	 -0.0552	  0.0000
272.0000	352.0000	 12.8259	  0.0216	  0.0000
288.0000	352.0000	 13.4543	 -0.9947	  0.0000
304.0000	352.0000	 13.1511	  0.0334	  0.0000
320.0000	352.0000	 12.7371	 -0.8596	  0.0000
336.0000	352.0000	 12.1791	  0.0111	  0.0000
352.0000	352.0000	 13.2347	 -0.8425	  0.0000
368.0000	352.0000	 12.4453	 -0.0902	  0.0000
384.0000	352.0000	 12.6019	 -0.8986	  0.0000
400.0000	352.0000	 12.2535	  0.0182	  0.0000
416.0000	352.0000	 13.4413	 -0.8328	  0.0000
432.0000	352.0000	 12.8322	 -0.0003	  0.0000
448.0000	352.0000	 12.4124	 -0.9646	  0.0000
464.0000	352.0000	 12.9118	  0.0634	  0.0000
480.0000	352.0000	 13.0187	 -0.8806	  0.0000
496.0000	352.0000	 11.9681	 -0.0029	  0.0000
 16.0000	336.0000	 14.1645	  0.0203	  0.0000
 32.0000	336.0000	 14.0597	  0.0162	  0.0000
 48.0000	336.0000	 14.1230	 -0.4293	  0.0000
 64.0000	336.0000	 13.2823	  0.0006	  0.0000
 80.0000	336.0000	 13.6446	 -0.4523	  0.0000
 96.0000	336.0000	 13.1056	  0.0057	  0.0000
112.0000	336.0000	 13.7328	 -0.4643	  0.0000
128.0000	336.0000	 13.2433	 -0.0036	  0.0000
144.0000	336.0000	 13.4537	 -0.4722	  0.0000
160.0000	336.0000	 13.4392	 -0.0074	  0.0000
176.0000	336.0000	 13.3792	 -0.4723	  0.0000
192.0000	336.0000	 13.6638	 -0.0038	  0.0000
208.0000	336.0000	 14.1279	 -0.2602	  0.0000
224.0000	336.0000	 13.1692	 -0.0095	  0.0000
240.0000	336.0000	 13.2816	 -0.2921	  0.0000
256.0000	336.0000	 12.8240	 -0.0329	  0.0000
272.0000	336.0000	 13.7954	 -0.5320	  0.0000
288.0000	336.0000	 13.5079	  0.0024	  0.0000
304.0000	336.0000	 13.7978	 -0.4560	  0.0000
320.0000	336.0000	 13.3258	 -0.0061	  0.0000
336.0000	336.0000	 13.5156	 -0.4768	  0.0000
352.0000	336.0000	 13.7666	  0.0002	  0.0000
368.0000	336.0000	 13.6030	 -0.3932	  0.0000
384.0000	336.0000	 13.9756	 -0.0134	  0.0000
400.0000	336.0000	 13.5930	 -0.4069	  0.0000
416.0000	336.0000	 13.1749	  0.0176	  0.0000
432.0000	336.0000	 14.0710	 -0.2229	  0.0000
448.0000	336.0000	 13.8305	  0.0244	  0.0000
464.0000	336.0000	 13.6061	 -0.0017	  0.0000
480.0000	336.0000	 13.6562	 -0.0212	  0.0000
496.0000	336.0000	 13.3504	  0.0051	  0.0000
 16.0000	320.0000	 14.3216	 -0.9121	  0.0000
 32.0000	320.0000	 14.1499	 -0.9075	  0.0000
 48.0000	320.0000	 14.0323	 -0.0055	  0.0000
 64.0000	320.0000	 14.4714	 -0.9723	  0.0000
 80.0000	320.0000	 13.8573	  0.0028	  0.0000
 96.0000	320.0000	 14.1361	 -0.0300	  0.0000
112.0000	320.0000	 13.8941	 -0.0060	  0.0000
128.0000	320.0000	 14.0494	 -0.9500	  0.0000
144.0000	320.0000	 14.2259	 -0.0015	  0.0000
160.0000	320.0000	 14.1904	 -0.7977	  0.0000
176.0000	320.0000	 14.5127	  0.0009	  0.0000
192.0000	320.0000	 14.8404	 -0.9036	  0.0000
208.0000	320.0000	 13.9879	 -0.0016	  0.0000
224.0000	320.0000	 14.3844	 -0.9912	  0.0000
240.0000	320.0000	 14.2017	 -0.0015	  0.0000
256.0000	320.0000	 14.1515	 -0.9699	  0.0000
272.0000	320.0000	 14.1122	  0.0109	  0.0000
288.0000	320.0000	 14.6566	 -0.9387	  0.0000
304.0000	320.0000	 14.4386	 -0.0025	  0.0000
320.0000	320.0000	 14.0089	 -0.8885	  0.0000
336.0000	320.0000	 14.4977	  0.0147	  0.0000
352.0000	320.0000	 14.7494	 -0.0078	  0.0000
368.0000	320.0000	 13.7372	 -0.0007	  0.0000
384.0000	320.0000	 14.9378	 -0.9158	  0.0000
400.0000	320.0000	 14.6504	  0.0017	  0.0000
416.0000	320.0000	 14.2454	 -0.0186	  0.0000
432.0000	320.0000	 13.9536	  0.0008	  0.0000
448.0000	320.0000	 14.3555	 -0.0265	  0.0000
464.0000	320.0000	 14.5331	  0.0120	  0.0000
480.0000	320.0000	 14.5149	 -0.0364	  0.0000
496.0000	320.0000	 13.7326	 -0.0009	  0.0000
 16.0000	304.0000	 15.1596	 -0.0024	  0.0000
 32.0000	304.0000	 15.3146	 -0.0026	  0.0000
 48.0000	304.0000	 15.4900	 -0.4501	  0.0000
 64.0000	304.0000	 14.9966	 -0.0159	  0.0000
 80.0000	304.0000	 15.3332	 -0.4827	  0.0000
 96.0000	304.0000	 14.9065	 -0.0180	  0.0000
112.0000	304.0000	 15.3897	 -0.4644	  0.0000
128.0000	304.0000	 15.0702	  0.0189	  0.0000
144.0000	304.0000	 15.0144	 -0.4840	  0.0000
160.0000	304.0000	 14.6292	  0.0024	  0.0000
176.0000	304.0000	 15.2393	 -0.4579	  0.0000
192.0000	304.0000	 15.0592	  0.0031	  0.0000
208.0000	304.0000	 15.1351	 -0.4675	  0.0000
224.0000	304.0000	 14.7369	 -0.0017	  0.0000
240.0000	304.0000	 15.3675	 -0.5630	  0.0000
256.0000	304.0000	 15.2418	  0.0007	  0.0000
272.0000	304.0000	 15.6522	 -0.4726	  0.0000
288.0000	304.0000	 14.4600	 -0.0124	  0.0000
304.0000	304.0000	 15.4298	 -0.4821	  0.0000
320.0000	304.0000	 15.2627	 -0.0224	  0.0000
336.0000	304.0000	 15.2954	 -0.4692	  0.0000
352.0000	304.0000	 14.4505	  0.0023	  0.0000
368.0000	304.0000	 15.3102	 -0.4455	  0.0000
384.0000	304.0000	 14.6299	  0.0009	  0.0000
400.0000	304.0000	 15.2538	 -0.4735	  0.0000
416.0000	304.0000	 14.8398	 -0.0052	  0.0000
432.0000	304.0000	 15.1341	 -0.2409	  0.0000
448.0000	304.0000	 14.8196	 -0.0032	  0.0000
464.0000	304.0000	 15.1810	 -0.0284	  0.0000
480.0000	304.0000	 15.0106	 -0.0162	  0.0000
496.0000	304.0000	 13.5000	  0.0000	  0.0000
 16.0000	288.0000	 15.6653	 -0.9936	  0.0000
 32.0000	288.0000	 15.6985	 -0.9931	  0.0000
 48.0000	288.0000	 15.2585	 -0.0070	  0.0000
 64.0000	288.0000	 15.7864	 -0.8636	  0.0000
 80.0000	288.0000	 15.1438	  0.0210	  0.0000
 96.0000	288.0000	 15.4596	 -0.9608	  0.0000
112.0000	288.0000	 15.0115	  0.0110	  0.0000
128.0000	288.0000	 15.5646	 -0.8929	  0.0000
144.0000	288.0000	 15.2544	 -0.0047	  0.0000
160.0000	288.0000	 15.3636	 -0.9651	  0.0000
176.0000	288.0000	 14.9415	  0.0031	  0.0000
192.0000	288.0000	 14.9475	 -0.9081	  0.0000
208.0000	288.0000	 15.1858	 -0.0240	  0.0000
224.0000	288.0000	 15.9532	 -0.9752	  0.0000
240.0000	288.0000	 15.0281	  0.0022	  0.0000
256.0000	288.0000	 15.6760	 -0.9026	  0.0000
272.0000	288.0000	 15.1362	  0.0085	  0.0000
288.0000	288.0000	 15.7987	 -0.9488	  0.0000
304.0000	288.0000	 15.0455	 -0.0197	  0.0000
320.0000	288.0000	 15.4620	 -0.0234	  0.0000
336.0000	288.0000	 15.2740	  0.0431	  0.0000
352.0000	288.0000	 15.8097	 -0.9042	  0.0000
368.0000	288.0000	 15.0875	  0.0087	  0.0000
384.0000	288.0000	 15.5753	 -0.9525	  0.0000
400.0000	288.0000	 15.1756	  0.0089	  0.0000
416.0000	288.0000	 15.5804	 -0.8946	  0.0000
432.0000	288.0000	 15.2370	  0.0011	  0.0000
448.0000	288.0000	 15.3866	 -0.9941	  0.0000
464.0000	288.0000	 15.3822	  0.0012	  0.0000
480.0000	288.0000	 15.8180	 -0.0129	  0.0000
496.0000	288.0000	 14.8762	 -0.0078	  0.0000
 16.0000	272.0000	 15.3668	  0.0127	  0.0000
 32.0000	272.0000	 15.4183	  0.0126	  0.0000
 48.0000	272.0000	 15.8745	 -0.4811	  0.0000
 64.0000	272.0000	 15.3234	  0.0038	  0.0000
 80.0000	272.0000	 15.9572	 -0.4602	  0.0000
 96.0000	272.0000	 15.4172	 -0.0009	  0.0000
112.0000	272.0000	 16.0621	 -0.4634	  0.0000
128.0000	272.0000	 15.7949	 -0.0049	  0.0000
144.0000	272.0000	 16.0125	 -0.4739	  0.0000
160.0000	272.0000	 15.3202	  0.0104	  0.0000
176.0000	272.0000	 15.7730	 -0.4381	  0.0000
192.0000	272.0000	 15.3321	  0.0091	  0.0000
208.0000	272.0000	 15.7482	 -0.5049	  0.0000
224.0000	272.0000	 15.3643	  0.0005	  0.0000
240.0000	272.0000	 15.9498	 -0.4471	  0.0000
256.0000	272.0000	 15.2972	  0.0332	  0.0000
272.0000	272.0000	 15.8226	 -0.4138	  0.0000
288.0000	272.0000	 15.3600	 -0.0120	  0.0000
304.0000	272.0000	 15.8325	 -0.4833	  0.0000
320.0000	272.0000	 15.1025	  0.0153	  0.0000
336.0000	272.0000	 15.8370	 -0.4372	  0.0000
352.0000	272.0000	 15.2842	  0.0185	  0.0000
368.0000	272.0000	 15.8038	 -0.4654	  0.0000
384.0000	272.0000	 15.3932	  0.0020	  0.0000
400.0000	272.0000	 15.9056	 -0.4459	  0.0000
416.0000	272.0000	 15.3464	  0.0237	  0.0000
432.0000	272.0000	 16.0982	 -0.2065	  0.0000
448.0000	272.0000	 15.7100	 -0.0005	  0.0000
464.0000	272.0000	 15.8765	 -0.0086	  0.0000
480.0000	272.0000	 15.9774	 -0.0057	  0.0000
496.0000	272.0000	 14.5000	  0.0000	  0.0000
 16.0000	256.0000	 15.7562	 -0.9360	  0.0000
 32.0000	256.0000	 15.8134	 -0.9385	  0.0000
 48.0000	256.0000	 15.4129	 -0.0032	  0.0000
 64.0000	256.0000	 15.8274	 -0.9844	  0.0000
 80.0000	256.0000	 15.4187	  0.0018	  0.0000
 96.0000	256.0000	 16.3363	 -0.7611	  0.0000
112.0000	256.0000	 15.8073	  0.0017	  0.0000
128.0000	256.0000	 15.7584	 -0.9391	  0.0000
144.0000	256.0000	 15.8930	 -0.0126	  0.0000
160.0000	256.0000	 16.1919	 -0.9699	  0.0000
176.0000	256.0000	 15.3999	  0.0605	  0.0000
192.0000	256.0000	 15.7317	 -0.9503	  0.0000
208.0000	256.0000	 15.4124	  0.0018	  0.0000
224.0000	256.0000	 15.7759	 -0.9489	  0.0000
240.0000	256.0000	 15.4466	  0.0270	  0.0000
256.0000	256.0000	 15.8306	 -0.7983	  0.0000
272.0000	256.0000	 15.4661	  0.0811	  0.0000
288.0000	256.0000	 15.7860	 -0.7205	  0.0000
304.0000	256.0000	 15.4006	 -0.0051	  0.0000
320.0000	256.0000	 15.8897	 -0.9611	  0.0000
336.0000	256.0000	 15.4487	  0.0037	  0.0000
352.0000	256.0000	 15.8042	 -0.8403	  0.0000
368.0000	256.0000	 15.4286	 -0.0006	  0.0000
384.0000	256.0000	 15.7893	 -0.9333	  0.0000
400.0000	256.0000	 15.3995	  0.0138	  0.0000
416.0000	256.0000	 16.2538	 -0.8279	  0.0000
432.0000	256.0000	 15.8740	  0.0123	  0.0000
448.0000	256.0000	 15.9380	  0.0175	  0.0000
464.0000	256.0000	 15.9255	 -0.0324	  0.0000
480.0000	256.0000	 15.7392	 -0.0352	  0.0000
496.0000	256.0000	 15.2905	 -0.0074	  0.0000
 16.0000	240.0000	 15.2336	 -0.0016	  0.0000
 32.0000	240.0000	 15.3711	  0.0019	  0.0000
 48.0000	240.0000	 15.8130	 -0.4899	  0.0000
 64.0000	240.0000	 15.3582	  0.0202	  0.0000
 80.0000	240.0000	 16.0177	 -0.4315	  0.0000
 96.0000	240.0000	 15.2933	 -0.0079	  0.0000
112.0000	240.0000	 15.9914	 -0.4629	  0.0000
128.0000	240.0000	 15.9255	 -0.0154	  0.0000
144.0000	240.0000	 16.0054	 -0.4828	  0.0000
160.0000	240.0000	 15.2041	 -0.0016	  0.0000
176.0000	240.0000	 15.6701	 -0.4759	  0.0000
192.0000	240.0000	 15.3267	 -0.0007	  0.0000
208.0000	240.0000	 15.6925	 -0.4980	  0.0000
224.0000	240.0000	 15.3718	  0.0387	  0.0000
240.0000	240.0000	 15.7825	 -0.4395	  0.0000
256.0000	240.0000	 15.3712	  0.0039	  0.0000
272.0000	240.0000	 15.9354	 -0.4573	  0.0000
288.0000	240.0000	 15.4114	 -0.0304	  0.0000
304.0000	240.0000	 15.8277	 -0.4882	  0.0000
320.0000	240.0000	 15.3297	 -0.0174	  0.0000
336.0000	240.0000	 15.8866	 -0.4505	  0.0000
352.0000	240.0000	 15.3967	  0.0175	  0.0000
368.0000	240.0000	 15.8867	 -0.4768	  0.0000
384.0000	240.0000	 15.2501	 -0.0138	  0.0000
400.0000	240.0000	 15.9600	 -0.2482	  0.0000
416.0000	240.0000	 15.3490	  0.0043	  0.0000
432.0000	240.0000	 16.0988	 -0.9075	  0.0000
448.0000	240.0000	 15.4266	 -0.0079	  0.0000
464.0000	240.0000	 15.7583	 -0.0282	  0.0000
480.0000	240.0000	 15.7507	 -0.0197	  0.0000
496.0000	240.0000	 15.1258	  0.0258	  0.0000
 16.0000	224.0000	 15.5954	 -0.0197	  0.0000
 32.0000	224.0000	 15.6826	 -0.0200	  0.0000
 48.0000	224.0000	 15.2073	 -0.0017	  0.0000
 64.0000	224.0000	 15.8262	 -0.8376	  0.0000
 80.0000	224.0000	 15.2977	  0.0318	  0.0000
 96.0000	224.0000	 15.7014	 -0.9423	  0.0000
112.0000	224.0000	 15.0577	 -0.0036	  0.0000
128.0000	224.0000	 15.0558	 -0.0003	  0.0000
144.0000	224.0000	 15.1233	  0.0023	  0.0000
160.0000	224.0000	 15.6784	 -0.9719	  0.0000
176.0000	224.0000	 14.9738	 -0.0063	  0.0000
192.0000	224.0000	 15.5023	 -0.0230	  0.0000
208.0000	224.0000	 15.0952	 -0.0175	  0.0000
224.0000	224.0000	 15.7295	 -0.9971	  0.0000
240.0000	224.0000	 15.1066	  0.0029	  0.0000
256.0000	224.0000	 15.6635	 -0.9442	  0.0000
272.0000	224.0000	 15.1765	  0.0027	  0.0000
288.0000	224.0000	 15.8611	 -0.9498	  0.0000
304.0000	224.0000	 15.0203	 -0.0099	  0.0000
320.0000	224.0000	 15.4783	 -0.0069	  0.0000
336.0000	224.0000	 15.1107	  0.0203	  0.0000
352.0000	224.0000	 15.9876	 -0.9493	  0.0000
368.0000	224.0000	 15.1559	 -0.0025	  0.0000
384.0000	224.0000	 15.7375	 -0.0296	  0.0000
400.0000	224.0000	 15.1402	 -0.0240	  0.0000
416.0000	224.0000	 15.8783	 -0.7989	  0.0000
432.0000	224.0000	 15.6117	  0.0031	  0.0000
448.0000	224.0000	 16.0711	 -0.9713	  0.0000
464.0000	224.0000	 14.9338	 -0.0020	  0.0000
480.0000	224.0000	 15.9959	 -0.0137	  0.0000
496.0000	224.0000	 14.7746	  0.0314	  0.0000
 16.0000	208.0000	 15.1259	 -0.0555	  0.0000
 32.0000	208.0000	 15.1562	 -0.0744	  0.0000
 48.0000	208.0000	 15.7678	 -0.4514	  0.0000
 64.0000	208.0000	 15.0904	  0.0029	  0.0000
 80.0000	208.0000	 15.4069	 -0.4379	  0.0000
 96.0000	208.0000	 15.1442	  0.0084	  0.0000
112.0000	208.0000	 15.5843	 -0.4520	  0.0000
128.0000	208.0000	 15.2894	 -0.0028	  0.0000
144.0000	208.0000	 15.5897	 -0.4759	  0.0000
160.0000	208.0000	 15.3668	  0.0003	  0.0000
176.0000	208.0000	 15.7399	 -0.4993	  0.0000
192.0000	208.0000	 15.1654	 -0.0157	  0.0000
208.0000	208.0000	 15.5277	 -0.5129	  0.0000
224.0000	208.0000	 14.7617	 -0.0245	  0.0000
240.0000	208.0000	 15.6089	 -0.4727	  0.0000
256.0000	208.0000	 15.2794	  0.0052	  0.0000
272.0000	208.0000	 15.6901	 -0.4761	  0.0000
288.0000	208.0000	 15.1507	 -0.0101	  0.0000
304.0000	208.0000	 14.7607	 -0.2646	  0.0000
320.0000	208.0000	 15.2165	 -0.0270	  0.0000
336.0000	208.0000	 15.6675	 -0.2454	  0.0000
352.0000	208.0000	 14.5157	  0.0025	  0.0000
368.0000	208.0000	 15.5741	 -0.2255	  0.0000
384.0000	208.0000	 14.9768	 -0.0195	  0.0000
400.0000	208.0000	 15.6879	 -0.0110	  0.0000
416.0000	208.0000	 15.0687	  0.0297	  0.0000
432.0000	208.0000	 15.5003	  0.0199	  0.0000
448.0000	208.0000	 14.6012	  0.0052	  0.0000
464.0000	208.0000	 15.1819	 -0.0145	  0.0000
480.0000	208.0000	 14.6100	 -0.0092	  0.0000
496.0000	208.0000	 14.0000	  0.0000	  0.0000
 16.0000	192.0000	 14.6540	 -0.7822	  0.0000
 32.0000	192.0000	 14.6393	 -0.7435	  0.0000
 48.0000	192.0000	 13.9877	 -0.0006	  0.0000
 64.0000	192.0000	 14.3399	 -0.8947	  0.0000
 80.0000	192.0000	 14.2765	  0.0073	  0.0000
 96.0000	192.0000	 14.5190	 -0.7728	  0.0000
112.0000	192.0000	 14.2614	  0.0016	  0.0000
128.0000	192.0000	 14.1522	 -0.9056	  0.0000
144.0000	192.0000	 13.8605	  0.0053	  0.0000
160.0000	192.0000	 14.1405	 -0.0022	  0.0000
176.0000	192.0000	 13.9978	  0.0107	  0.0000
192.0000	192.0000	 14.4395	 -0.9696	  0.0000
208.0000	192.0000	 14.3633	  0.0083	  0.0000
224.0000	192.0000	 14.9292	 -0.9120	  0.0000
240.0000	192.0000	 14.4693	  0.0089	  0.0000
256.0000	192.0000	 14.5134	 -0.9468	  0.0000
272.0000	192.0000	 14.1525	 -0.0255	  0.0000
288.0000	192.0000	 14.1505	 -0.0317	  0.0000
304.0000	192.0000	 14.1299	  0.0046	  0.0000
320.0000	192.0000	 15.0439	 -0.9237	  0.0000
336.0000	192.0000	 14.6484	  0.0371	  0.0000
352.0000	192.0000	 15.0044	 -0.9325	  0.0000
368.0000	192.0000	 14.8808	 -0.0189	  0.0000
384.0000	192.0000	 14.2592	 -0.0418	  0.0000
400.0000	192.0000	 14.2182	 -0.0030	  0.0000
416.0000	192.0000	 14.5583	 -0.0673	  0.0000
432.0000	192.0000	 14.2861	 -0.0280	  0.0000
448.0000	192.0000	 15.0643	 -0.0156	  0.0000
464.0000	192.0000	 14.0530	 -0.0013	  0.0000
480.0000	192.0000	 14.2045	 -0.0049	  0.0000
496.0000	192.0000	 14.1220	 -0.0097	  0.0000
 16.0000	176.0000	 13.4597	  0.0014	  0.0000
 32.0000	176.0000	 13.1043	  0.0228	  0.0000
 48.0000	176.0000	 13.6348	 -0.4183	  0.0000
 64.0000	176.0000	 13.2947	 -0.0095	  0.0000
 80.0000	176.0000	 13.5318	 -0.5053	  0.0000
 96.0000	176.0000	 12.8318	 -0.4539	  0.0000
112.0000	176.0000	 13.2379	 -0.4610	  0.0000
128.0000	176.0000	 13.0742	 -0.0182	  0.0000
144.0000	176.0000	 13.8158	 -0.4896	  0.0000
160.0000	176.0000	 13.9428	 -0.0293	  0.0000
176.0000	176.0000	 14.0057	 -0.5360	  0.0000
192.0000	176.0000	 13.5885	 -0.0029	  0.0000
208.0000	176.0000	 13.9251	 -0.4851	  0.0000
224.0000	176.0000	 13.7613	 -0.0075	  0.0000
240.0000	176.0000	 13.6779	 -0.4539	  0.0000
256.0000	176.0000	 13.4114	  0.0105	  0.0000
272.0000	176.0000	 14.1316	 -0.4499	  0.0000
288.0000	176.0000	 13.9494	  0.0813	  0.0000
304.0000	176.0000	 13.8725	 -0.2081	  0.0000
320.0000	176.0000	 13.1660	  0.0006	  0.0000
336.0000	176.0000	 13.4703	 -0.2205	  0.0000
352.0000	176.0000	 13.0979	  0.0013	  0.0000
368.0000	176.0000	 13.1426	 -0.2329	  0.0000
384.0000	176.0000	 12.8728	 -0.0312	  0.0000
400.0000	176.0000	 13.1453	 -0.6333	  0.0000
416.0000	176.0000	 13.1261	 -0.0149	  0.0000
432.0000	176.0000	 14.2736	 -0.7278	  0.0000
448.0000	176.0000	 13.4791	 -0.0049	  0.0000
464.0000	176.0000	 13.8126	 -0.0237	  0.0000
480.0000	176.0000	 13.0729	 -0.0211	  0.0000
496.0000	176.0000	 13.2348	 -0.0107	  0.0000
 16.0000	160.0000	 12.9076	 -0.8496	  0.0000
 32.0000	160.0000	 13.1124	 -0.9468	  0.0000
 48.0000	160.0000	 12.4262	 -0.0072	  0.0000
 64.0000	160.0000	 13.2989	 -0.8342	  0.0000
 80.0000	160.0000	 12.3793	 -0.4682	  0.0000
 96.0000	160.0000	 12.7350	 -0.0982	  0.0000
112.0000	160.0000	 12.1793	 -0.5468	  0.0000
128.0000	160.0000	 12.7895	 -0.0439	  0.0000
144.0000	160.0000	 13.2372	  0.0101	  0.0000
160.0000	160.0000	 12.7454	 -1.0077	  0.0000
176.0000	160.0000	 12.5707	  0.0490	  0.0000
192.0000	160.0000	 12.6368	 -0.0079	  0.0000
208.0000	160.0000	 12.3982	  0.0562	  0.0000
224.0000	160.0000	 13.1677	 -0.8982	  0.0000
240.0000	160.0000	 12.3002	  0.0063	  0.0000
256.0000	160.0000	 12.9937	 -0.4740	  0.0000
272.0000	160.0000	 12.5592	 -0.0129	  0.0000
288.0000	160.0000	 12.6216	 -0.8896	  0.0000
304.0000	160.0000	 12.9807	  0.0089	  0.0000
320.0000	160.0000	 12.7595	 -0.9611	  0.0000
336.0000	160.0000	 12.0548	  0.0012	  0.0000
352.0000	160.0000	 13.0144	 -0.9266	  0.0000
368.0000	160.0000	 12.4275	  0.0035	  0.0000
384.0000	160.0000	 12.7229	 -0.8696	  0.0000
400.0000	160.0000	 12.2140	  0.0577	  0.0000
416.0000	160.0000	 12.8084	 -0.7829	  0.0000
432.0000	160.0000	 12.2375	  0.0023	  0.0000
448.0000	160.0000	 13.0926	 -0.0441	  0.0000
464.0000	160.0000	 12.1030	 -0.0180	  0.0000
480.0000	160.0000	 12.4514	  0.0250	  0.0000
496.0000	160.0000	 12.2595	 -0.0085	  1.0000
 16.0000	144.0000	 11.0356	  0.0081	  0.0000
 32.0000	144.0000	 11.1896	 -0.0035	  0.0000
 48.0000	144.0000	 12.0848	 -0.4145	  0.0000
 64.0000	144.0000	 11.6304	  0.0267	  0.0000
 80.0000	144.0000	 11.5810	 -0.4860	  0.0000
 96.0000	144.0000	 11.6310	 -0.5056	  0.0000
112.0000	144.0000	 12.2910	 -0.2656	  0.0000
128.0000	144.0000	 11.8762	 -0.0097	  0.0000
144.0000	144.0000	 12.1025	 -0.2996	  0.0000
160.0000	144.0000	 11.9127	 -0.0231	  0.0000
176.0000	144.0000	 11.5901	 -0.4985	  0.0000
192.0000	144.0000	 11.8705	  0.0079	  0.0000
208.0000	144.0000	 12.2168	 -0.4956	  0.0000
224.0000	144.0000	 11.3246	 -0.0418	  0.0000
240.0000	144.0000	 11.7201	 -0.5076	  0.0000
256.0000	144.0000	 10.6860	  0.0007	  0.0000
272.0000	144.0000	 11.3191	 -0.4692	  0.0000
288.0000	144.0000	 11.4986	  0.0036	  0.0000
304.0000	144.0000	 11.9057	 -0.4635	  0.0000
320.0000	144.0000	 11.2425	  0.0008	  0.0000
336.0000	144.0000	 11.8022	 -0.4610	  0.0000
352.0000	144.0000	 10.6652	  0.0832	  0.0000
368.0000	144.0000	 11.4280	 -0.3998	  0.0000
384.0000	144.0000	 11.0968	  0.0073	  0.0000
400.0000	144.0000	 11.3897	 -0.1516	  0.0000
416.0000	144.0000	 11.0485	 -0.0023	  0.0000
432.0000	144.0000	 11.8745	 -0.9836	  0.0000
448.0000	144.0000	 11.7624	 -0.0435	  0.0000
464.0000	144.0000	 11.9487	  0.0752	  0.0000
480.0000	144.0000	 11.0383	 -0.0247	  0.0000
496.0000	144.0000	 11.2193	 -0.0380	  0.0000
 16.0000	128.0000	 10.6083	 -0.8665	  0.0000
 32.0000	128.0000	 10.8229	 -0.8833	  0.0000
 48.0000	128.0000	 10.6734	 -0.0284	  0.0000
 64.0000	128.0000	 10.9612	 -0.8732	  0.0000
 80.0000	128.0000	 11.0641	 -0.0084	  0.0000
 96.0000	128.0000	 11.2695	 -0.9684	  0.0000
112.0000	128.0000	 10.5428	  0.0011	  0.0000
128.0000	128.0000	 10.6786	 -0.0169	  0.0000
144.0000	128.0000	 10.5835	 -0.0010	  0.0000
160.0000	128.0000	 10.9170	 -0.1074	  0.0000
176.0000	128.0000	 10.4684	 -0.0189	  0.0000
192.0000	128.0000	 10.4654	 -0.9674	  0.0000
208.0000	128.0000	 10.4062	 -0.0139	  0.0000
224.0000	128.0000	 10.6572	 -0.0060	  0.0000
240.0000	128.0000	  9.9600	  0.0132	  0.0000
256.0000	128.0000	 10.5043	 -1.0021	  0.0000
272.0000	128.0000	 10.0238	 -0.0057	  0.0000
288.0000	128.0000	 10.2708	 -0.0528	  0.0000
304.0000	128.0000	 10.0244	 -0.0445	  0.0000
320.0000	128.0000	 11.3167	 -0.9539	  0.0000
336.0000	128.0000	 10.2438	 -0.0008	  0.0000
352.0000	128.0000	 10.7472	 -1.0263	  0.0000
368.0000	128.0000	 10.2782	 -0.0636	  0.0000
384.0000	128.0000	 10.9566	 -0.9062	  0.0000
400.0000	128.0000	 10.0273	 -0.0072	  0.0000
416.0000	128.0000	 10.2109	  0.0064	  0.0000
432.0000	128.0000	 10.0115	  0.0285	  0.0000
448.0000	128.0000	 10.7828	 -0.9054	  0.0000
464.0000	128.0000	  9.8542	  0.0058	  0.0000
480.0000	128.0000	 10.4892	  0.0046	  0.0000
496.0000	128.0000	 10.4954	  0.0152	  0.0000
 16.0000	112.0000	  8.8222	  0.0158	  0.0000
 32.0000	112.0000	  8.6218	  0.0358	  0.0000
 48.0000	112.0000	  8.3004	 -0.4394	  0.0000
 64.0000	112.0000	  8.3465	  0.0159	  0.0000
 80.0000	112.0000	  7.6271	 -0.4500	  0.0000
 96.0000	112.0000	  8.2127	  0.0288	  0.0000
112.0000	112.0000	  8.9840	 -0.2402	  0.0000
128.0000	112.0000	  8.2124	 -0.0090	  0.0000
144.0000	112.0000	  9.0049	 -0.2035	  0.0000
160.0000	112.0000	  7.8908	  0.0548	  0.0000
176.0000	112.0000	  9.3021	 -0.5446	  0.0000
192.0000	112.0000	  8.9234	 -0.0529	  0.0000
208.0000	112.0000	  8.1896	 -0.5705	  0.0000
224.0000	112.0000	  9.5768	 -0.5972	  0.0000
240.0000	112.0000	  9.7865	 -0.7361	  0.0000
256.0000	112.0000	  8.1546	 -0.0115	  0.0000
272.0000	112.0000	  9.4180	 -0.5404	  0.0000
288.0000	112.0000	  9.8488	  0.0304	  0.0000
304.0000	112.0000	  8.7277	 -0.4840	  0.0000
320.0000	112.0000	  8.3431	 -0.0060	  0.0000
336.0000	112.0000	  8.0494	 -0.4934	  0.0000
352.0000	112.0000	  8.1427	 -0.5002	  0.0000
368.0000	112.0000	  8.7705	 -0.5026	  0.0000
384.0000	112.0000	  8.3518	 -0.0118	  0.0000
400.0000	112.0000	  9.1006	 -0.2672	  0.0000
416.0000	112.0000	  9.0431	 -0.0180	  0.0000
432.0000	112.0000	  9.2781	 -0.0493	  0.0000
448.0000	112.0000	  9.0176	 -0.0005	  0.0000
464.0000	112.0000	  8.5551	 -0.9188	  0.0000
480.0000	112.0000	  8.3171	 -0.0113	  0.0000
496.0000	112.0000	  8.1226	 -0.0066	  0.0000
 16.0000	 96.0000	  7.9561	  0.0350	  0.0000
 32.0000	 96.0000	  7.1675	 -0.0248	  0.0000
 48.0000	 96.0000	  7.0405	 -0.0130	  0.0000
 64.0000	 96.0000	  7.9417	 -0.0644	  0.0000
 80.0000	 96.0000	  6.4531	 -0.0133	  0.0000
 96.0000	 96.0000	  6.3353	 -0.9780	  0.0000
112.0000	 96.0000	  6.6216	 -0.0126	  0.0000
128.0000	 96.0000	  7.4176	 -1.0069	  0.0000
144.0000	 96.0000	  6.9176	  0.0614	  0.0000
160.0000	 96.0000	  7.6289	 -0.9181	  0.0000
176.0000	 96.0000	  6.2450	 -0.0005	  0.0000
192.0000	 96.0000	  7.8071	 -0.1213	  0.0000
208.0000	 96.0000	  7.8008	 -0.5109	  0.0000
224.0000	 96.0000	  7.3990	 -0.2326	  0.0000
240.0000	 96.0000	  7.1799	 -0.4979	  0.0000
256.0000	 96.0000	  7.2908	 -0.2733	  0.0000
272.0000	 96.0000	  7.0454	 -0.0744	  0.0000
288.0000	 96.0000	  7.0510	 -0.9002	  0.0000
304.0000	 96.0000	  6.5209	  0.0441	  0.0000
320.0000	 96.0000	  8.1237	 -0.0159	  0.0000
336.0000	 96.0000	  7.3913	 -0.4246	  0.0000
352.0000	 96.0000	  7.2498	  0.0272	  0.0000
368.0000	 96.0000	  7.3187	 -0.5258	  0.0000
384.0000	 96.0000	  6.3061	 -0.1211	  0.0000
400.0000	 96.0000	  6.0277	 -0.0790	  0.0000
416.0000	 96.0000	  6.4627	 -0.1148	  0.0000
432.0000	 96.0000	  6.5097	  0.0237	  0.0000
448.0000	 96.0000	  7.5654	 -0.0057	  0.0000
464.0000	 96.0000	  6.4605	 -0.0036	  0.0000
480.0000	 96.0000	  8.0172	 -0.6945	  0.0000
496.0000	 96.0000	  7.6784	  0.0037	  0.0000
 16.0000	 80.0000	  4.8984	  0.0085	  0.0000
 32.0000	 80.0000	  5.2960	 -0.0142	  0.0000
 48.0000	 80.0000	  5.2750	 -0.5018	  0.0000
 64.0000	 80.0000	  4.9305	  0.0076	  0.0000
 80.0000	 80.0000	  6.5390	 -0.4925	  0.0000
 96.0000	 80.0000	  5.9338	  0.0080	  0.0000
112.0000	 80.0000	  6.1769	 -0.4559	  0.0000
128.0000	 80.0000	  6.2979	  0.0302	  0.0000
144.0000	 80.0000	  4.7255	 -0.3884	  0.0000
160.0000	 80.0000	  3.8512	  0.0074	  0.0000
176.0000	 80.0000	  5.4710	 -0.4624	  0.0000
192.0000	 80.0000	  4.8301	  0.0202	  0.0000
208.0000	 80.0000	  4.3640	 -0.5367	  0.0000
224.0000	 80.0000	  5.4559	 -0.4881	  0.0000
240.0000	 80.0000	  6.5097	 -0.6330	  0.0000
256.0000	 80.0000	  5.0089	  0.0081	  0.0000
272.0000	 80.0000	  4.6869	 -0.3977	  0.0000
288.0000	 80.0000	  5.5211	 -0.0178	  0.0000
304.0000	 80.0000	  5.2862	 -0.4815	  0.0000
320.0000	 80.0000	  4.8134	 -0.5045	  0.0000
336.0000	 80.0000	  4.7669	 -0.6529	  0.0000
352.0000	 80.0000	  4.6911	 -0.6117	  0.0000
368.0000	 80.0000	  6.4730	 -0.2048	  0.0000
384.0000	 80.0000	  5.9105	  0.0000	  0.0000
400.0000	 80.0000	  5.8910	 -1.0799	  0.0000
416.0000	 80.0000	  5.0891	 -0.0114	  0.0000
432.0000	 80.0000	  6.2017	 -0.0072	  0.0000
448.0000	 80.0000	  5.7464	  0.0162	  0.0000
464.0000	 80.0000	  5.4704	 -0.0091	  0.0000
480.0000	 80.0000	  4.5868	 -0.0035	  0.0000
496.0000	 80.0000	  3.8158	  0.0001	  0.0000
 16.0000	 64.0000	  4.1850	 -0.9857	  0.0000
 32.0000	 64.0000	  4.2533	 -0.9633	  0.0000
 48.0000	 64.0000	  3.4763	  0.0004	  0.0000
 64.0000	 64.0000	  4.7419	 -0.9522	  0.0000
 80.0000	 64.0000	  3.3587	 -0.0008	  0.0000
 96.0000	 64.0000	  3.7143	 -1.0262	  0.0000
112.0000	 64.0000	  3.0812	 -0.0348	  0.0000
128.0000	 64.0000	  2.4947	 -1.0131	  0.0000
144.0000	 64.0000	  2.9494	 -0.1121	  0.0000
160.0000	 64.0000	  2.6939	 -0.0077	  0.0000
176.0000	 64.0000	  2.7605	 -0.0192	  0.0000
192.0000	 64.0000	  3.5408	 -0.8861	  0.0000
208.0000	 64.0000	  0.0000	  0.0000	  0.0000
224.0000	 64.0000	  2.2408	  0.1666	  0.0000
240.0000	 64.0000	  0.0000	  0.0000	  0.0000
256.0000	 64.0000	  3.5927	 -1.0173	  0.0000
272.0000	 64.0000	  2.8476	 -0.0326	  0.0000
288.0000	 64.0000	  3.1804	 -1.0032	  0.0000
304.0000	 64.0000	  3.1146	 -0.5409	  0.0000
320.0000	 64.0000	  4.2892	 -0.2231	  0.0000
336.0000	 64.0000	  3.7050	 -0.4606	  0.0000
352.0000	 64.0000	  3.6294	 -0.0172	  0.0000
368.0000	 64.0000	  4.4160	  0.0019	  0.0000
384.0000	 64.0000	  5.2057	 -0.8047	  0.0000
400.0000	 64.0000	  1.9186	  0.0606	  0.0000
416.0000	 64.0000	  2.3146	 -0.8448	  0.0000
432.0000	 64.0000	  2.6688	  0.1395	  0.0000
448.0000	 64.0000	  4.3107	  0.1519	  0.0000
464.0000	 64.0000	  4.2449	 -0.0191	  0.0000
480.0000	 64.0000	  3.8299	 -0.0454	  0.0000
496.0000	 64.0000	  3.2888	  0.0045	  0.0000
 16.0000	 48.0000	  0.8092	 -0.0005	  0.0000
 32.0000	 48.0000	  0.6910	 -0.0017	  0.0000
 48.0000	 48.0000	  1.5615	 -0.9573	  0.0000
 64.0000	 48.0000	  1.7645	  0.0006	  0.0000
 80.0000	 48.0000	  1.3714	 -0.4693	  0.0000
 96.0000	 48.0000	  1.5057	  0.0452	  0.0000
112.0000	 48.0000	  1.1939	 -0.1973	  0.0000
128.0000	 48.0000	  1.1002	  0.0485	  0.0000
144.0000	 48.0000	  0.9778	 -0.1730	  0.0000
160.0000	 48.0000	  0.8412	  0.0032	  0.0000
176.0000	 48.0000	  1.5163	 -0.2136	  0.0000
192.0000	 48.0000	  1.1286	 -0.0814	  0.0000
208.0000	 48.0000	  1.1863	 -0.2063	  0.0000
224.0000	 48.0000	  0.7596	 -0.0115	  0.0000
240.0000	 48.0000	  1.7535	 -0.4688	  0.0000
256.0000	 48.0000	  0.7176	  0.0570	  0.0000
272.0000	 48.0000	  1.4576	 -0.4717	  0.0000
288.0000	 48.0000	  1.9851	  0.0450	  0.0000
304.0000	 48.0000	  2.6382	 -0.4079	  0.0000
320.0000	 48.0000	  0.8496	 -0.4760	  0.0000
336.0000	 48.0000	  2.6404	 -0.5317	  0.0000
352.0000	 48.0000	  1.2700	 -0.1164	  0.0000
368.0000	 48.0000	  0.9077	 -0.9084	  0.0000
384.0000	 48.0000	  0.7752	 -0.0023	  0.0000
400.0000	 48.0000	  1.7438	 -0.9184	  0.0000
416.0000	 48.0000	  1.8292	 -0.0240	  0.0000
432.0000	 48.0000	  1.8860	 -0.8459	  0.0000
448.0000	 48.0000	  1.2222	  0.0653	  0.0000
464.0000	 48.0000	  1.5050	 -0.0075	  0.0000
480.0000	 48.0000	  0.9831	  0.0194	  0.0000
496.0000	 48.0000	  1.6641	  0.0184	  0.0000
 16.0000	 32.0000	  0.4731	 -0.9723	  0.0000
 32.0000	 32.0000	  0.4003	 -0.9723	  0.0000
 48.0000	 32.0000	  0.0000	 -0.0000	  0.0000
 64.0000	 32.0000	  0.4056	 -0.9514	  0.0000
 80.0000	 32.0000	  0.0006	  0.0000	  0.0000
 96.0000	 32.0000	  0.4543	 -0.8481	  0.0000
112.0000	 32.0000	  0.1231	 -0.0182	  0.0000
128.0000	 32.0000	  0.4062	 -0.9558	  0.0000
144.0000	 32.0000	  0.0740	  0.0038	  0.0000
160.0000	 32.0000	  0.3447	 -0.8948	  0.0000
176.0000	 32.0000	  0.1024	 -0.0006	  0.0000
192.0000	 32.0000	  0.3499	 -0.9327	  0.0000
208.0000	 32.0000	  0.0475	  0.0077	  0.0000
224.0000	 32.0000	  0.4157	 -0.7195	  0.0000
240.0000	 32.0000	  0.0835	 -0.0002	  0.0000
256.0000	 32.0000	  0.7421	 -0.9321	  0.0000
272.0000	 32.0000	  0.0006	  0.0001	  0.0000
288.0000	 32.0000	  0.3165	 -0.8874	  0.0000
304.0000	 32.0000	  0.0218	  0.0009	  0.0000
320.0000	 32.0000	  0.6753	 -0.9760	  0.0000
336.0000	 32.0000	  0.0135	 -0.0030	  0.0000
352.0000	 32.0000	  0.0676	 -0.0335	  0.0000
368.0000	 32.0000	  0.0000	 -0.0000	  0.0000
384.0000	 32.0000	  0.1223	 -0.0239	  0.0000
400.0000	 32.0000	  0.0272	  0.0003	  0.0000
416.0000	 32.0000	  0.3376	 -0.0259	  0.0000
432.0000	 32.0000	  0.0084	  0.0002	  0.0000
448.0000	 32.0000	  0.3399	 -0.0040	  0.0000
464.0000	 32.0000	  0.0012	  0.0004	  0.0000
480.0000	 32.0000	  0.2183	 -0.9208	  0.0000
496.0000	 32.0000	  0.0148	 -0.0005	  0.0000
 16.0000	 16.0000	  0.0000	 -0.0000	  0.0000
 32.0000	 16.0000	  0.0000	 -0.0000	  0.0000
 48.0000	 16.0000	  0.0000	 -0.0000	  0.0000
 64.0000	 16.0000	  0.0000	 -0.0000	  0.0000
 80.0000	 16.0000	  0.0000	 -0.0000	  0.0000
 96.0000	 16.0000	  0.3355	 -0.7562	  0.0000
112.0000	 16.0000	  0.0000	 -0.0000	  0.0000
128.0000	 16.0000	  0.3307	 -0.9138	  0.0000
144.0000	 16.0000	  0.0000	 -0.0000	  0.0000
160.0000	 16.0000	  0.2434	 -0.9463	  0.0000
176.0000	 16.0000	  0.0000	 -0.0000	  0.0000
192.0000	 16.0000	  0.3043	 -0.8918	  0.0000
208.0000	 16.0000	  0.0000	 -0.0000	  0.0000
224.0000	 16.0000	  0.2689	 -0.8867	  0.0000
240.0000	 16.0000	  0.0000	 -0.0000	  0.0000
256.0000	 16.0000	  0.0000	 -0.0000	  0.0000
272.0000	 16.0000	  0.0000	 -0.0000	  0.0000
288.0000	 16.0000	  0.3118	  0.0243	  1.0000
304.0000	 16.0000	  0.0000	 -0.0000	  0.0000
320.0000	 16.0000	  0.0000	 -0.0000	  0.0000
336.0000	 16.0000	  0.0000	 -0.0000	  0.0000
352.0000	 16.0000	  0.0000	 -0.0000	  0.0000
368.0000	 16.0000	  0.0000	 -0.0000	  0.0000
384.0000	 16.0000	  0.0000	 -0.0000	  0.0000
400.0000	 16.0000	  0.0000	 -0.0000	  0.0000
416.0000	 16.0000	  0.0000	 -0.0000	  0.0000
432.0000	 16.0000	  0.0000	 -0.0000	  0.0000
448.0000	 16.0000	  0.0000	 -0.0000	  0.0000
464.0000	 16.0000	  0.0000	 -0.0000	  0.0000
480.0000	 16.0000	  0.2035	  0.0086	  1.0000
496.0000	 16.0000	  0.0000	 -0.0000	  0.0000
