 16.0000	 16.0000	  0.0567	 -0.0076	  3.5729
 32.0000	 16.0000	  0.0574	 -0.0179	  3.7278
 48.0000	 16.0000	 -0.0002	 -0.0702	  3.2260
 64.0000	 16.0000	 -0.0404	 -0.0718	  3.3041
 80.0000	 16.0000	  0.0104	 -0.0260	  3.6222
 96.0000	 16.0000	 -0.0219	 -0.0275	  4.1284
112.0000	 16.0000	 -0.0908	 -0.0023	  3.0139
128.0000	 16.0000	 -0.0207	 -0.0014	  1.7144
144.0000	 16.0000	 -0.0166	 -0.0131	  3.1634
160.0000	 16.0000	 -0.0006	 -0.0243	  2.5075
176.0000	 16.0000	  0.1536	 -0.0049	  1.2331
192.0000	 16.0000	  0.0462	 -0.0448	  3.7515
208.0000	 16.0000	  0.0424	 -0.0501	  2.9019
224.0000	 16.0000	 -0.0379	 -0.0070	  2.5092
240.0000	 16.0000	 -0.1434	 -0.0717	  2.7160
256.0000	 16.0000	 -0.0513	 -0.0738	  2.1736
272.0000	 16.0000	  0.0160	 -0.0434	  2.5021
288.0000	 16.0000	  0.0065	 -0.0830	  1.5126
304.0000	 16.0000	 -0.0270	 -0.0005	  2.1111
320.0000	 16.0000	  0.0548	 -0.0011	  2.6393
336.0000	 16.0000	  0.0267	 -0.0018	  2.4436
352.0000	 16.0000	 -0.0319	 -0.0028	  3.0967
368.0000	 16.0000	 -0.0129	 -0.0811	  4.6232
384.0000	 16.0000	  0.0043	 -0.1067	  3.6855
400.0000	 16.0000	 -0.0008	 -0.0402	  3.1948
416.0000	 16.0000	  0.1093	 -0.1004	  2.5893
432.0000	 16.0000	  0.0434	 -0.0790	  2.8164
448.0000	 16.0000	 -0.0841	 -0.0447	  2.8421
464.0000	 16.0000	 -0.0539	 -0.0883	  3.2356
480.0000	 16.0000	  0.0449	 -0.0125	  3.8744
496.0000	 16.0000	 -0.0161	 -0.0031	  2.6176
 16.0000	 32.0000	  0.0492	  0.1956	  2.7535
 32.0000	 32.0000	  0.0236	 -0.0001	  1.7672
 48.0000	 32.0000	 -0.0358	  0.0396	  2.2773
 64.0000	 32.0000	 -0.0028	  0.0642	  2.4367
 80.0000	 32.0000	  0.0837	  0.0043	  2.5970
 96.0000	 32.0000	 -0.0140	  0.0018	  2.5668
112.0000	 32.0000	-10.1374	 -0.2588	  1.0118
128.0000	 32.0000	  0.0016	  0.0423	  1.7423
144.0000	 32.0000	 -0.0093	  0.1153	  2.6995
160.0000	 32.0000	  0.0048	  0.1422	  2.4553
176.0000	 32.0000	  0.0750	  0.0005	  2.6492
192.0000	 32.0000	  0.1355	 -0.0625	  3.2495
208.0000	 32.0000	  0.2274	 -0.0981	  3.1191
224.0000	 32.0000	  0.0014	 -0.0848	  2.6448
240.0000	 32.0000	 -0.1332	 -0.1896	  2.2680
256.0000	 32.0000	  0.1005	 -0.1217	  2.4147
272.0000	 32.0000	  0.0064	  0.0008	  2.8252
288.0000	 32.0000	  0.0462	 -0.0614	  2.5083
304.0000	 32.0000	  0.1672	 -0.1211	  2.0366
320.0000	 32.0000	  0.1572	 -0.0150	  2.0584
336.0000	 32.0000	  0.1479	  0.2115	  1.3220
352.0000	 32.0000	  0.0453	  0.0063	  1.4190
368.0000	 32.0000	  0.0064	  0.0058	  2.6912
384.0000	 32.0000	  0.0193	  0.0028	  3.9960
400.0000	 32.0000	  0.0002	  0.0037	  2.7623
416.0000	 32.0000	  0.1566	  0.0032	  2.5391
432.0000	 32.0000	  0.0100	 -0.0013	  2.3445
448.0000	 32.0000	 -0.0854	 -0.0054	  2.9473
464.0000	 32.0000	  0.1483	 -0.0729	  3.8819
480.0000	 32.0000	  0.0919	 -0.0521	  3.3491
496.0000	 32.0000	 -0.0163	 -0.0008	  3.4654
 16.0000	 48.0000	  1.4112	 -0.0445	  2.5566
 32.0000	 48.0000	  1.8272	 -0.0134	  2.0218
 48.0000	 48.0000	  0.5482	  0.1160	  2.4244
 64.0000	 48.0000	  0.1796	  0.2081	  2.0951
 80.0000	 48.0000	  0.4004	  0.1595	  1.4779
 96.0000	 48.0000	  0.8853	  0.0625	  1.4544
112.0000	 48.0000	  1.3828	 -0.0253	  1.6014
128.0000	 48.0000	  1.2611	 -0.0213	  1.7200
144.0000	 48.0000	  0.8750	  0.0428	  1.5262
160.0000	 48.0000	  0.4817	  0.0304	  1.0544
176.0000	 48.0000	  0.5500	 -0.0382	  2.1165
192.0000	 48.0000	  0.7413	  0.0367	  2.5577
208.0000	 48.0000	  0.6859	 -0.0134	  2.7335
224.0000	 48.0000	  0.6281	 -0.0819	  2.2152
240.0000	 48.0000	  0.6363	 -0.0311	  2.2968
256.0000	 48.0000	  0.4795	  0.1232	  3.1496
272.0000	 48.0000	  0.3178	  0.0159	  2.4794
288.0000	 48.0000	  0.6289	  0.0367	  2.7616
304.0000	 48.0000	  0.8699	  0.0232	  2.6575
320.0000	 48.0000	  1.3645	  0.0029	  1.7394
336.0000	 48.0000	  1.4127	 -0.0078	  2.1294
352.0000	 48.0000	  0.9867	 -0.0192	  1.8342
368.0000	 48.0000	  0.7681	  0.1405	  2.0189
384.0000	 48.0000	  0.8828	  0.1197	  2.4757
400.0000	 48.0000	  1.3854	 -0.1103	  1.6007
416.0000	 48.0000	  1.4742	  0.1250	  1.6896
432.0000	 48.0000	  1.2418	  0.0570	  2.4159
448.0000	 48.0000	  0.4832	  0.0999	  2.1983
464.0000	 48.0000	  0.4725	  0.1491	  2.9464
480.0000	 48.0000	  0.4295	  0.0551	  2.5845
496.0000	 48.0000	  0.4963	  0.0009	  2.1851
 16.0000	 64.0000	  2.9579	 -0.0256	  3.0504
 32.0000	 64.0000	  2.5383	 -0.0297	  2.0804
 48.0000	 64.0000	  3.0879	 -0.0288	  1.8431
 64.0000	 64.0000	  3.2691	 -0.0572	  2.2401
 80.0000	 64.0000	  3.0426	  0.0040	  1.9293
 96.0000	 64.0000	  1.4171	  0.0041	  1.8494
112.0000	 64.0000	  2.7630	 -0.0139	  2.1454
128.0000	 64.0000	  3.5102	  0.0070	  2.1479
144.0000	 64.0000	  3.4981	  0.0266	  2.1463
160.0000	 64.0000	  3.0370	  0.0148	  1.8860
176.0000	 64.0000	  2.6155	  0.0041	  1.4651
192.0000	 64.0000	  2.6111	  0.0257	  1.8195
208.0000	 64.0000	  3.1520	 -0.0380	  1.8322
224.0000	 64.0000	  3.0738	 -0.0415	  2.2066
240.0000	 64.0000	  2.5582	 -0.0970	  2.3210
256.0000	 64.0000	  1.9612	 -0.0478	  1.6988
272.0000	 64.0000	  3.6874	 -0.0447	  1.8008
288.0000	 64.0000	  3.2942	 -0.0191	  1.5939
304.0000	 64.0000	  2.2015	  0.0597	  1.7656
320.0000	 64.0000	  3.1760	 -0.0510	  2.7330
336.0000	 64.0000	  2.3972	 -0.0519	  2.7048
352.0000	 64.0000	  1.9403	 -0.0634	  1.9357
368.0000	 64.0000	  2.1674	  0.1113	  1.3662
384.0000	 64.0000	  3.4867	  0.0663	  2.5219
400.0000	 64.0000	  3.6255	  0.0257	  2.6185
416.0000	 64.0000	  2.9906	  0.0297	  3.3298
432.0000	 64.0000	  2.7017	  0.0314	  2.7683
448.0000	 64.0000	  1.6373	  0.1708	  1.6386
464.0000	 64.0000	  3.3479	  0.0536	  1.6516
480.0000	 64.0000	  3.7002	 -0.0973	  1.6860
496.0000	 64.0000	  2.1997	 -0.0092	  1.5999
 16.0000	 80.0000	  4.3528	  0.0214	  1.9096
 32.0000	 80.0000	  5.0725	  0.0474	  2.1883
 48.0000	 80.0000	  4.6585	  0.0234	  2.7966
 64.0000	 80.0000	  4.4493	  0.0605	  1.6028
 80.0000	 80.0000	  3.8991	  0.1324	  1.4575
 96.0000	 80.0000	  5.5190	 -0.0524	  1.4506
112.0000	 80.0000	  4.2782	  0.0802	  2.4350
128.0000	 80.0000	  4.2715	  0.0634	  3.3390
144.0000	 80.0000	  4.4100	  0.0359	  2.6434
160.0000	 80.0000	  5.3962	 -0.0001	  2.4209
176.0000	 80.0000	  5.6495	 -0.0160	  2.0103
192.0000	 80.0000	  4.4685	 -0.0212	  2.0918
208.0000	 80.0000	  4.3126	  0.1160	  2.2695
224.0000	 80.0000	  3.8763	  0.1390	  2.0057
240.0000	 80.0000	  3.5316	  0.1116	  2.0391
256.0000	 80.0000	  4.3622	  0.2011	  1.6587
272.0000	 80.0000	  5.2242	 -0.0123	  2.8485
288.0000	 80.0000	  4.9701	 -0.0527	  2.7826
304.0000	 80.0000	  3.8605	 -0.0028	  1.4708
320.0000	 80.0000	  4.4558	  0.0032	  1.9743
336.0000	 80.0000	  4.9197	  0.0012	  1.8780
352.0000	 80.0000	  5.1248	 -0.0153	  2.0804
368.0000	 80.0000	  5.0948	 -0.0160	  3.2266
384.0000	 80.0000	  4.5484	  0.0318	  2.6762
400.0000	 80.0000	  4.1969	  0.0565	  2.9205
416.0000	 80.0000	  3.9603	 -0.0294	  3.2353
432.0000	 80.0000	  3.3211	  0.1192	  1.9788
448.0000	 80.0000	  6.3081	  0.0082	  1.1716
464.0000	 80.0000	  4.9479	 -0.0321	  2.8139
480.0000	 80.0000	  4.4514	 -0.1012	  2.2031
496.0000	 80.0000	-13.0090	-16.2264	  1.0767
 16.0000	 96.0000	  6.8888	 -0.0750	  2.1789
 32.0000	 96.0000	  6.5594	 -0.0637	  2.6753
 48.0000	 96.0000	  6.2678	  0.0942	  2.2737
 64.0000	 96.0000	  6.7331	  0.0359	  2.9163
 80.0000	 96.0000	  7.0187	 -0.0278	  2.8122
 96.0000	 96.0000	  6.9607	 -0.0444	  2.2121
112.0000	 96.0000	  6.6385	 -0.0027	  1.5829
128.0000	 96.0000	  5.7570	 -0.0212	  2.1539
144.0000	 96.0000	  6.3802	 -0.0991	  1.8104
160.0000	 96.0000	  6.3780	 -0.0703	  2.8777
176.0000	 96.0000	  6.4456	 -0.0499	  1.9585
192.0000	 96.0000	  6.6285	 -0.0765	  1.4359
208.0000	 96.0000	  6.7487	  0.0116	  2.3554
224.0000	 96.0000	  7.1088	  0.0283	  2.8358
240.0000	 96.0000	  7.5515	 -0.0097	  1.9509
256.0000	 96.0000	  7.0711	 -0.0242	  2.0707
272.0000	 96.0000	  6.4041	 -0.0560	  2.4793
288.0000	 96.0000	  6.7998	  0.0129	  2.1961
304.0000	 96.0000	  7.6425	 -0.0294	  1.7953
320.0000	 96.0000	  7.1114	 -0.1459	  1.5665
336.0000	 96.0000	  6.5229	 -0.1236	  1.7220
352.0000	 96.0000	  5.7017	 -0.0397	  1.5341
368.0000	 96.0000	  6.3218	 -0.0155	  2.9625
384.0000	 96.0000	  6.6964	 -0.0047	  2.6758
400.0000	 96.0000	  6.8426	 -0.2106	  1.4120
416.0000	 96.0000	  7.2369	 -0.1932	  2.4856
432.0000	 96.0000	  7.5706	 -0.2103	  1.8766
448.0000	 96.0000	  6.7761	  0.0483	  2.0441
464.0000	 96.0000	  6.6171	 -0.0135	  2.0655
480.0000	 96.0000	  7.4107	 -0.0497	  2.4764
496.0000	 96.0000	  7.1114	 -0.0332	  1.5307
 16.0000	112.0000	  8.3917	 -0.0670	  2.7586
 32.0000	112.0000	  8.6876	  0.0060	  1.7545
 48.0000	112.0000	  8.9590	 -0.0612	  2.5695
 64.0000	112.0000	  7.6165	 -0.0337	  1.8680
 80.0000	112.0000	  7.4162	  0.0016	  2.2887
 96.0000	112.0000	  8.0928	  0.0038	  2.0697
112.0000	112.0000	  8.9124	 -0.1706	  2.3116
128.0000	112.0000	 -6.5007	 -2.6252	  1.1162
144.0000	112.0000	  8.8914	  0.0409	  1.6303
160.0000	112.0000	  8.5821	  0.0603	  1.9330
176.0000	112.0000	  8.2904	  0.0412	  2.3163
192.0000	112.0000	  8.4977	 -0.0134	  2.2403
208.0000	112.0000	  7.2912	  0.0005	  2.2182
224.0000	112.0000	  7.4676	 -0.0016	  2.1436
240.0000	112.0000	  8.2822	 -0.0288	  2.5435
256.0000	112.0000	  7.9211	  0.0069	  1.6987
272.0000	112.0000	-15.1338	  1.2505	  1.0780
288.0000	112.0000	  8.0448	  0.0593	  2.0206
304.0000	112.0000	  8.1882	  0.0055	  2.5652
320.0000	112.0000	  8.6457	 -0.0796	  2.8649
336.0000	112.0000	  8.7768	 -0.0825	  2.9596
352.0000	112.0000	  8.9962	  0.0163	  1.8363
368.0000	112.0000	  7.4937	  0.1138	  2.1537
384.0000	112.0000	  7.3177	  0.1291	  2.5186
400.0000	112.0000	  8.4838	 -0.0687	  2.6435
416.0000	112.0000	  8.3508	 -0.0743	  2.5178
432.0000	112.0000	  8.6940	 -0.0345	  2.1196
448.0000	112.0000	  9.3508	 -0.1093	  1.7381
464.0000	112.0000	  8.7110	 -0.0777	  2.0940
480.0000	112.0000	  8.2753	 -0.0053	  2.9297
496.0000	112.0000	  8.1088	  0.0501	  1.8671
 16.0000	128.0000	 10.0779	 -0.1188	  2.2268
 32.0000	128.0000	 10.0820	 -0.0895	  1.6358
 48.0000	128.0000	  9.9079	 -0.0693	  2.0255
 64.0000	128.0000	 10.3942	  0.0091	  1.1944
 80.0000	128.0000	 10.7602	 -0.0639	  1.0411
 96.0000	128.0000	  9.9093	 -0.0005	  2.2760
112.0000	128.0000	  9.8336	 -0.0029	  2.2544
128.0000	128.0000	 -6.7468	 -2.0403	  1.0115
144.0000	128.0000	  9.9777	 -0.0047	  2.6172
160.0000	128.0000	 10.0964	 -0.0946	  2.4044
176.0000	128.0000	 10.1098	 -0.0823	  3.1708
192.0000	128.0000	 10.1873	  0.0049	  2.4283
208.0000	128.0000	 10.2353	  0.0078	  1.5360
224.0000	128.0000	  9.8672	 -0.0057	  2.2411
240.0000	128.0000	  9.7813	  0.0098	  2.2855
256.0000	128.0000	 10.0015	 -0.0123	  1.6847
272.0000	128.0000	 10.1194	 -0.0125	  1.7394
288.0000	128.0000	  9.0151	  0.0298	  1.7065
304.0000	128.0000	  9.2063	  0.0239	  2.1758
320.0000	128.0000	  9.5182	  0.2169	  2.8685
336.0000	128.0000	 10.0183	  0.0671	  3.0138
352.0000	128.0000	  9.8842	 -0.0945	  2.3314
368.0000	128.0000	  9.6826	  0.0071	  1.9090
384.0000	128.0000	  9.7231	  0.0275	  1.4150
400.0000	128.0000	  9.6275	  0.0853	  2.3787
416.0000	128.0000	  9.9534	  0.0565	  3.1325
432.0000	128.0000	 10.1189	 -0.0258	  2.1697
448.0000	128.0000	 10.2136	  0.0061	  2.0971
464.0000	128.0000	  9.9601	  0.0436	  2.3849
480.0000	128.0000	  9.4297	  0.0982	  2.1566
496.0000	128.0000	  9.2222	  0.0426	  1.2380
 16.0000	144.0000	 10.7349	  0.0626	  2.6258
 32.0000	144.0000	 11.1457	  0.0210	  3.5482
 48.0000	144.0000	 11.1850	 -0.0134	  3.3650
 64.0000	144.0000	 11.1892	 -0.1015	  2.0628
 80.0000	144.0000	 11.4583	 -0.0330	  1.8776
 96.0000	144.0000	 10.8614	  0.1650	  2.5251
112.0000	144.0000	 10.9925	  0.1503	  2.6425
128.0000	144.0000	 11.7516	  0.0011	  1.7678
144.0000	144.0000	 11.4572	 -0.0132	  2.0221
160.0000	144.0000	 11.0218	  0.0011	  2.6150
176.0000	144.0000	 10.6305	  0.0145	  2.5602
192.0000	144.0000	 10.9836	  0.0118	  3.2765
208.0000	144.0000	 11.3758	  0.0142	  2.3804
224.0000	144.0000	 10.5285	  0.1322	  1.8045
240.0000	144.0000	 10.8123	  0.1281	  1.8978
256.0000	144.0000	 11.2708	  0.0523	  2.9024
272.0000	144.0000	 11.1756	  0.0432	  3.2626
288.0000	144.0000	 11.4279	 -0.0025	  2.1218
304.0000	144.0000	 11.3526	 -0.0075	  2.1211
320.0000	144.0000	 11.3571	  0.1011	  2.6359
336.0000	144.0000	 11.1220	  0.0725	  3.2662
352.0000	144.0000	 11.1759	  0.0269	  2.1284
368.0000	144.0000	 11.2836	  0.0210	  2.5721
384.0000	144.0000	 11.2628	  0.0037	  2.6009
400.0000	144.0000	 10.6656	  0.0011	  2.2719
416.0000	144.0000	 10.7926	 -0.0173	  2.7642
432.0000	144.0000	 11.1818	  0.0113	  2.8288
448.0000	144.0000	 11.1275	  0.0350	  3.1732
464.0000	144.0000	 10.9763	  0.0206	  2.5782
480.0000	144.0000	 10.3398	  0.0606	  1.1442
496.0000	144.0000	 -1.3843	-37.4073	  1.0934
 16.0000	160.0000	 11.9047	  0.3147	  1.4435
 32.0000	160.0000	 11.4702	  0.1877	  2.2676
 48.0000	160.0000	 11.6818	  0.0248	  3.0336
 64.0000	160.0000	 12.5058	 -0.2386	  1.5674
 80.0000	160.0000	 12.4494	 -0.1009	  1.8451
 96.0000	160.0000	 12.0096	 -0.0374	  2.6402
112.0000	160.0000	 11.8849	 -0.0366	  2.5038
128.0000	160.0000	 12.3742	  0.0367	  2.7033
144.0000	160.0000	 12.5052	 -0.0349	  2.9806
160.0000	160.0000	 11.7604	  0.3616	  1.4701
176.0000	160.0000	 12.1724	  0.3277	  2.0641
192.0000	160.0000	 12.2683	  0.0445	  2.0535
208.0000	160.0000	 11.8255	  0.0009	  2.0926
224.0000	160.0000	 12.2957	 -0.0288	  1.7997
240.0000	160.0000	 12.4058	 -0.0151	  1.9385
256.0000	160.0000	 12.1779	 -0.0007	  2.6726
272.0000	160.0000	 11.7366	 -0.0031	  2.6950
288.0000	160.0000	 11.9903	  0.0010	  3.1504
304.0000	160.0000	 12.3684	  0.0045	  2.4987
320.0000	160.0000	 12.1892	 -0.0026	  2.5018
336.0000	160.0000	 12.4454	 -0.0039	  2.1510
352.0000	160.0000	 12.5972	 -0.0224	  2.6253
368.0000	160.0000	 12.2632	  0.0022	  2.9164
384.0000	160.0000	 11.8250	 -0.0015	  2.0423
400.0000	160.0000	 12.3360	 -0.0099	  1.8204
416.0000	160.0000	 11.9559	  0.2195	  2.2029
432.0000	160.0000	 11.7883	  0.1409	  3.1091
448.0000	160.0000	 12.1987	  0.0003	  3.2939
464.0000	160.0000	 12.3667	 -0.0023	  2.4314
480.0000	160.0000	 12.7993	 -0.0038	  2.1498
496.0000	160.0000	 12.8399	 -0.0041	  1.5531
 16.0000	176.0000	 13.1354	  0.0276	  1.2054
 32.0000	176.0000	 13.6623	 -0.0170	  1.5296
 48.0000	176.0000	 13.5810	  0.1158	  1.6547
 64.0000	176.0000	 13.1257	  0.2048	  1.7864
 80.0000	176.0000	 12.9470	  0.0740	  1.8074
 96.0000	176.0000	 12.8670	  0.0569	  1.3901
112.0000	176.0000	 13.3709	  0.0103	  1.6067
128.0000	176.0000	 12.9901	 -0.0328	  3.1485
144.0000	176.0000	 12.9662	 -0.0376	  3.3603
160.0000	176.0000	 13.4505	  0.0025	  1.2879
176.0000	176.0000	 13.4701	 -0.0080	  2.8828
192.0000	176.0000	 13.4494	 -0.0120	  2.0583
208.0000	176.0000	 17.8748	-13.0166	  1.2049
224.0000	176.0000	 13.0752	  0.0115	  1.7012
240.0000	176.0000	 13.1817	  0.0033	  2.3572
256.0000	176.0000	 13.2927	 -0.0007	  1.8593
272.0000	176.0000	 13.7152	  0.0109	  1.6279
288.0000	176.0000	 13.3760	 -0.0296	  2.3003
304.0000	176.0000	 13.0824	 -0.0208	  2.9692
320.0000	176.0000	 13.0835	 -0.0035	  2.4842
336.0000	176.0000	 13.3029	 -0.0371	  2.4838
352.0000	176.0000	 13.2677	 -0.0216	  2.5025
368.0000	176.0000	 13.1641	  0.0003	  3.0378
384.0000	176.0000	 13.2196	 -0.1351	  1.0690
400.0000	176.0000	 13.5897	 -0.0394	  1.7126
416.0000	176.0000	 13.6127	 -0.0085	  1.8260
432.0000	176.0000	 13.4097	 -0.0020	  1.4635
448.0000	176.0000	 13.1526	  0.0303	  2.8193
464.0000	176.0000	 13.2105	  0.0307	  2.0405
480.0000	176.0000	 13.3881	 -0.0030	  2.7544
496.0000	176.0000	 13.3518	 -0.0027	  1.8195
 16.0000	192.0000	 14.1286	 -0.0285	  1.6270
 32.0000	192.0000	 14.0828	 -0.0569	  2.4179
 48.0000	192.0000	 14.1975	 -0.0171	  2.0489
 64.0000	192.0000	 13.9907	  0.2445	  2.1334
 80.0000	192.0000	 14.0657	  0.1868	  2.5030
 96.0000	192.0000	 14.3015	  0.0223	  2.2093
112.0000	192.0000	 14.0313	  0.0055	  2.3597
128.0000	192.0000	 14.0651	  0.0020	  3.4013
144.0000	192.0000	 13.9226	  0.0008	  1.8947
160.0000	192.0000	 13.6461	 -0.0034	  1.2624
176.0000	192.0000	 13.9920	 -0.1193	  1.9055
192.0000	192.0000	 14.2525	 -0.0958	  2.0231
208.0000	192.0000	 14.5909	 -0.0435	  2.0590
224.0000	192.0000	 14.2561	  0.0520	  1.9568
240.0000	192.0000	 13.9422	  0.0002	  3.2570
256.0000	192.0000	 13.9167	 -0.0064	  2.1306
272.0000	192.0000	 13.9060	 -0.0340	  2.4003
288.0000	192.0000	 14.0381	 -0.0063	  3.4652
304.0000	192.0000	 13.9278	  0.0073	  2.8535
320.0000	192.0000	 13.7263	 -0.0060	  2.2706
336.0000	192.0000	 14.2389	 -0.0004	  1.9417
352.0000	192.0000	 13.9116	 -0.0002	  1.8541
368.0000	192.0000	 14.2513	 -0.0440	  3.3278
384.0000	192.0000	 14.5597	 -0.0138	  3.2500
400.0000	192.0000	 14.1412	  0.0038	  3.0652
416.0000	192.0000	 13.8851	  0.0027	  3.4233
432.0000	192.0000	 14.1084	 -0.0472	  2.5420
448.0000	192.0000	 14.2459	 -0.0449	  2.2550
464.0000	192.0000	 14.2135	 -0.0168	  2.4914
480.0000	192.0000	 14.3274	 -0.0187	  3.0003
496.0000	192.0000	 14.1258	 -0.0057	  1.8239
 16.0000	208.0000	 14.6691	 -0.0397	  2.4058
 32.0000	208.0000	 14.7670	 -0.0502	  2.9221
 48.0000	208.0000	 14.8030	 -0.1163	  3.6416
 64.0000	208.0000	 14.8181	 -0.1268	  3.1861
 80.0000	208.0000	 14.6345	 -0.0240	  3.0892
 96.0000	208.0000	 14.5485	 -0.0010	  3.0343
112.0000	208.0000	 14.6246	 -0.0062	  2.0785
128.0000	208.0000	 14.5600	 -0.0279	  3.2820
144.0000	208.0000	-23.9214	-30.3916	  1.0304
160.0000	208.0000	 15.0128	 -0.0014	  1.4569
176.0000	208.0000	 14.7340	  0.0090	  2.8505
192.0000	208.0000	 14.7174	 -0.0354	  3.2044
208.0000	208.0000	 14.7869	 -0.1226	  3.1736
224.0000	208.0000	 14.5797	 -0.1421	  2.4043
240.0000	208.0000	 14.6758	 -0.0124	  2.2269
256.0000	208.0000	 14.8697	  0.0035	  2.4303
272.0000	208.0000	 14.6715	  0.0111	  1.8856
288.0000	208.0000	 14.5303	  0.0283	  2.2819
304.0000	208.0000	 14.5072	  0.0242	  2.0933
320.0000	208.0000	 14.4371	  0.0095	  1.6243
336.0000	208.0000	 14.8344	  0.0953	  1.7007
352.0000	208.0000	 14.8448	  0.0935	  1.5262
368.0000	208.0000	 14.7286	  0.1214	  1.8461
384.0000	208.0000	 14.6936	  0.0263	  3.0194
400.0000	208.0000	 14.5104	 -0.0390	  3.0807
416.0000	208.0000	 14.6710	 -0.2997	  2.7806
432.0000	208.0000	 14.8271	 -0.2923	  2.7100
448.0000	208.0000	 14.6415	  0.0925	  1.8617
464.0000	208.0000	 14.6339	  0.0170	  2.4875
480.0000	208.0000	 14.7555	 -0.0520	  3.4445
496.0000	208.0000	 14.5175	 -0.1308	  1.6804
 16.0000	224.0000	 14.8108	  0.0336	  2.6565
 32.0000	224.0000	 15.1110	  0.0393	  4.4649
 48.0000	224.0000	 15.0622	  0.0181	  3.7337
 64.0000	224.0000	 15.1104	 -0.0539	  3.9568
 80.0000	224.0000	 15.0058	 -0.0547	  2.2485
 96.0000	224.0000	 14.9793	  0.0133	  2.0453
112.0000	224.0000	 15.2527	  0.0092	  2.2246
128.0000	224.0000	 15.0538	 -0.0026	  1.8369
144.0000	224.0000	 15.3029	  0.0048	  1.5739
160.0000	224.0000	 15.2738	 -0.0109	  2.4118
176.0000	224.0000	 15.0574	  0.0944	  3.1580
192.0000	224.0000	 15.0242	  0.1208	  3.1170
208.0000	224.0000	 15.0913	  0.0306	  1.6986
224.0000	224.0000	 15.2535	 -0.0033	  1.8885
240.0000	224.0000	 15.2207	 -0.0096	  3.3710
256.0000	224.0000	 15.0983	 -0.1026	  3.5960
272.0000	224.0000	 14.9943	 -0.1631	  2.7344
288.0000	224.0000	 15.0522	  0.0025	  2.5688
304.0000	224.0000	 15.1147	  0.0035	  2.7913
320.0000	224.0000	 15.1854	  0.0096	  1.1051
336.0000	224.0000	 15.1084	  0.0011	  2.0041
352.0000	224.0000	 15.1934	 -0.0210	  1.7846
368.0000	224.0000	 15.2996	 -0.0547	  1.8388
384.0000	224.0000	 15.1484	 -0.0419	  1.7641
400.0000	224.0000	 15.0805	  0.0167	  1.4966
416.0000	224.0000	 15.1543	 -0.0000	  2.6060
432.0000	224.0000	 15.0659	  0.0033	  3.9806
448.0000	224.0000	 14.7635	  0.0149	  1.6262
464.0000	224.0000	 15.0044	  0.0076	  2.0335
480.0000	224.0000	 15.0822	  0.0104	  3.6564
496.0000	224.0000	 15.1190	  0.0086	  2.3238
 16.0000	240.0000	 15.2248	  0.0425	  1.4000
 32.0000	240.0000	 15.4782	 -0.0500	  2.6625
 48.0000	240.0000	 15.4164	  0.0894	  3.0597
 64.0000	240.0000	 15.3453	  0.1098	  4.1214
 80.0000	240.0000	 15.3939	 -0.0349	  2.7336
 96.0000	240.0000	 15.4359	 -0.3174	  1.1694
112.0000	240.0000	 15.4431	 -0.1459	  1.9441
128.0000	240.0000	 15.5454	  0.0133	  1.7270
144.0000	240.0000	 15.4001	  0.0378	  2.3696
160.0000	240.0000	 15.3413	 -0.0025	  2.6043
176.0000	240.0000	 15.3857	 -0.0417	  3.0905
192.0000	240.0000	 15.3851	 -0.0789	  3.2381
208.0000	240.0000	 15.4047	  0.0296	  2.3984
224.0000	240.0000	 15.3780	  0.1702	  2.0038
240.0000	240.0000	 15.3614	  0.0183	  2.1733
256.0000	240.0000	 15.4161	  0.0267	  2.8803
272.0000	240.0000	 15.3538	  0.0711	  2.0822
288.0000	240.0000	 15.2104	  0.0402	  1.8551
304.0000	240.0000	 15.3141	  0.0004	  2.0630
320.0000	240.0000	 15.3685	  0.0237	  2.7900
336.0000	240.0000	 15.3568	  0.0305	  2.0696
352.0000	240.0000	 15.4086	  0.0128	  2.2927
368.0000	240.0000	 15.3954	 -0.0675	  2.8257
384.0000	240.0000	 15.3901	 -0.0587	  2.3682
400.0000	240.0000	 15.4460	  0.1904	  1.9332
416.0000	240.0000	 15.2894	  0.2278	  3.5613
432.0000	240.0000	 15.3725	  0.1788	  4.2014
448.0000	240.0000	 15.4732	  0.0014	  2.9271
464.0000	240.0000	 15.3732	 -0.0027	  2.6084
480.0000	240.0000	 15.3254	  0.0174	  3.8280
496.0000	240.0000	 15.2752	  0.0269	  2.5124
 16.0000	256.0000	 15.5031	 -0.0369	  2.2132
 32.0000	256.0000	 15.5013	 -0.0023	  2.0240
 48.0000	256.0000	 15.4979	 -0.0000	  2.3193
 64.0000	256.0000	 15.4559	  0.0626	  3.0233
 80.0000	256.0000	 15.5188	 -0.0249	  2.4844
 96.0000	256.0000	 15.5071	 -0.0808	  3.3703
112.0000	256.0000	 15.4610	 -0.0012	  2.8392
128.0000	256.0000	 15.5553	 -0.0056	  2.0299
144.0000	256.0000	 15.4288	  0.0073	  2.4459
160.0000	256.0000	 15.3751	 -0.0058	  2.5757
176.0000	256.0000	 15.4757	 -0.0025	  3.3198
192.0000	256.0000	 15.4699	  0.0171	  2.8256
208.0000	256.0000	 15.5069	 -0.0649	  2.3003
224.0000	256.0000	 15.4322	 -0.0791	  1.8777
240.0000	256.0000	 15.4257	 -0.0488	  2.1545
256.0000	256.0000	 15.5730	  0.3108	  2.4172
272.0000	256.0000	 15.4404	  0.2784	  2.0287
288.0000	256.0000	 15.3477	  0.0433	  1.3878
304.0000	256.0000	 15.4987	 -0.0688	  2.4393
320.0000	256.0000	 15.5764	 -0.0442	  2.9582
336.0000	256.0000	 15.4589	  0.0103	  3.4707
352.0000	256.0000	 15.3656	  0.0019	  3.2789
368.0000	256.0000	 15.4927	  0.0179	  4.0846
384.0000	256.0000	 15.4766	 -0.0370	  3.5635
400.0000	256.0000	 15.3698	 -0.0433	  1.7568
416.0000	256.0000	 15.4190	 -0.0444	  2.0996
432.0000	256.0000	 15.5096	 -0.0519	  3.0230
448.0000	256.0000	 15.4912	  0.0042	  3.8827
464.0000	256.0000	 15.4330	  0.0141	  2.3605
480.0000	256.0000	 15.4536	 -0.0506	  3.7334
496.0000	256.0000	 15.4248	 -0.0696	  2.4763
 16.0000	272.0000	 15.3959	  0.0494	  2.4303
 32.0000	272.0000	 15.3522	  0.1666	  2.2924
 48.0000	272.0000	 15.3940	  0.1517	  2.4857
 64.0000	272.0000	 15.4048	 -0.0428	  2.7670
 80.0000	272.0000	 15.3904	 -0.0481	  4.2955
 96.0000	272.0000	 15.3944	  0.0073	  4.5883
112.0000	272.0000	 15.3863	  0.0256	  2.9876
128.0000	272.0000	 15.3014	 -0.0090	  2.4538
144.0000	272.0000	 15.3189	  0.0370	  2.4790
160.0000	272.0000	 15.5045	 -0.0163	  2.5092
176.0000	272.0000	 15.3682	  0.0185	  3.3818
192.0000	272.0000	 15.3204	  0.3641	  2.6241
208.0000	272.0000	 15.3687	  0.2465	  2.3561
224.0000	272.0000	 15.4314	  0.0184	  2.5817
240.0000	272.0000	 15.3437	 -0.1426	  1.9473
256.0000	272.0000	 15.2196	 -0.1886	  1.8837
272.0000	272.0000	 15.4534	  0.0167	  1.1353
288.0000	272.0000	 15.4193	 -0.0006	  1.9945
304.0000	272.0000	 15.4300	 -0.0133	  3.5774
320.0000	272.0000	 15.5247	  0.0132	  3.3537
336.0000	272.0000	 15.4300	  0.0124	  3.1227
352.0000	272.0000	 15.3363	  0.0030	  2.1937
368.0000	272.0000	 15.4741	  0.0505	  3.7737
384.0000	272.0000	 15.4339	  0.0497	  4.0381
400.0000	272.0000	 15.3006	  0.0112	  2.4880
416.0000	272.0000	 15.4100	  0.0354	  2.7058
432.0000	272.0000	 15.3934	  0.0312	  2.5687
448.0000	272.0000	 15.4302	 -0.1185	  2.2738
464.0000	272.0000	 15.3533	 -0.1420	  2.7955
480.0000	272.0000	 15.3665	 -0.0079	  3.1496
496.0000	272.0000	 15.4760	  0.0358	  2.0206
 16.0000	288.0000	 15.1059	 -0.0051	  3.0038
 32.0000	288.0000	 15.2308	 -0.0030	  2.2985
 48.0000	288.0000	 15.3391	  0.0115	  2.1494
 64.0000	288.0000	 15.2034	  0.0288	  2.3643
 80.0000	288.0000	 15.1834	  0.0237	  4.0544
 96.0000	288.0000	 15.2037	  0.0214	  3.5899
112.0000	288.0000	 15.2266	 -0.0064	  2.6483
128.0000	288.0000	 15.1966	  0.0055	  2.9738
144.0000	288.0000	 15.1531	  0.0029	  2.6596
160.0000	288.0000	 15.3120	 -0.0026	  1.8738
176.0000	288.0000	 15.2882	  0.0357	  2.3452
192.0000	288.0000	 15.2464	 -0.0898	  2.3199
208.0000	288.0000	 15.0369	 -0.1043	  3.1982
224.0000	288.0000	 15.0620	 -0.0517	  3.8971
240.0000	288.0000	 15.0533	  0.0038	  2.8411
256.0000	288.0000	 15.0042	  0.0241	  2.9402
272.0000	288.0000	 -7.2351	-19.8549	  1.1355
288.0000	288.0000	 15.3033	  0.0024	  1.9257
304.0000	288.0000	 15.2435	  0.0177	  3.5346
320.0000	288.0000	 15.1666	  0.0072	  2.8039
336.0000	288.0000	 15.1270	 -0.0116	  2.3656
352.0000	288.0000	 15.0675	 -0.0539	  2.1343
368.0000	288.0000	 15.1620	 -0.1068	  2.0477
384.0000	288.0000	 15.2131	  0.0626	  2.7626
400.0000	288.0000	 15.2545	  0.1117	  1.6391
416.0000	288.0000	 15.2667	  0.0680	  2.7980
432.0000	288.0000	 15.1053	  0.0572	  3.3962
448.0000	288.0000	 15.1085	 -0.0057	  3.1919
464.0000	288.0000	 15.1402	 -0.0075	  4.1038
480.0000	288.0000	 15.1507	  0.0698	  2.9135
496.0000	288.0000	 14.9182	  0.2011	  1.3186
 16.0000	304.0000	 14.7565	  0.0200	  2.3308
 32.0000	304.0000	 14.5313	  0.0272	  1.8964
 48.0000	304.0000	 14.2645	  0.0051	  1.2394
 64.0000	304.0000	 14.9710	  0.0945	  2.1549
 80.0000	304.0000	 14.9044	  0.1461	  1.8508
 96.0000	304.0000	 14.5135	  0.0067	  2.7592
112.0000	304.0000	 14.5032	 -0.0409	  2.6928
128.0000	304.0000	 14.9355	  0.0404	  1.5244
144.0000	304.0000	 14.9104	 -0.0041	  2.2876
160.0000	304.0000	 14.5365	 -0.0044	  1.5127
176.0000	304.0000	 13.6747	  0.2629	  1.1650
192.0000	304.0000	 14.7057	  0.2273	  1.4623
208.0000	304.0000	 14.7463	  0.0441	  2.4883
224.0000	304.0000	 14.7486	  0.0113	  3.1159
240.0000	304.0000	 14.8317	  0.0740	  2.5857
256.0000	304.0000	 14.9006	  0.1162	  2.4840
272.0000	304.0000	 -2.9130	  8.8136	  1.0881
288.0000	304.0000	 14.9556	 -0.0110	  2.0040
304.0000	304.0000	 14.7118	 -0.1007	  3.2694
320.0000	304.0000	 14.5734	 -0.1255	  2.3687
336.0000	304.0000	 14.7370	  0.0031	  2.1027
352.0000	304.0000	 14.7253	  0.0013	  2.4018
368.0000	304.0000	 14.6825	 -0.1400	  1.5206
384.0000	304.0000	 14.6995	 -0.0727	  2.3168
400.0000	304.0000	 14.6924	 -0.0120	  1.8447
416.0000	304.0000	 14.9392	  0.0137	  2.6467
432.0000	304.0000	 14.7478	 -0.0001	  3.2573
448.0000	304.0000	 14.6940	  0.0421	  5.1298
464.0000	304.0000	 14.7753	  0.0697	  4.3541
480.0000	304.0000	 14.8106	 -0.1408	  1.9082
496.0000	304.0000	 14.2797	 -0.4952	  1.0720
 16.0000	320.0000	 14.1176	 -0.0168	  3.1795
 32.0000	320.0000	 14.0690	 -0.0070	  1.9691
 48.0000	320.0000	 13.9434	  0.0034	  2.4028
 64.0000	320.0000	 13.8918	  0.0027	  2.2557
 80.0000	320.0000	 14.0011	  0.1532	  1.8857
 96.0000	320.0000	 14.2597	  0.0720	  3.4611
112.0000	320.0000	 14.2674	 -0.0422	  3.0443
128.0000	320.0000	 14.1023	 -0.1212	  1.9818
144.0000	320.0000	 14.3492	  0.0221	  2.2598
160.0000	320.0000	 14.0725	  0.0135	  2.2000
176.0000	320.0000	 13.6614	 -0.0014	  2.3786
192.0000	320.0000	 13.9788	 -0.1215	  1.9509
208.0000	320.0000	 14.0522	  0.0089	  2.9036
224.0000	320.0000	 14.0636	  0.1474	  3.4157
240.0000	320.0000	 14.1949	  0.1536	  1.2714
256.0000	320.0000	 -4.0983	 18.0258	  1.1867
272.0000	320.0000	 -4.6481	 18.0963	  1.0030
288.0000	320.0000	 14.3487	  0.0021	  1.4641
304.0000	320.0000	 14.0234	 -0.1107	  3.3091
320.0000	320.0000	 14.0173	 -0.1265	  2.7256
336.0000	320.0000	 14.5198	  0.0580	  2.3661
352.0000	320.0000	 14.5187	  0.1735	  1.6825
368.0000	320.0000	 14.0869	  0.0462	  3.1502
384.0000	320.0000	 14.0746	 -0.0081	  3.6824
400.0000	320.0000	 13.8680	 -0.0188	  2.0129
416.0000	320.0000	 13.9014	 -0.0232	  2.3066
432.0000	320.0000	 14.1744	 -0.0100	  2.7147
448.0000	320.0000	 14.1065	  0.0319	  3.5369
464.0000	320.0000	 14.0627	  0.0456	  3.3123
480.0000	320.0000	 14.0689	  0.0058	  1.4614
496.0000	320.0000	 14.0379	 -0.0040	  1.1984
 16.0000	336.0000	 13.8352	 -0.0284	  1.7737
 32.0000	336.0000	 13.3921	 -0.0165	  2.5897
 48.0000	336.0000	 13.1259	 -0.0134	  4.0770
 64.0000	336.0000	 12.9785	 -0.0100	  3.0613
 80.0000	336.0000	 13.1907	 -0.0165	  2.7941
 96.0000	336.0000	 13.0434	 -0.1114	  2.3640
112.0000	336.0000	 13.0569	 -0.0727	  3.5210
128.0000	336.0000	 13.2877	  0.0005	  3.0580
144.0000	336.0000	 13.1911	 -0.0028	  2.3644
160.0000	336.0000	 13.3401	 -0.0135	  2.9871
176.0000	336.0000	 13.7090	 -0.0005	  2.4395
192.0000	336.0000	 13.2676	 -0.0211	  3.5466
208.0000	336.0000	 13.3328	 -0.0109	  4.1082
224.0000	336.0000	 13.4010	 -0.0079	  2.0416
240.0000	336.0000	 12.8062	 -0.0228	  2.0138
256.0000	336.0000	 12.7915	 -0.0650	  1.6749
272.0000	336.0000	 -9.2486	-15.0262	  1.0397
288.0000	336.0000	 13.4140	 -0.0156	  1.3697
304.0000	336.0000	 13.4512	  0.0822	  3.7472
320.0000	336.0000	 13.2507	 -0.0337	  3.5911
336.0000	336.0000	 12.6693	 -0.3725	  2.0681
352.0000	336.0000	 12.6289	 -0.2505	  2.0341
368.0000	336.0000	 13.4662	  0.0039	  2.5962
384.0000	336.0000	 13.5705	 -0.1079	  3.3613
400.0000	336.0000	 13.2731	 -0.1768	  2.7384
416.0000	336.0000	 13.1887	 -0.1032	  1.9219
432.0000	336.0000	 13.2147	 -0.0558	  3.5416
448.0000	336.0000	 13.3284	 -0.0403	  3.2292
464.0000	336.0000	 13.0350	 -0.0907	  3.8748
480.0000	336.0000	 12.9710	  0.0548	  2.8848
496.0000	336.0000	 13.5727	  0.2726	  1.6471
 16.0000	352.0000	 11.6069	  0.0037	  2.7634
 32.0000	352.0000	 12.3409	  0.0185	  2.6967
 48.0000	352.0000	 12.6251	 -0.0107	  3.6059
 64.0000	352.0000	 12.4316	 -0.0162	  3.7354
 80.0000	352.0000	 12.7830	 -0.0585	  2.6643
 96.0000	352.0000	 12.5237	 -0.0774	  3.0997
112.0000	352.0000	 12.3900	  0.0335	  3.4005
128.0000	352.0000	 12.4313	 -0.0222	  3.1495
144.0000	352.0000	 12.4153	 -0.0522	  3.6230
160.0000	352.0000	 12.3018	  0.0053	  2.3370
176.0000	352.0000	 11.5390	 -0.0502	  1.8539
192.0000	352.0000	 12.4736	  0.0263	  2.8367
208.0000	352.0000	 12.6185	  0.0313	  3.0921
224.0000	352.0000	 12.4251	  0.0035	  1.6369
240.0000	352.0000	 12.1958	 -0.0136	  2.9182
256.0000	352.0000	 12.0608	 -0.0346	  4.1022
272.0000	352.0000	 11.9785	 -0.0545	  1.9496
288.0000	352.0000	 12.0064	 -0.0025	  1.5513
304.0000	352.0000	 12.3426	  0.0728	  2.4537
320.0000	352.0000	 12.7542	  0.1286	  2.9376
336.0000	352.0000	 12.1417	  0.0261	  2.7604
352.0000	352.0000	 12.1532	  0.0401	  2.6403
368.0000	352.0000	 12.2820	 -0.0174	  2.7747
384.0000	352.0000	 12.1689	 -0.0067	  2.6833
400.0000	352.0000	 12.1406	 -0.0020	  2.8433
416.0000	352.0000	 12.3903	 -0.0235	  2.0955
432.0000	352.0000	 12.6381	 -0.0036	  3.2848
448.0000	352.0000	 12.4862	  0.0006	  2.6038
464.0000	352.0000	 12.5408	 -0.0595	  2.6212
480.0000	352.0000	 12.4672	  0.0372	  2.8724
496.0000	352.0000	 11.8933	 -0.0819	  1.1611
 16.0000	368.0000	 11.2254	 -0.0084	  3.4303
 32.0000	368.0000	 11.3540	 -0.0010	  2.1016
 48.0000	368.0000	 11.3716	  0.0375	  1.8007
 64.0000	368.0000	 11.4006	  0.0236	  2.5318
 80.0000	368.0000	 12.5258	 -0.0228	  1.4497
 96.0000	368.0000	 12.1124	  0.3847	  1.7691
112.0000	368.0000	 11.5623	  0.1724	  2.3966
128.0000	368.0000	 11.2365	 -0.0018	  2.6719
144.0000	368.0000	 11.4583	 -0.0078	  2.3583
160.0000	368.0000	 11.4086	  0.0029	  2.9976
176.0000	368.0000	 11.2297	  0.0267	  3.6841
192.0000	368.0000	 11.4342	  0.0556	  2.0676
208.0000	368.0000	 11.5744	  0.0421	  2.0479
224.0000	368.0000	 11.6774	 -0.0036	  1.2977
240.0000	368.0000	 11.5438	 -0.0158	  1.8379
256.0000	368.0000	 11.5297	 -0.0383	  3.1166
272.0000	368.0000	 11.0092	  0.0209	  2.6109
288.0000	368.0000	 11.1524	  0.0301	  2.5941
304.0000	368.0000	 11.7931	 -0.0021	  2.3287
320.0000	368.0000	 11.1128	  0.1127	  1.7608
336.0000	368.0000	 11.3684	  0.1893	  2.5328
352.0000	368.0000	 11.6723	  0.4287	  1.7844
368.0000	368.0000	 11.5893	  0.0176	  1.9641
384.0000	368.0000	 11.4020	  0.1095	  3.7812
400.0000	368.0000	 11.2835	  0.1136	  3.8203
416.0000	368.0000	 11.1439	  0.0357	  3.0886
432.0000	368.0000	 10.8103	  0.0314	  2.3252
448.0000	368.0000	 10.9496	 -0.0084	  2.5084
464.0000	368.0000	 11.3811	  0.0178	  2.1995
480.0000	368.0000	 11.3530	  0.0437	  1.8042
496.0000	368.0000	 10.8777	  0.0014	  1.7688
 16.0000	384.0000	  9.9252	  0.0061	  2.5450
 32.0000	384.0000	  9.6409	  0.0143	  1.7991
 48.0000	384.0000	  9.8618	 -0.0215	  2.5545
 64.0000	384.0000	  9.9090	 -0.0355	  2.7871
 80.0000	384.0000	  9.7357	 -0.0268	  1.5278
 96.0000	384.0000	  9.5048	 -0.0051	  1.5998
112.0000	384.0000	 10.1994	 -0.0105	  1.1983
128.0000	384.0000	 10.1451	  0.1004	  1.6552
144.0000	384.0000	  9.6755	  0.0744	  2.0368
160.0000	384.0000	 10.1325	 -0.0032	  2.5523
176.0000	384.0000	  9.8493	  0.0050	  2.5572
192.0000	384.0000	  9.6552	 -0.0135	  1.9930
208.0000	384.0000	 10.2401	 -0.0072	  1.5429
224.0000	384.0000	-10.8451	 14.4758	  1.0713
240.0000	384.0000	  9.0251	 -0.0858	  2.5191
256.0000	384.0000	  9.2848	 -0.0425	  2.1331
272.0000	384.0000	 10.2920	  0.0666	  2.8020
288.0000	384.0000	  9.8399	  0.0189	  3.5957
304.0000	384.0000	  9.7450	 -0.0008	  1.4153
320.0000	384.0000	  9.8682	  0.0177	  3.0992
336.0000	384.0000	  9.9335	  0.0021	  3.4772
352.0000	384.0000	  9.3669	  0.0708	  1.8095
368.0000	384.0000	  9.3521	  0.0114	  1.5356
384.0000	384.0000	 10.7134	  0.0705	  2.4949
400.0000	384.0000	 10.1020	  0.0058	  3.1091
416.0000	384.0000	  9.6762	 -0.0182	  2.6287
432.0000	384.0000	 10.0150	  0.0027	  2.5380
448.0000	384.0000	  9.9942	 -0.0072	  3.2217
464.0000	384.0000	 10.4926	  0.0320	  2.2672
480.0000	384.0000	 10.7142	  0.1217	  1.9241
496.0000	384.0000	 10.1628	  0.1064	  1.6484
 16.0000	400.0000	  8.7953	 -0.2567	  1.8283
 32.0000	400.0000	  8.4898	  0.0169	  1.1250
 48.0000	400.0000	  8.3903	  0.0414	  1.6712
 64.0000	400.0000	  8.8399	 -0.0267	  2.0993
 80.0000	400.0000	  8.9880	 -0.3274	  2.0979
 96.0000	400.0000	  8.3189	 -0.1976	  2.3412
112.0000	400.0000	  7.7952	  0.0031	  2.4410
128.0000	400.0000	  7.6880	  0.0021	  3.1988
144.0000	400.0000	  8.0187	  0.0106	  2.4333
160.0000	400.0000	  8.3490	 -0.0903	  2.7171
176.0000	400.0000	  8.1834	 -0.0703	  2.9598
192.0000	400.0000	  8.1982	  0.0010	  1.8703
208.0000	400.0000	  8.0118	 -0.0054	  1.6956
224.0000	400.0000	-22.1735	 18.3799	  1.0086
240.0000	400.0000	  8.4804	 -0.0112	  2.9349
256.0000	400.0000	  8.5116	  0.0326	  2.1519
272.0000	400.0000	  8.4145	 -0.0277	  1.0902
288.0000	400.0000	  9.1163	  0.0199	  1.8629
304.0000	400.0000	  8.2811	 -0.1131	  1.7269
320.0000	400.0000	  8.6146	 -0.0813	  1.9978
336.0000	400.0000	  9.4689	 -0.0318	  2.1644
352.0000	400.0000	  9.0181	  0.0106	  1.3309
368.0000	400.0000	  8.7203	 -0.0275	  1.5336
384.0000	400.0000	  7.5859	  0.0339	  1.6580
400.0000	400.0000	  7.9514	  0.0408	  3.1282
416.0000	400.0000	  8.3182	 -0.0148	  2.6484
432.0000	400.0000	  8.3110	 -0.0112	  3.4105
448.0000	400.0000	  8.6287	  0.0129	  2.2073
464.0000	400.0000	  8.9218	 -0.0564	  1.9243
480.0000	400.0000	  8.2495	 -0.0462	  2.0271
496.0000	400.0000	  8.0161	 -0.0351	  1.0301
 16.0000	416.0000	  6.3263	 -0.0343	  1.7785
 32.0000	416.0000	  6.4414	 -0.0135	  1.3386
 48.0000	416.0000	  6.4336	  0.0027	  1.9809
 64.0000	416.0000	-12.9734	-14.1123	  1.0052
 80.0000	416.0000	  6.9138	 -0.0119	  2.1131
 96.0000	416.0000	  7.3169	 -0.0138	  2.4116
112.0000	416.0000	  7.6938	  0.0004	  1.9711
128.0000	416.0000	  6.5867	  0.0443	  3.0426
144.0000	416.0000	  6.2962	  0.0468	  2.8256
160.0000	416.0000	  6.1581	  0.1027	  2.4535
176.0000	416.0000	  6.1111	  0.0774	  2.8660
192.0000	416.0000	  6.8049	 -0.0060	  1.9434
208.0000	416.0000	  7.2918	 -0.0167	  1.4970
224.0000	416.0000	  5.6771	 -0.0022	  1.1721
240.0000	416.0000	  7.0457	  0.1095	  2.0852
256.0000	416.0000	  7.3996	  0.1399	  1.6966
272.0000	416.0000	  6.0996	 -0.0013	  1.4509
288.0000	416.0000	  6.0279	 -0.0280	  1.8482
304.0000	416.0000	  6.8362	  0.0274	  2.9043
320.0000	416.0000	  6.8127	 -0.0220	  2.8840
336.0000	416.0000	  6.0166	 -0.0785	  2.7127
352.0000	416.0000	  6.1362	 -0.0029	  2.1814
368.0000	416.0000	  6.3039	 -0.0234	  2.1131
384.0000	416.0000	  6.5100	  0.0508	  2.6656
400.0000	416.0000	  6.6754	  0.0574	  2.9089
416.0000	416.0000	  7.0061	  0.0459	  2.4943
432.0000	416.0000	  7.1973	  0.0244	  3.3245
448.0000	416.0000	  6.4212	 -0.0511	  1.6002
464.0000	416.0000	  5.7421	  0.0058	  1.4563
480.0000	416.0000	  6.8462	  0.0267	  1.7189
496.0000	416.0000	  6.3937	  0.0005	  1.1697
 16.0000	432.0000	  5.0285	  0.1191	  2.1270
 32.0000	432.0000	  4.8192	 -0.0480	  1.9713
 48.0000	432.0000	  4.9397	 -0.0038	  2.5088
 64.0000	432.0000	  5.1916	  0.0551	  2.2048
 80.0000	432.0000	  4.1549	  0.1282	  2.0698
 96.0000	432.0000	  3.9126	  0.0596	  2.2596
112.0000	432.0000	  3.6498	 -0.1771	  1.7911
128.0000	432.0000	  4.5549	 -0.0293	  2.2372
144.0000	432.0000	  4.6795	 -0.1240	  2.2251
160.0000	432.0000	  5.0052	 -0.0357	  1.8766
176.0000	432.0000	  5.4452	  0.0002	  1.5331
192.0000	432.0000	  4.6254	  0.0857	  2.0252
208.0000	432.0000	  4.1075	  0.0166	  2.0414
224.0000	432.0000	  4.5711	  0.0009	  1.2908
240.0000	432.0000	  4.5739	 -0.1940	  2.3662
256.0000	432.0000	  4.1497	 -0.0934	  2.9515
272.0000	432.0000	  4.2906	 -0.0312	  2.4613
288.0000	432.0000	  5.0209	 -0.1209	  2.6247
304.0000	432.0000	  5.9849	  0.0755	  2.2047
320.0000	432.0000	  5.5455	  0.1623	  1.7103
336.0000	432.0000	  5.1985	  0.1866	  2.5698
352.0000	432.0000	  5.9311	  0.0224	  2.2244
368.0000	432.0000	  6.1064	  0.0227	  2.1013
384.0000	432.0000	  5.8945	  0.1229	  1.6729
400.0000	432.0000	  5.6792	  0.1930	  2.4195
416.0000	432.0000	  6.1305	  0.1213	  1.5069
432.0000	432.0000	  6.0514	 -0.0076	  1.8132
448.0000	432.0000	  4.8536	 -0.0065	  2.6464
464.0000	432.0000	  4.3844	 -0.0553	  2.9759
480.0000	432.0000	  4.3338	 -0.0748	  2.5973
496.0000	432.0000	  4.2759	 -0.0574	  2.0131
 16.0000	448.0000	  2.9915	 -0.0855	  2.7355
 32.0000	448.0000	  3.0294	  0.0141	  2.1604
 48.0000	448.0000	  4.0450	  0.0123	  1.9252
 64.0000	448.0000	  4.3978	 -0.0109	  1.6264
 80.0000	448.0000	  3.5162	 -0.0056	  1.6839
 96.0000	448.0000	  3.1372	  0.0049	  2.8583
112.0000	448.0000	  3.2619	 -0.0018	  2.7431
128.0000	448.0000	  3.1422	 -0.0025	  2.9381
144.0000	448.0000	  2.9593	  0.0231	  3.2576
160.0000	448.0000	  2.8624	  0.0244	  1.7685
176.0000	448.0000	 14.7302	 24.9357	  1.0009
192.0000	448.0000	  3.7591	  0.0920	  1.5578
208.0000	448.0000	  3.3771	 -0.0432	  2.0199
224.0000	448.0000	  2.7648	 -0.0131	  1.6185
240.0000	448.0000	  2.6427	  0.0403	  3.2072
256.0000	448.0000	  2.8355	  0.0333	  3.1217
272.0000	448.0000	  3.2281	  0.0550	  2.7284
288.0000	448.0000	  3.0776	  0.1181	  2.0765
304.0000	448.0000	  1.5451	 -0.0843	  1.9056
320.0000	448.0000	  2.5910	  0.1246	  1.7088
336.0000	448.0000	  2.5204	  0.0949	  1.6407
352.0000	448.0000	  1.9256	 -0.0028	  1.8786
368.0000	448.0000	  1.7727	 -0.1184	  1.7012
384.0000	448.0000	  1.7864	 -0.0859	  1.5339
400.0000	448.0000	  2.3270	 -0.0028	  1.7972
416.0000	448.0000	  2.5326	 -0.0210	  1.2132
432.0000	448.0000	 21.7593	 36.2909	  1.1105
448.0000	448.0000	  3.9094	  0.0308	  1.7999
464.0000	448.0000	  3.6560	  0.0251	  2.8055
480.0000	448.0000	  3.4055	  0.0404	  1.9712
496.0000	448.0000	  2.9684	  0.0476	  1.9672
 16.0000	464.0000	  1.3433	  0.1528	  2.0849
 32.0000	464.0000	  1.2215	  0.1276	  2.2274
 48.0000	464.0000	  0.6278	 -0.0105	  1.6690
 64.0000	464.0000	  0.1025	 -0.0588	  1.4031
 80.0000	464.0000	  1.4164	 -0.0103	  1.8512
 96.0000	464.0000	  1.9072	  0.2185	  2.1505
112.0000	464.0000	  2.0096	  0.3217	  1.7304
128.0000	464.0000	  1.3440	  0.1411	  2.1120
144.0000	464.0000	  1.6191	  0.1531	  1.8060
160.0000	464.0000	  1.9465	 -0.0645	  1.8024
176.0000	464.0000	  2.0658	 -0.0987	  1.2841
192.0000	464.0000	  0.4201	 -0.0265	  1.4117
208.0000	464.0000	  0.4225	 -0.0769	  2.7105
224.0000	464.0000	  0.4300	 -0.0742	  1.7267
240.0000	464.0000	  1.4968	  0.1302	  1.9955
256.0000	464.0000	  1.4215	  0.1127	  2.5869
272.0000	464.0000	  1.1351	 -0.0035	  1.7830
288.0000	464.0000	  0.9462	 -0.0473	  2.3114
304.0000	464.0000	  0.6542	 -0.0393	  3.3988
320.0000	464.0000	  0.3575	 -0.0159	  3.2039
336.0000	464.0000	  0.6782	  0.0024	  2.7369
352.0000	464.0000	  1.6487	  0.0175	  1.8936
368.0000	464.0000	  1.2133	 -0.0514	  2.3948
384.0000	464.0000	  0.9199	 -0.0295	  2.9065
400.0000	464.0000	  1.5049	  0.0038	  1.7247
416.0000	464.0000	  1.5890	  0.0202	  1.5543
432.0000	464.0000	  0.3624	 -0.0465	  1.4394
448.0000	464.0000	  0.0438	 -0.0584	  1.6152
464.0000	464.0000	  1.0620	  0.0849	  1.9137
480.0000	464.0000	  0.4368	 -0.1226	  2.2699
496.0000	464.0000	  0.2872	 -0.1123	  2.7025
 16.0000	480.0000	  0.2358	  0.1094	  2.4013
 32.0000	480.0000	  0.0685	  0.0088	  2.7086
 48.0000	480.0000	 -0.0007	 -0.0648	  3.2557
 64.0000	480.0000	  0.0003	 -0.0537	  4.2971
 80.0000	480.0000	  0.0001	 -0.0014	  1.5764
 96.0000	480.0000	  0.2281	 -0.0883	  1.1238
112.0000	480.0000	  0.0404	 -0.0654	  2.1385
128.0000	480.0000	 -0.0125	 -0.1461	  3.4526
144.0000	480.0000	  0.0393	 -0.0855	  3.0009
160.0000	480.0000	  0.0260	  0.0187	  3.3200
176.0000	480.0000	 -0.0299	 -0.0026	  3.1434
192.0000	480.0000	  0.2804	 -0.0000	  2.1097
208.0000	480.0000	  0.0575	  0.0021	  3.4786
224.0000	480.0000	  0.0291	 -0.0043	  3.8171
240.0000	480.0000	  0.0117	 -0.0072	  2.9387
256.0000	480.0000	 -0.1106	 -0.0025	  3.9549
272.0000	480.0000	 -0.0145	 -0.0048	  3.2849
288.0000	480.0000	  0.0682	  0.1763	  2.9479
304.0000	480.0000	  0.1181	  0.1453	  3.2800
320.0000	480.0000	  0.0329	 -0.0029	  4.4742
336.0000	480.0000	  0.0916	 -0.0058	  3.6384
352.0000	480.0000	  0.0376	 -0.0306	  2.2592
368.0000	480.0000	 -0.0299	  0.0458	  2.3021
384.0000	480.0000	  0.0329	  0.0482	  3.4384
400.0000	480.0000	 -0.0098	  0.0320	  1.8594
416.0000	480.0000	  0.1749	 -0.0008	  2.2997
432.0000	480.0000	  0.1056	 -0.0333	  3.5679
448.0000	480.0000	  0.0586	 -0.0612	  2.8171
464.0000	480.0000	  0.2079	  0.0105	  2.1437
480.0000	480.0000	  0.0973	  0.0149	  4.0320
496.0000	480.0000	  0.0187	  0.0169	  3.3259
 16.0000	496.0000	  0.0000	  0.0062	  2.2508
 32.0000	496.0000	 -0.0509	  0.0244	  2.3736
 48.0000	496.0000	  0.0183	  0.0191	  3.3916
 64.0000	496.0000	 -0.0009	  0.0094	  4.7822
 80.0000	496.0000	 -0.0317	  0.0102	  2.8014
 96.0000	496.0000	  0.1158	  0.0180	  1.8656
112.0000	496.0000	  0.0777	  0.0210	  2.9996
128.0000	496.0000	 -0.0256	  0.0030	  3.3986
144.0000	496.0000	 -0.0146	 -0.0011	  4.0653
160.0000	496.0000	 -0.0005	 -0.0001	  4.4015
176.0000	496.0000	 -0.0065	 -0.0010	  3.2288
192.0000	496.0000	  0.0609	  0.0160	  2.3888
208.0000	496.0000	  0.0132	  0.0514	  4.2078
224.0000	496.0000	  0.0662	  0.0342	  3.4573
240.0000	496.0000	 -0.0341	  0.0023	  3.3771
256.0000	496.0000	 -0.1117	  0.0085	  3.6912
272.0000	496.0000	  0.0000	  0.0087	  3.6193
288.0000	496.0000	 -0.2361	  0.0020	  1.6205
304.0000	496.0000	  0.0782	  0.0054	  2.6355
320.0000	496.0000	  0.0345	  0.0049	  2.7703
336.0000	496.0000	  0.0266	  0.0128	  3.5865
352.0000	496.0000	 -0.0139	  0.0171	  4.0291
368.0000	496.0000	 -0.0533	  0.0683	  2.8281
384.0000	496.0000	 -0.0231	  0.0654	  2.3000
400.0000	496.0000	 -0.0420	  0.0081	  2.4728
416.0000	496.0000	 -0.0037	  0.0076	  3.9073
432.0000	496.0000	 -0.0006	  0.0000	  3.9983
448.0000	496.0000	  0.0532	  0.0046	  2.3420
464.0000	496.0000	  0.0081	  0.0064	  2.1206
480.0000	496.0000	 -0.0575	  0.1370	  2.7786
496.0000	496.0000	 -0.0134	  0.1538	  2.3265
