 16.0000	496.0000	  0.7137	 -0.0515	  0.0000
 32.0000	496.0000	  0.7137	 -0.0515	  0.0000
 48.0000	496.0000	  0.0000	 -0.0000	  0.0000
 64.0000	496.0000	  0.7831	 -0.0705	  0.0000
 80.0000	496.0000	  0.0000	 -0.0000	  0.0000
 96.0000	496.0000	  0.3198	 -0.0186	  0.0000
112.0000	496.0000	  0.5000	 -0.0000	  0.0000
128.0000	496.0000	  0.0483	 -0.0395	  0.0000
144.0000	496.0000	  0.5000	 -0.0000	  0.0000
160.0000	496.0000	  0.7096	 -0.0067	  0.0000
176.0000	496.0000	  0.5000	 -0.0000	  0.0000
192.0000	496.0000	  0.3311	 -0.0509	  0.0000
208.0000	496.0000	  0.5000	 -0.0000	  0.0000
224.0000	496.0000	  0.2748	 -0.0002	  0.0000
240.0000	496.0000	  0.0000	 -0.0000	  0.0000
256.0000	496.0000	  0.8529	 -0.0270	  0.0000
272.0000	496.0000	  0.0000	 -0.0000	  0.0000
288.0000	496.0000	  0.0000	 -0.0000	  0.0000
304.0000	496.0000	  0.0000	 -0.0000	  0.0000
320.0000	496.0000	  0.4143	 -0.0023	  0.0000
336.0000	496.0000	  0.0000	 -0.0000	  0.0000
352.0000	496.0000	  0.2336	 -0.0003	  0.0000
368.0000	496.0000	  0.0000	 -0.0000	  0.0000
384.0000	496.0000	  0.2354	 -0.0003	  0.0000
400.0000	496.0000	  0.0000	 -0.0000	  0.0000
416.0000	496.0000	  0.0000	 -0.0000	  0.0000
432.0000	496.0000	  0.0000	 -0.0000	  0.0000
448.0000	496.0000	  0.5706	 -0.0498	  0.0000
464.0000	496.0000	  0.0000	 -0.0000	  0.0000
480.0000	496.0000	  0.0000	 -0.0000	  0.0000
496.0000	496.0000	  0.0000	 -0.0000	  0.0000
 16.0000	480.0000	  0.7137	 -0.0515	  0.0000
 32.0000	480.0000	  0.7199	 -0.0515	  0.0000
 48.0000	480.0000	  0.0128	 -0.0002	  0.0000
 64.0000	480.0000	  0.7977	 -0.0713	  0.0000
 80.0000	480.0000	  0.0219	 -0.0000	  0.0000
 96.0000	480.0000	  0.3418	 -0.0193	  0.0000
112.0000	480.0000	  0.5005	 -0.0008	  0.0000
128.0000	480.0000	  0.1250	 -0.0389	  0.0000
144.0000	480.0000	  0.5000	 -0.0000	  0.0000
160.0000	480.0000	  0.7701	 -0.0077	  0.0000
176.0000	480.0000	  0.5532	 -0.0007	  0.0000
192.0000	480.0000	  0.4485	 -0.0482	  0.0000
208.0000	480.0000	  0.5894	  0.0001	  0.0000
224.0000	480.0000	  0.3242	 -0.0047	  0.0000
240.0000	480.0000	  0.0003	  0.0000	  0.0000
256.0000	480.0000	  0.8530	 -0.0269	  0.0000
272.0000	480.0000	  0.0000	 -0.0000	  0.0000
288.0000	480.0000	  0.4293	 -0.9357	  0.0000
304.0000	480.0000	  0.0150	 -0.0049	  0.0000
320.0000	480.0000	  0.4302	 -0.0090	  0.0000
336.0000	480.0000	  0.0005	 -0.0000	  0.0000
352.0000	480.0000	  0.2655	 -0.0007	  0.0000
368.0000	480.0000	  0.0542	 -0.0008	  0.0000
384.0000	480.0000	  0.3121	 -0.0005	  0.0000
400.0000	480.0000	  0.0634	  0.0003	  0.0000
416.0000	480.0000	  0.1838	 -0.9856	  0.0000
432.0000	480.0000	  0.0000	 -0.0000	  0.0000
448.0000	480.0000	  0.5706	 -0.0498	  0.0000
464.0000	480.0000	  0.0000	 -0.0000	  0.0000
480.0000	480.0000	  0.2715	 -0.9808	  0.0000
496.0000	480.0000	  0.0140	  0.0012	  0.0000
 16.0000	464.0000	  2.0000	  0.0000	  0.0000
 32.0000	464.0000	  2.0000	  0.0000	  0.0000
 48.0000	464.0000	  2.2306	 -0.0442	  0.0000
 64.0000	464.0000	  2.0261	  0.0403	  0.0000
 80.0000	464.0000	  1.1075	 -0.0679	  0.0000
 96.0000	464.0000	  0.8438	 -0.0011	  0.0000
112.0000	464.0000	  2.0349	 -0.0012	  0.0000
128.0000	464.0000	  1.8651	 -0.0027	  0.0000
144.0000	464.0000	  2.1834	 -0.0411	  0.0000
160.0000	464.0000	  1.2555	  0.0084	  0.0000
176.0000	464.0000	  2.3759	 -0.0399	  0.0000
192.0000	464.0000	  1.5350	 -0.0226	  0.0000
208.0000	464.0000	  0.7163	 -0.0161	  0.0000
224.0000	464.0000	  0.8972	  0.0048	  0.0000
240.0000	464.0000	  1.4879	 -0.0263	  0.0000
256.0000	464.0000	  1.4312	  0.0056	  0.0000
272.0000	464.0000	  1.7719	 -0.0438	  0.0000
288.0000	464.0000	  1.6148	 -0.0083	  0.0000
304.0000	464.0000	  1.6336	 -0.1627	  0.0000
320.0000	464.0000	  1.1379	  0.0241	  0.0000
336.0000	464.0000	  1.7286	 -0.1801	  0.0000
352.0000	464.0000	  0.5873	 -0.0101	  0.0000
368.0000	464.0000	  0.9045	 -0.2060	  0.0000
384.0000	464.0000	  0.7080	 -0.0023	  0.0000
400.0000	464.0000	  1.2806	 -0.2381	  0.0000
416.0000	464.0000	  1.7394	  0.0011	  0.0000
432.0000	464.0000	  0.5906	 -0.0226	  0.0000
448.0000	464.0000	  0.0819	  0.0006	  0.0000
464.0000	464.0000	  1.3789	 -0.0236	  0.0000
480.0000	464.0000	  1.9147	  0.0077	  0.0000
496.0000	464.0000	  0.8125	 -0.0207	  0.0000
 16.0000	448.0000	  4.2699	  0.0348	  0.0000
 32.0000	448.0000	  4.1864	  0.0396	  0.0000
 48.0000	448.0000	  3.6797	  0.0022	  0.0000
 64.0000	448.0000	  2.7995	 -0.0406	  0.0000
 80.0000	448.0000	  1.7814	  0.0443	  0.0000
 96.0000	448.0000	  3.0838	 -0.9908	  0.0000
112.0000	448.0000	  2.2896	  0.0030	  0.0000
128.0000	448.0000	  2.7432	  0.0004	  0.0000
144.0000	448.0000	  2.6913	 -0.0347	  0.0000
160.0000	448.0000	  2.5443	 -0.0408	  0.0000
176.0000	448.0000	  2.4053	 -0.0079	  0.0000
192.0000	448.0000	  3.7306	 -0.0582	  0.0000
208.0000	448.0000	  2.9575	 -0.0129	  0.0000
224.0000	448.0000	  2.3541	 -0.9874	  0.0000
240.0000	448.0000	  3.6119	 -0.0129	  0.0000
256.0000	448.0000	  4.2325	 -0.2547	  0.0000
272.0000	448.0000	  2.8568	 -0.1383	  0.0000
288.0000	448.0000	  2.2732	 -0.9797	  0.0000
304.0000	448.0000	  1.4754	  0.0037	  0.0000
320.0000	448.0000	  2.8855	 -0.7280	  0.0000
336.0000	448.0000	  3.9107	 -0.0094	  0.0000
352.0000	448.0000	     nan	     nan	  1.0000
368.0000	448.0000	  3.4790	  0.0152	  0.0000
384.0000	448.0000	  3.8011	 -0.8389	  0.0000
400.0000	448.0000	  2.8878	  0.0094	  0.0000
416.0000	448.0000	  3.8030	 -0.0079	  0.0000
432.0000	448.0000	  3.6832	  0.0188	  0.0000
448.0000	448.0000	  4.2835	 -0.0150	  0.0000
464.0000	448.0000	  4.0009	  0.0042	  0.0000
480.0000	448.0000	  3.7930	 -0.0438	  0.0000
496.0000	448.0000	     nan	     nan	  1.0000
 16.0000	432.0000	  4.4999	  0.0378	  0.0000
 32.0000	432.0000	  4.8329	  0.0616	  0.0000
 48.0000	432.0000	  5.2833	 -0.9669	  0.0000
 64.0000	432.0000	  5.5074	  0.0277	  0.0000
 80.0000	432.0000	  5.8991	  0.0154	  0.0000
 96.0000	432.0000	  5.0715	  0.0036	  0.0000
112.0000	432.0000	  6.4630	 -0.0372	  0.0000
128.0000	432.0000	  5.7662	 -0.1177	  0.0000
144.0000	432.0000	  5.3391	 -0.0210	  0.0000
160.0000	432.0000	  5.0218	 -0.0039	  0.0000
176.0000	432.0000	  3.9736	 -0.0363	  0.0000
192.0000	432.0000	  4.5245	  0.0373	  0.0000
208.0000	432.0000	  5.5151	 -0.2043	  0.0000
224.0000	432.0000	  5.1172	  0.0356	  0.0000
240.0000	432.0000	  4.8973	 -0.2456	  0.0000
256.0000	432.0000	  4.4572	 -0.0038	  0.0000
272.0000	432.0000	  4.7747	 -0.2498	  0.0000
288.0000	432.0000	  4.5381	 -0.0132	  0.0000
304.0000	432.0000	  4.8297	 -0.4277	  0.0000
320.0000	432.0000	  4.9599	  0.0204	  0.0000
336.0000	432.0000	  5.2977	 -0.4383	  0.0000
352.0000	432.0000	  5.7599	 -0.5273	  0.0000
368.0000	432.0000	  4.3915	 -0.4921	  0.0000
384.0000	432.0000	  4.0068	 -0.0220	  0.0000
400.0000	432.0000	  6.2054	 -0.2595	  0.0000
416.0000	432.0000	  5.6698	 -0.0710	  0.0000
432.0000	432.0000	  4.0132	 -0.0021	  0.0000
448.0000	432.0000	  4.6463	  0.0128	  0.0000
464.0000	432.0000	  5.0670	 -0.0347	  0.0000
480.0000	432.0000	  5.0194	  0.0155	  0.0000
496.0000	432.0000	  5.0069	  0.0281	  0.0000
 16.0000	416.0000	  6.8377	 -0.8142	  0.0000
 32.0000	416.0000	  6.9682	 -0.8214	  0.0000
 48.0000	416.0000	  7.5329	  0.0655	  0.0000
 64.0000	416.0000	  7.3400	 -0.9035	  0.0000
 80.0000	416.0000	  6.8036	  0.0054	  0.0000
 96.0000	416.0000	  6.8253	  0.0152	  0.0000
112.0000	416.0000	  7.0695	 -0.0087	  0.0000
128.0000	416.0000	  7.4200	 -0.9247	  0.0000
144.0000	416.0000	  6.7948	  0.1823	  0.0000
160.0000	416.0000	  7.1112	 -0.0111	  0.0000
176.0000	416.0000	  6.3261	 -0.0295	  0.0000
192.0000	416.0000	  6.1145	 -0.9450	  0.0000
208.0000	416.0000	  6.7572	  0.0058	  0.0000
224.0000	416.0000	  6.5270	 -0.9178	  0.0000
240.0000	416.0000	  6.2696	  0.0608	  0.0000
256.0000	416.0000	  5.7819	 -0.6474	  0.0000
272.0000	416.0000	  6.3759	 -0.0147	  0.0000
288.0000	416.0000	  7.9467	 -0.9124	  0.0000
304.0000	416.0000	  7.2919	  0.0002	  0.0000
320.0000	416.0000	  7.3870	 -1.0208	  0.0000
336.0000	416.0000	  6.2832	 -0.5221	  0.0000
352.0000	416.0000	  5.6343	 -0.1723	  0.0000
368.0000	416.0000	  5.6004	 -0.4948	  0.0000
384.0000	416.0000	  7.8252	 -0.0095	  0.0000
400.0000	416.0000	  6.8948	  0.0341	  0.0000
416.0000	416.0000	  6.4728	 -0.0419	  0.0000
432.0000	416.0000	  6.5675	 -0.0520	  0.0000
448.0000	416.0000	  6.5044	 -0.9402	  0.0000
464.0000	416.0000	  6.2518	  0.0193	  0.0000
480.0000	416.0000	  6.4238	 -0.0297	  0.0000
496.0000	416.0000	  5.5831	 -0.0034	  0.0000
 16.0000	400.0000	  8.4340	  0.0391	  0.0000
 32.0000	400.0000	  8.4046	 -0.0129	  0.0000
 48.0000	400.0000	  8.9560	 -0.0777	  0.0000
 64.0000	400.0000	  8.2393	 -0.0595	  0.0000
 80.0000	400.0000	  8.4847	 -0.0761	  0.0000
 96.0000	400.0000	  7.5738	 -0.0319	  0.0000
112.0000	400.0000	  8.2946	 -0.0265	  0.0000
128.0000	400.0000	  8.2556	 -0.0412	  0.0000
144.0000	400.0000	  8.6875	 -1.0537	  0.0000
160.0000	400.0000	  8.0629	 -0.0006	  0.0000
176.0000	400.0000	  8.4980	 -0.1747	  0.0000
192.0000	400.0000	  8.9843	 -0.0014	  0.0000
208.0000	400.0000	  9.1957	 -0.6432	  0.0000
224.0000	400.0000	  8.3162	 -0.1824	  0.0000
240.0000	400.0000	  7.9314	 -0.5930	  0.0000
256.0000	400.0000	  9.0998	 -0.5022	  0.0000
272.0000	400.0000	  8.8696	 -0.4910	  0.0000
288.0000	400.0000	  8.7457	  0.0417	  0.0000
304.0000	400.0000	  8.0475	 -0.1608	  0.0000
320.0000	400.0000	  8.6277	  0.0003	  0.0000
336.0000	400.0000	  9.1551	 -0.2910	  0.0000
352.0000	400.0000	  9.2844	 -0.5008	  0.0000
368.0000	400.0000	  8.4424	 -0.2898	  0.0000
384.0000	400.0000	  8.3526	 -0.0198	  0.0000
400.0000	400.0000	  8.6286	 -0.0712	  0.0000
416.0000	400.0000	  7.8658	  0.0108	  0.0000
432.0000	400.0000	  8.1490	 -0.2317	  0.0000
448.0000	400.0000	  8.5054	  0.0029	  0.0000
464.0000	400.0000	  8.4304	 -0.2674	  0.0000
480.0000	400.0000	  9.2358	  0.0002	  0.0000
496.0000	400.0000	  8.8548	 -0.0371	  0.0000
 16.0000	384.0000	  9.8474	 -0.1195	  0.0000
 32.0000	384.0000	 10.2066	 -0.0934	  0.0000
 48.0000	384.0000	  9.6735	  0.0142	  0.0000
 64.0000	384.0000	 10.4690	 -0.1291	  0.0000
 80.0000	384.0000	 10.2768	 -0.0135	  0.0000
 96.0000	384.0000	 10.5088	 -0.0635	  0.0000
112.0000	384.0000	 10.1740	 -0.0406	  0.0000
128.0000	384.0000	  9.9373	 -0.9417	  0.0000
144.0000	384.0000	  9.5051	  0.0518	  0.0000
160.0000	384.0000	 10.4232	 -0.8855	  0.0000
176.0000	384.0000	 10.1061	 -0.0076	  0.0000
192.0000	384.0000	 10.1989	 -0.8964	  0.0000
208.0000	384.0000	  9.9129	  0.0553	  0.0000
224.0000	384.0000	  9.6280	  0.0060	  0.0000
240.0000	384.0000	  9.5640	 -0.5188	  0.0000
256.0000	384.0000	  9.6841	 -0.2871	  0.0000
272.0000	384.0000	  8.9487	 -0.5034	  0.0000
288.0000	384.0000	  9.7044	 -0.0795	  0.0000
304.0000	384.0000	  9.9735	  0.0213	  0.0000
320.0000	384.0000	  9.7406	 -0.1104	  0.0000
336.0000	384.0000	 10.0800	  0.0232	  0.0000
352.0000	384.0000	 10.8602	 -0.8105	  0.0000
368.0000	384.0000	 11.0631	 -0.0335	  0.0000
384.0000	384.0000	 11.0829	 -0.1595	  0.0000
400.0000	384.0000	 10.4372	 -0.0005	  0.0000
416.0000	384.0000	 11.2145	 -0.0371	  0.0000
432.0000	384.0000	 10.2583	 -0.0324	  0.0000
448.0000	384.0000	 10.6959	 -0.9921	  0.0000
464.0000	384.0000	 10.2615	  0.0016	  0.0000
480.0000	384.0000	 10.0779	 -0.0553	  0.0000
496.0000	384.0000	  9.3202	 -0.0726	  0.0000
 16.0000	368.0000	 11.8604	 -0.0005	  0.0000
 32.0000	368.0000	 11.5294	 -0.0002	  0.0000
 48.0000	368.0000	 12.2463	 -0.0541	  0.0000
 64.0000	368.0000	 11.5938	 -0.0016	  0.0000
 80.0000	368.0000	 11.0275	 -0.0535	  0.0000
 96.0000	368.0000	 11.4724	  0.0047	  0.0000
112.0000	368.0000	 11.3856	 -0.0132	  0.0000
128.0000	368.0000	 11.4882	 -0.0006	  0.0000
144.0000	368.0000	 11.9457	 -0.1990	  0.0000
160.0000	368.0000	 11.3160	  0.0527	  0.0000
176.0000	368.0000	 11.2800	 -0.4499	  0.0000
192.0000	368.0000	 10.8639	 -0.0024	  0.0000
208.0000	368.0000	 11.1124	 -0.4702	  0.0000
224.0000	368.0000	 11.9001	 -0.0004	  0.0000
240.0000	368.0000	 11.7749	 -0.4659	  0.0000
256.0000	368.0000	 11.0414	 -0.4440	  0.0000
272.0000	368.0000	 11.6107	 -0.4958	  0.0000
288.0000	368.0000	 11.2723	 -0.0022	  0.0000
304.0000	368.0000	 12.0140	 -0.2485	  0.0000
320.0000	368.0000	 11.5979	  0.0233	  0.0000
336.0000	368.0000	 12.0852	  0.0153	  0.0000
352.0000	368.0000	 11.2352	  0.0036	  0.0000
368.0000	368.0000	 12.1079	 -0.0732	  0.0000
384.0000	368.0000	 11.4712	 -0.0332	  0.0000
400.0000	368.0000	 11.5016	 -0.0622	  0.0000
416.0000	368.0000	 11.0536	 -0.0097	  0.0000
432.0000	368.0000	 10.7680	 -0.2986	  0.0000
448.0000	368.0000	 10.6679	  0.0014	  0.0000
464.0000	368.0000	 11.0829	 -0.2483	  0.0000
480.0000	368.0000	 11.2216	  0.0286	  0.0000
496.0000	368.0000	 10.2342	 -0.0365	  0.0000
 16.0000	352.0000	 12.0596	 -0.9834	  0.0000
 32.0000	352.0000	 12.3806	 -1.0103	  0.0000
 48.0000	352.0000	 12.4870	 -0.0327	  0.0000
 64.0000	352.0000	 12.6232	 -0.9197	  0.0000
 80.0000	352.0000	 13.0804	 -0.0013	  0.0000
 96.0000	352.0000	 13.1490	 -0.0452	  0.0000
112.0000	352.0000	 12.8588	 -0.0006	  0.0000
128.0000	352.0000	 12.4021	 -0.0247	  0.0000
144.0000	352.0000	 12.7328	 -0.0136	  0.0000
160.0000	352.0000	 13.2290	 -0.9659	  0.0000
176.0000	352.0000	 13.2810	 -0.0191	  0.0000
192.0000	352.0000	 12.9145	 -0.9835	  0.0000
208.0000	352.0000	 12.8301	 -0.0010	  0.0000
224.0000	352.0000	 12.5331	 -0.8652	  0.0000
240.0000	352.0000	 12.8173	 -0.0054	  0.0000
256.0000	352.0000	 12.9202	 -0.8674	  0.0000
272.0000	352.0000	 12.2781	  0.0099	  0.0000
288.0000	352.0000	 12.5335	 -0.9496	  0.0000
304.0000	352.0000	 12.3836	  0.0276	  0.0000
320.0000	352.0000	 13.0061	 -0.9598	  0.0000
336.0000	352.0000	 12.6150	 -0.0005	  0.0000
352.0000	352.0000	 13.2497	 -0.0730	  0.0000
368.0000	352.0000	 12.2811	  0.0038	  0.0000
384.0000	352.0000	 12.5747	 -0.1351	  0.0000
400.0000	352.0000	 13.2547	 -0.0207	  0.0000
416.0000	352.0000	 11.9314	 -0.0754	  0.0000
432.0000	352.0000	 12.5391	 -0.0264	  0.0000
448.0000	352.0000	 12.9387	 -0.0692	  0.0000
464.0000	352.0000	 12.6376	 -0.0011	  0.0000
480.0000	352.0000	 13.1762	 -0.7409	  0.0000
496.0000	352.0000	 12.7388	 -0.0006	  0.0000
 16.0000	336.0000	 14.2587	  0.0034	  0.0000
 32.0000	336.0000	 13.8959	  0.0416	  0.0000
 48.0000	336.0000	 13.9428	 -0.4520	  0.0000
 64.0000	336.0000	 13.6948	 -0.0002	  0.0000
 80.0000	336.0000	 13.6648	 -0.2401	  0.0000
 96.0000	336.0000	 13.7006	 -0.0160	  0.0000
112.0000	336.0000	 13.8265	 -0.2951	  0.0000
128.0000	336.0000	 13.3641	 -0.0448	  0.0000
144.0000	336.0000	 13.4976	 -0.4645	  0.0000
160.0000	336.0000	 12.9536	  0.0020	  0.0000
176.0000	336.0000	 13.7431	 -0.4592	  0.0000
192.0000	336.0000	 13.2609	  0.0101	  0.0000
208.0000	336.0000	 13.7377	 -0.4616	  0.0000
224.0000	336.0000	 13.4248	 -0.0105	  0.0000
240.0000	336.0000	 13.6174	 -0.4198	  0.0000
256.0000	336.0000	 13.3403	 -0.0220	  0.0000
272.0000	336.0000	 13.7645	 -0.4296	  0.0000
288.0000	336.0000	 13.0192	  0.0388	  0.0000
304.0000	336.0000	 13.4919	 -0.2333	  0.0000
320.0000	336.0000	 13.6855	  0.0020	  0.0000
336.0000	336.0000	 13.6112	 -0.0089	  0.0000
352.0000	336.0000	 13.2562	  0.0001	  0.0000
368.0000	336.0000	 13.8773	 -0.0326	  0.0000
384.0000	336.0000	 13.3876	 -0.0108	  0.0000
400.0000	336.0000	 13.7601	 -0.0595	  0.0000
416.0000	336.0000	 13.8478	  0.0012	  0.0000
432.0000	336.0000	 13.6812	 -0.0718	  0.0000
448.0000	336.0000	 13.6711	 -0.0366	  0.0000
464.0000	336.0000	 13.9457	 -0.0791	  0.0000
480.0000	336.0000	 13.4907	 -0.0016	  0.0000
496.0000	336.0000	 12.9681	 -0.0012	  0.0000
 16.0000	320.0000	 14.8763	 -0.9403	  0.0000
 32.0000	320.0000	 14.7742	 -0.9454	  0.0000
 48.0000	320.0000	 13.9808	 -0.0039	  0.0000
 64.0000	320.0000	 14.3491	 -0.9416	  0.0000
 80.0000	320.0000	 14.0902	 -0.0038	  0.0000
 96.0000	320.0000	 14.4496	 -0.9556	  0.0000
112.0000	320.0000	 14.5661	  0.0487	  0.0000
128.0000	320.0000	 14.6974	 -0.8944	  0.0000
144.0000	320.0000	 14.0461	  0.0051	  0.0000
160.0000	320.0000	 14.1946	 -0.9573	  0.0000
176.0000	320.0000	 14.3549	 -0.0016	  0.0000
192.0000	320.0000	 14.7786	 -0.9191	  0.0000
208.0000	320.0000	 13.8521	  0.0378	  0.0000
224.0000	320.0000	 14.6893	 -0.8677	  0.0000
240.0000	320.0000	 14.5195	  0.0304	  0.0000
256.0000	320.0000	 14.0921	 -0.8695	  0.0000
272.0000	320.0000	 13.9788	  0.0238	  0.0000
288.0000	320.0000	 14.4702	 -0.9405	  0.0000
304.0000	320.0000	 14.1349	 -0.0094	  0.0000
320.0000	320.0000	 15.1020	 -0.9193	  0.0000
336.0000	320.0000	 14.3339	  0.0345	  0.0000
352.0000	320.0000	 14.6454	 -0.8167	  0.0000
368.0000	320.0000	 14.0710	 -0.0082	  0.0000
384.0000	320.0000	 14.5664	 -0.1162	  0.0000
400.0000	320.0000	 14.1361	 -0.0493	  0.0000
416.0000	320.0000	 14.0499	 -0.0328	  0.0000
432.0000	320.0000	 14.1185	  0.0007	  0.0000
448.0000	320.0000	 14.1898	 -0.0564	  0.0000
464.0000	320.0000	 14.4266	  0.0229	  0.0000
480.0000	320.0000	 15.1049	 -0.0585	  0.0000
496.0000	320.0000	 14.0429	 -0.0000	  0.0000
 16.0000	304.0000	 15.1383	  0.0007	  0.0000
 32.0000	304.0000	 15.1107	  0.0008	  0.0000
 48.0000	304.0000	 15.2613	 -0.4715	  0.0000
 64.0000	304.0000	 15.2415	 -0.0011	  0.0000
 80.0000	304.0000	 15.4002	 -0.4712	  0.0000
 96.0000	304.0000	 14.5904	 -0.0090	  0.0000
112.0000	304.0000	 15.2810	 -0.4852	  0.0000
128.0000	304.0000	 14.9892	  0.0469	  0.0000
144.0000	304.0000	 15.5767	 -0.4684	  0.0000
160.0000	304.0000	 15.1111	  0.0018	  0.0000
176.0000	304.0000	 15.2833	 -0.4935	  0.0000
192.0000	304.0000	 14.8593	  0.0292	  0.0000
208.0000	304.0000	 14.8746	 -0.4111	  0.0000
224.0000	304.0000	 14.3990	  0.0636	  0.0000
240.0000	304.0000	 15.0511	 -0.3962	  0.0000
256.0000	304.0000	 14.9395	  0.0583	  0.0000
272.0000	304.0000	 15.1703	 -0.4370	  0.0000
288.0000	304.0000	 14.9361	  0.0027	  0.0000
304.0000	304.0000	 15.3029	 -0.2628	  0.0000
320.0000	304.0000	 14.5290	 -0.0073	  0.0000
336.0000	304.0000	 15.3449	  0.0290	  0.0000
352.0000	304.0000	 14.9514	  0.0486	  0.0000
368.0000	304.0000	 15.0096	 -0.0279	  0.0000
384.0000	304.0000	 14.6654	  0.0361	  0.0000
400.0000	304.0000	 15.2739	  0.0067	  0.0000
416.0000	304.0000	 14.9915	  0.0013	  0.0000
432.0000	304.0000	 15.1466	 -0.0163	  0.0000
448.0000	304.0000	 15.0979	 -0.0043	  0.0000
464.0000	304.0000	 15.1285	 -0.0373	  0.0000
480.0000	304.0000	 15.3216	 -0.0101	  0.0000
496.0000	304.0000	 14.7398	 -0.0169	  0.0000
 16.0000	288.0000	 14.9393	 -0.0024	  0.0000
 32.0000	288.0000	 15.0042	 -0.0044	  0.0000
 48.0000	288.0000	 15.1128	 -0.0024	  0.0000
 64.0000	288.0000	 15.1340	 -0.0042	  0.0000
 80.0000	288.0000	 15.0038	  0.0013	  0.0000
 96.0000	288.0000	 15.4556	 -0.9663	  0.0000
112.0000	288.0000	 15.1548	  0.0087	  0.0000
128.0000	288.0000	 15.6635	 -0.9579	  0.0000
144.0000	288.0000	 15.1844	  0.0086	  0.0000
160.0000	288.0000	 15.5862	 -0.9807	  0.0000
176.0000	288.0000	 15.6076	 -0.0062	  0.0000
192.0000	288.0000	 15.9691	 -0.0243	  0.0000
208.0000	288.0000	 15.5895	  0.0014	  0.0000
224.0000	288.0000	 15.6811	 -0.9746	  0.0000
240.0000	288.0000	 15.2084	 -0.0037	  0.0000
256.0000	288.0000	 15.5939	 -0.0247	  0.0000
272.0000	288.0000	 15.1462	 -0.0012	  0.0000
288.0000	288.0000	 15.5934	 -1.0016	  0.0000
304.0000	288.0000	 15.7068	 -0.0203	  0.0000
320.0000	288.0000	 15.7768	 -0.0216	  0.0000
336.0000	288.0000	 14.8979	 -0.1363	  0.0000
352.0000	288.0000	 15.6067	 -0.0706	  0.0000
368.0000	288.0000	 15.2611	 -0.0171	  0.0000
384.0000	288.0000	 15.8118	 -0.8614	  0.0000
400.0000	288.0000	 15.5263	  0.0006	  0.0000
416.0000	288.0000	 15.3725	 -0.0250	  0.0000
432.0000	288.0000	 14.9361	 -0.0151	  0.0000
448.0000	288.0000	 15.1300	 -0.0093	  0.0000
464.0000	288.0000	 15.4375	  0.0040	  0.0000
480.0000	288.0000	 15.9477	 -0.0100	  0.0000
496.0000	288.0000	 14.8571	 -0.0056	  0.0000
 16.0000	272.0000	 15.0000	  0.0000	  0.0000
 32.0000	272.0000	 15.3256	 -0.0108	  0.0000
 48.0000	272.0000	 15.5824	 -0.0192	  0.0000
 64.0000	272.0000	 15.2515	  0.0028	  0.0000
 80.0000	272.0000	 15.8325	 -0.2205	  0.0000
 96.0000	272.0000	 15.3431	  0.0042	  0.0000
112.0000	272.0000	 15.9599	 -0.4665	  0.0000
128.0000	272.0000	 15.7714	  0.0122	  0.0000
144.0000	272.0000	 15.9077	 -0.4713	  0.0000
160.0000	272.0000	 15.2974	 -0.0033	  0.0000
176.0000	272.0000	 15.7596	 -0.2656	  0.0000
192.0000	272.0000	 15.2479	 -0.0018	  0.0000
208.0000	272.0000	 15.8560	 -0.2498	  0.0000
224.0000	272.0000	 15.3339	  0.0096	  0.0000
240.0000	272.0000	 15.8545	 -0.2529	  0.0000
256.0000	272.0000	 15.2941	 -0.0108	  0.0000
272.0000	272.0000	 15.6759	 -0.2541	  0.0000
288.0000	272.0000	 15.3416	 -0.0190	  0.0000
304.0000	272.0000	 15.5800	 -0.2590	  0.0000
320.0000	272.0000	 15.9201	  0.0180	  0.0000
336.0000	272.0000	 15.6414	 -0.0204	  0.0000
352.0000	272.0000	 15.3825	 -0.0106	  0.0000
368.0000	272.0000	 15.8200	 -0.0126	  0.0000
384.0000	272.0000	 15.3270	 -0.0154	  0.0000
400.0000	272.0000	 15.8654	 -0.0031	  0.0000
416.0000	272.0000	 15.4333	 -0.0062	  0.0000
432.0000	272.0000	 15.9301	 -0.0225	  0.0000
448.0000	272.0000	 15.3000	 -0.0027	  0.0000
464.0000	272.0000	 15.5989	 -0.0078	  0.0000
480.0000	272.0000	 15.8629	  0.0048	  0.0000
496.0000	272.0000	     nan	     nan	  1.0000
 16.0000	256.0000	 15.7074	 -0.0013	  0.0000
 32.0000	256.0000	 15.8210	 -0.0198	  0.0000
 48.0000	256.0000	 15.4463	 -0.0194	  0.0000
 64.0000	256.0000	 15.7832	 -0.0183	  0.0000
 80.0000	256.0000	 15.4849	 -0.0040	  0.0000
 96.0000	256.0000	 16.2353	 -0.9748	  0.0000
112.0000	256.0000	 15.9100	  0.0108	  0.0000
128.0000	256.0000	 15.8604	 -0.9517	  0.0000
144.0000	256.0000	 15.8635	  0.0012	  0.0000
160.0000	256.0000	 15.6086	 -0.9627	  0.0000
176.0000	256.0000	 15.9483	 -0.0006	  0.0000
192.0000	256.0000	 15.9916	 -0.0073	  0.0000
208.0000	256.0000	 15.8846	 -0.0009	  0.0000
224.0000	256.0000	 16.2016	 -0.9044	  0.0000
240.0000	256.0000	 15.4901	  0.0117	  0.0000
256.0000	256.0000	 15.8485	 -0.0186	  0.0000
272.0000	256.0000	 15.4344	 -0.0471	  0.0000
288.0000	256.0000	 15.8784	 -0.8313	  0.0000
304.0000	256.0000	 15.4705	  0.0251	  0.0000
320.0000	256.0000	 15.8045	 -0.9657	  0.0000
336.0000	256.0000	 15.4456	  0.0025	  0.0000
352.0000	256.0000	 16.3318	 -0.9798	  0.0000
368.0000	256.0000	 15.9759	  0.0549	  0.0000
384.0000	256.0000	 15.7916	 -0.8152	  0.0000
400.0000	256.0000	 15.7476	  0.0034	  0.0000
416.0000	256.0000	 16.3624	 -0.0229	  0.0000
432.0000	256.0000	 15.3755	 -0.0339	  0.0000
448.0000	256.0000	 15.8199	 -0.0982	  0.0000
464.0000	256.0000	 15.4351	 -0.0272	  0.0000
480.0000	256.0000	 15.8450	 -0.0055	  0.0000
496.0000	256.0000	 15.4282	 -0.0070	  0.0000
 16.0000	240.0000	 15.2700	 -0.0031	  0.0000
 32.0000	240.0000	 15.3654	 -0.0072	  0.0000
 48.0000	240.0000	 15.7366	 -0.0163	  0.0000
 64.0000	240.0000	 15.3459	 -0.0082	  0.0000
 80.0000	240.0000	 15.9496	 -0.2534	  0.0000
 96.0000	240.0000	 15.3630	  0.0058	  0.0000
112.0000	240.0000	 16.1614	 -0.4697	  0.0000
128.0000	240.0000	 15.9810	 -0.0032	  0.0000
144.0000	240.0000	 15.9981	 -0.4793	  0.0000
160.0000	240.0000	 15.2470	  0.0180	  0.0000
176.0000	240.0000	 15.9108	 -0.2276	  0.0000
192.0000	240.0000	 15.6873	  0.0033	  0.0000
208.0000	240.0000	 15.9966	  0.0006	  0.0000
224.0000	240.0000	 15.3058	 -0.0092	  0.0000
240.0000	240.0000	 16.1406	  0.0034	  0.0000
256.0000	240.0000	 15.4832	 -0.0024	  0.0000
272.0000	240.0000	 15.8593	 -0.0333	  0.0000
288.0000	240.0000	 15.3847	  0.0133	  0.0000
304.0000	240.0000	 15.9183	 -0.9067	  0.0000
320.0000	240.0000	 15.2403	 -0.0141	  0.0000
336.0000	240.0000	 16.0166	 -0.2183	  0.0000
352.0000	240.0000	 15.4092	  0.0038	  0.0000
368.0000	240.0000	 16.1794	 -0.1898	  0.0000
384.0000	240.0000	 15.8872	  0.0315	  0.0000
400.0000	240.0000	 16.0307	 -0.0079	  0.0000
416.0000	240.0000	 15.4157	 -0.0018	  0.0000
432.0000	240.0000	 16.0365	 -0.0543	  0.0000
448.0000	240.0000	 15.4154	 -0.0492	  0.0000
464.0000	240.0000	 15.8285	 -0.0335	  0.0000
480.0000	240.0000	 15.3874	  0.0120	  0.0000
496.0000	240.0000	 15.0000	  0.0000	  0.0000
 16.0000	224.0000	 15.7446	 -0.0160	  0.0000
 32.0000	224.0000	 15.7175	 -0.0136	  0.0000
 48.0000	224.0000	 15.1256	 -0.0051	  0.0000
 64.0000	224.0000	 15.6311	 -0.9924	  0.0000
 80.0000	224.0000	 15.1011	 -0.0030	  0.0000
 96.0000	224.0000	 16.0405	 -0.9737	  0.0000
112.0000	224.0000	 15.1554	  0.0042	  0.0000
128.0000	224.0000	 15.0394	 -0.8951	  0.0000
144.0000	224.0000	 15.0391	  0.0009	  0.0000
160.0000	224.0000	 15.7713	 -0.9642	  0.0000
176.0000	224.0000	 15.0479	  0.0108	  0.0000
192.0000	224.0000	 15.1365	 -0.9407	  0.0000
208.0000	224.0000	 15.0963	  0.0035	  0.0000
224.0000	224.0000	 15.7224	 -0.0050	  0.0000
240.0000	224.0000	 15.0039	 -0.0017	  0.0000
256.0000	224.0000	 15.4773	 -0.0169	  0.0000
272.0000	224.0000	 15.0914	  0.0062	  0.0000
288.0000	224.0000	 16.1127	 -0.7990	  0.0000
304.0000	224.0000	 15.1818	  0.0125	  0.0000
320.0000	224.0000	 15.7546	 -0.8609	  0.0000
336.0000	224.0000	 15.1043	  0.0007	  0.0000
352.0000	224.0000	 15.8061	 -0.9385	  0.0000
368.0000	224.0000	 15.1501	 -0.0003	  0.0000
384.0000	224.0000	 15.2667	 -0.0037	  0.0000
400.0000	224.0000	 15.1910	 -0.0040	  0.0000
416.0000	224.0000	 15.9544	 -0.0325	  0.0000
432.0000	224.0000	 15.2091	 -0.0007	  0.0000
448.0000	224.0000	 15.9878	 -0.0137	  0.0000
464.0000	224.0000	 15.0351	  0.0101	  0.0000
480.0000	224.0000	 15.2474	 -0.0007	  0.0000
496.0000	224.0000	 15.1730	  0.0024	  0.0000
 16.0000	208.0000	 15.0337	 -0.0204	  0.0000
 32.0000	208.0000	 15.0268	 -0.0065	  0.0000
 48.0000	208.0000	 14.8799	 -0.0039	  0.0000
 64.0000	208.0000	 15.1281	  0.0331	  0.0000
 80.0000	208.0000	 14.5731	 -0.2658	  0.0000
 96.0000	208.0000	 14.9874	  0.0068	  0.0000
112.0000	208.0000	 15.7683	 -0.4854	  0.0000
128.0000	208.0000	 14.8590	  0.0062	  0.0000
144.0000	208.0000	 15.5866	 -0.4807	  0.0000
160.0000	208.0000	 15.0794	  0.0027	  0.0000
176.0000	208.0000	 15.5657	 -0.4748	  0.0000
192.0000	208.0000	 15.1637	 -0.0021	  0.0000
208.0000	208.0000	 15.4517	 -0.2375	  0.0000
224.0000	208.0000	 15.3716	 -0.0007	  0.0000
240.0000	208.0000	 14.9515	 -0.0168	  0.0000
256.0000	208.0000	 14.7290	 -0.0118	  0.0000
272.0000	208.0000	 14.8538	 -0.0181	  0.0000
288.0000	208.0000	 15.2449	  0.0027	  0.0000
304.0000	208.0000	 14.9241	 -0.2343	  0.0000
320.0000	208.0000	 15.1999	  0.0013	  0.0000
336.0000	208.0000	 15.4963	 -0.4530	  0.0000
352.0000	208.0000	 14.5580	 -0.0105	  0.0000
368.0000	208.0000	 15.6110	 -0.4235	  0.0000
384.0000	208.0000	 15.0756	 -0.0268	  0.0000
400.0000	208.0000	 15.5190	 -0.2520	  0.0000
416.0000	208.0000	 15.1281	 -0.0012	  0.0000
432.0000	208.0000	 14.8621	 -0.0147	  0.0000
448.0000	208.0000	 15.0396	 -0.0018	  0.0000
464.0000	208.0000	 15.4999	 -0.0175	  0.0000
480.0000	208.0000	 15.1748	  0.0024	  0.0000
496.0000	208.0000	 14.5034	  0.0142	  0.0000
 16.0000	192.0000	 14.8158	 -0.0171	  0.0000
 32.0000	192.0000	 14.9960	 -0.0122	  0.0000
 48.0000	192.0000	 14.2095	  0.0048	  0.0000
 64.0000	192.0000	 14.9264	 -0.0279	  0.0000
 80.0000	192.0000	 14.1112	 -0.0145	  0.0000
 96.0000	192.0000	 14.1260	 -0.9907	  0.0000
112.0000	192.0000	 13.8417	  0.0046	  0.0000
128.0000	192.0000	 14.6827	 -0.9729	  0.0000
144.0000	192.0000	 14.2240	  0.0021	  0.0000
160.0000	192.0000	 14.2764	 -0.9328	  0.0000
176.0000	192.0000	 13.9667	  0.0176	  0.0000
192.0000	192.0000	 14.4124	 -0.9077	  0.0000
208.0000	192.0000	 14.2266	  0.0203	  0.0000
224.0000	192.0000	 14.2904	 -0.0113	  0.0000
240.0000	192.0000	 14.5878	  0.0010	  0.0000
256.0000	192.0000	 14.2536	  0.0039	  0.0000
272.0000	192.0000	 14.7476	  0.0230	  0.0000
288.0000	192.0000	 14.3540	 -0.0035	  0.0000
304.0000	192.0000	 14.0851	 -0.0020	  0.0000
320.0000	192.0000	 14.5241	 -0.9472	  0.0000
336.0000	192.0000	 14.3213	  0.0207	  0.0000
352.0000	192.0000	 14.5249	 -0.8725	  0.0000
368.0000	192.0000	 14.5955	  0.0016	  0.0000
384.0000	192.0000	 14.4531	 -0.7463	  0.0000
400.0000	192.0000	 14.3646	  0.0528	  0.0000
416.0000	192.0000	 14.2073	 -0.9133	  0.0000
432.0000	192.0000	 13.9258	  0.0324	  0.0000
448.0000	192.0000	 14.4898	 -0.0316	  0.0000
464.0000	192.0000	 13.9849	  0.0080	  0.0000
480.0000	192.0000	 14.1424	 -0.8450	  0.0000
496.0000	192.0000	 14.1165	 -0.0108	  0.0000
 16.0000	176.0000	 13.6202	 -0.0262	  0.0000
 32.0000	176.0000	 13.2280	  0.0277	  0.0000
 48.0000	176.0000	 14.3945	 -0.8231	  0.0000
 64.0000	176.0000	 13.7471	  0.0016	  0.0000
 80.0000	176.0000	 14.3905	 -0.2385	  0.0000
 96.0000	176.0000	 14.1351	 -0.0016	  0.0000
112.0000	176.0000	 14.0802	 -0.4729	  0.0000
128.0000	176.0000	 13.3937	 -0.0062	  0.0000
144.0000	176.0000	 13.7213	 -0.5071	  0.0000
160.0000	176.0000	 13.2233	 -0.5491	  0.0000
176.0000	176.0000	 13.4220	 -0.5594	  0.0000
192.0000	176.0000	 12.9633	 -0.0116	  0.0000
208.0000	176.0000	 13.1889	 -0.5185	  0.0000
224.0000	176.0000	 13.3783	 -0.0002	  0.0000
240.0000	176.0000	 13.4049	 -0.2508	  0.0000
256.0000	176.0000	 12.9011	  0.0016	  0.0000
272.0000	176.0000	 13.5270	 -0.2554	  0.0000
288.0000	176.0000	 13.6209	 -0.0002	  0.0000
304.0000	176.0000	 13.8093	 -0.4914	  0.0000
320.0000	176.0000	 12.9993	 -0.0048	  0.0000
336.0000	176.0000	 13.6207	 -0.4919	  0.0000
352.0000	176.0000	 13.5319	 -0.4644	  0.0000
368.0000	176.0000	 13.2317	 -0.3696	  0.0000
384.0000	176.0000	 13.2390	 -0.0026	  0.0000
400.0000	176.0000	 13.8579	 -0.4588	  0.0000
416.0000	176.0000	 13.2408	 -0.5315	  0.0000
432.0000	176.0000	 13.6042	 -0.3235	  0.0000
448.0000	176.0000	 13.3028	 -0.0169	  0.0000
464.0000	176.0000	 13.5328	 -0.0874	  0.0000
480.0000	176.0000	 13.8232	 -0.0121	  0.0000
496.0000	176.0000	 13.2007	 -0.0005	  0.0000
 16.0000	160.0000	 12.7835	 -0.9442	  0.0000
 32.0000	160.0000	 13.2380	 -0.9516	  0.0000
 48.0000	160.0000	 12.5148	  0.0571	  0.0000
 64.0000	160.0000	 13.1230	 -0.9442	  0.0000
 80.0000	160.0000	 12.7664	  0.0026	  0.0000
 96.0000	160.0000	 13.2816	 -0.9842	  0.0000
112.0000	160.0000	 13.1906	 -0.0103	  0.0000
128.0000	160.0000	 12.1163	 -0.0773	  0.0000
144.0000	160.0000	 12.0459	 -0.5056	  0.0000
160.0000	160.0000	 12.9759	 -0.1306	  0.0000
176.0000	160.0000	 12.4722	 -0.5055	  0.0000
192.0000	160.0000	 12.5571	 -0.0877	  0.0000
208.0000	160.0000	 12.2956	 -0.0014	  0.0000
224.0000	160.0000	 12.1981	 -0.9964	  0.0000
240.0000	160.0000	 12.6031	  0.0007	  0.0000
256.0000	160.0000	 13.1259	 -0.0019	  0.0000
272.0000	160.0000	 12.3440	 -0.0027	  0.0000
288.0000	160.0000	 12.2652	 -0.9718	  0.0000
304.0000	160.0000	 12.5807	 -0.0092	  0.0000
320.0000	160.0000	 13.4241	 -0.0127	  0.0000
336.0000	160.0000	 12.3757	 -0.5017	  0.0000
352.0000	160.0000	 12.9304	 -0.0775	  0.0000
368.0000	160.0000	 12.3437	 -0.5567	  0.0000
384.0000	160.0000	 12.8080	 -0.0351	  0.0000
400.0000	160.0000	 12.3958	 -0.5078	  0.0000
416.0000	160.0000	 12.9639	 -0.0596	  0.0000
432.0000	160.0000	 12.3618	 -0.4802	  0.0000
448.0000	160.0000	 12.2634	 -0.0917	  0.0000
464.0000	160.0000	 12.0095	 -0.0716	  0.0000
480.0000	160.0000	 12.7311	 -0.1561	  0.0000
496.0000	160.0000	 12.3107	 -0.0048	  0.0000
 16.0000	144.0000	 11.4856	 -0.0002	  0.0000
 32.0000	144.0000	 11.8488	 -0.1093	  0.0000
 48.0000	144.0000	 11.9830	 -0.4892	  0.0000
 64.0000	144.0000	 10.8082	 -0.5041	  0.0000
 80.0000	144.0000	 11.2235	 -0.4954	  0.0000
 96.0000	144.0000	 11.1247	 -0.0010	  0.0000
112.0000	144.0000	 11.4866	 -0.4830	  0.0000
128.0000	144.0000	 10.9121	  0.0019	  0.0000
144.0000	144.0000	 11.3299	 -0.4824	  0.0000
160.0000	144.0000	 11.6092	 -0.4985	  0.0000
176.0000	144.0000	 12.0516	 -0.5791	  0.0000
192.0000	144.0000	 11.4513	 -0.0674	  0.0000
208.0000	144.0000	 11.3282	 -0.5080	  0.0000
224.0000	144.0000	 11.3475	 -0.0005	  0.0000
240.0000	144.0000	 11.6300	 -0.4815	  0.0000
256.0000	144.0000	 10.8688	  0.0060	  0.0000
272.0000	144.0000	 11.8898	 -0.4742	  0.0000
288.0000	144.0000	 11.5140	 -0.0012	  0.0000
304.0000	144.0000	 11.4033	 -0.2732	  0.0000
320.0000	144.0000	 12.2222	  0.0000	  0.0000
336.0000	144.0000	 11.7841	 -0.2862	  0.0000
352.0000	144.0000	 11.5299	 -0.5118	  0.0000
368.0000	144.0000	 12.2411	 -0.5007	  0.0000
384.0000	144.0000	 11.7802	 -0.0405	  0.0000
400.0000	144.0000	 11.4103	 -0.5410	  0.0000
416.0000	144.0000	 11.1438	 -0.5387	  0.0000
432.0000	144.0000	 11.8819	 -0.5523	  0.0000
448.0000	144.0000	 11.7995	  0.0109	  0.0000
464.0000	144.0000	 11.6694	 -0.2147	  0.0000
480.0000	144.0000	 11.5007	 -0.0778	  0.0000
496.0000	144.0000	 11.6709	 -0.0126	  0.0000
 16.0000	128.0000	 10.5069	 -0.9415	  0.0000
 32.0000	128.0000	 10.0808	 -0.9894	  0.0000
 48.0000	128.0000	 10.2546	 -0.4997	  0.0000
 64.0000	128.0000	 10.7837	 -0.0415	  0.0000
 80.0000	128.0000	 10.3490	 -0.5029	  0.0000
 96.0000	128.0000	 10.7484	 -0.0045	  0.0000
112.0000	128.0000	  9.9437	  0.0245	  0.0000
128.0000	128.0000	 10.4719	 -0.9121	  0.0000
144.0000	128.0000	 10.0289	 -0.0071	  0.0000
160.0000	128.0000	 10.2311	 -0.9294	  0.0000
176.0000	128.0000	 10.0259	  0.0828	  0.0000
192.0000	128.0000	 10.7084	 -0.8874	  0.0000
208.0000	128.0000	 10.6895	 -0.0005	  0.0000
224.0000	128.0000	 10.7373	 -0.9857	  0.0000
240.0000	128.0000	  9.3406	 -0.0020	  0.0000
256.0000	128.0000	  9.4804	 -0.9510	  0.0000
272.0000	128.0000	  9.3416	  0.0145	  0.0000
288.0000	128.0000	 10.2112	 -0.9121	  0.0000
304.0000	128.0000	  9.6597	 -0.0053	  0.0000
320.0000	128.0000	 10.3176	 -0.0749	  0.0000
336.0000	128.0000	 10.0711	  0.0220	  0.0000
352.0000	128.0000	 10.5108	  0.0058	  0.0000
368.0000	128.0000	  9.6301	 -0.0075	  0.0000
384.0000	128.0000	  9.6335	 -0.9708	  0.0000
400.0000	128.0000	 10.0069	  0.0000	  0.0000
416.0000	128.0000	 10.1163	 -0.9552	  0.0000
432.0000	128.0000	 10.5185	  0.0457	  0.0000
448.0000	128.0000	 10.7182	 -0.7930	  0.0000
464.0000	128.0000	 10.1867	  0.1631	  0.0000
480.0000	128.0000	 10.1737	 -0.7838	  0.0000
496.0000	128.0000	  9.2813	  0.0138	  0.0000
 16.0000	112.0000	  9.1248	 -0.0490	  0.0000
 32.0000	112.0000	  8.9739	 -0.0323	  0.0000
 48.0000	112.0000	  8.9663	 -0.5229	  0.0000
 64.0000	112.0000	  8.3677	 -0.5021	  0.0000
 80.0000	112.0000	  8.7932	 -0.5027	  0.0000
 96.0000	112.0000	  8.2223	  0.0009	  0.0000
112.0000	112.0000	  9.1436	 -0.4595	  0.0000
128.0000	112.0000	  8.8150	 -0.0129	  0.0000
144.0000	112.0000	  9.3202	 -0.4079	  0.0000
160.0000	112.0000	  8.5227	  0.0782	  0.0000
176.0000	112.0000	  8.5810	 -0.5419	  0.0000
192.0000	112.0000	  8.3514	 -0.0745	  0.0000
208.0000	112.0000	  8.1332	 -0.4845	  0.0000
224.0000	112.0000	  8.1463	 -0.0141	  0.0000
240.0000	112.0000	  9.6262	 -0.4993	  0.0000
256.0000	112.0000	  8.7729	  0.0028	  0.0000
272.0000	112.0000	  8.8727	 -0.2892	  0.0000
288.0000	112.0000	  8.6650	 -0.0482	  0.0000
304.0000	112.0000	  8.9188	 -0.0096	  0.0000
320.0000	112.0000	  9.0995	 -0.0222	  0.0000
336.0000	112.0000	  8.5939	 -0.0307	  0.0000
352.0000	112.0000	  8.4381	 -0.0059	  0.0000
368.0000	112.0000	  8.3470	 -0.2315	  0.0000
384.0000	112.0000	  8.4895	 -0.0003	  0.0000
400.0000	112.0000	  8.9353	 -0.4795	  0.0000
416.0000	112.0000	  9.0737	 -0.0015	  0.0000
432.0000	112.0000	  9.3782	 -0.4868	  0.0000
448.0000	112.0000	  9.5087	 -0.0117	  0.0000
464.0000	112.0000	  8.9730	 -0.1995	  0.0000
480.0000	112.0000	  7.9114	  0.0087	  0.0000
496.0000	112.0000	  8.1159	  0.0576	  0.0000
 16.0000	 96.0000	  6.5388	 -0.0283	  0.0000
 32.0000	 96.0000	  6.6430	 -0.0175	  0.0000
 48.0000	 96.0000	  6.7844	  0.0036	  0.0000
 64.0000	 96.0000	  7.5602	 -0.9513	  0.0000
 80.0000	 96.0000	  7.2517	  0.0018	  0.0000
 96.0000	 96.0000	  7.0520	 -0.9649	  0.0000
112.0000	 96.0000	  6.8982	  0.0511	  0.0000
128.0000	 96.0000	  7.6121	 -0.8199	  0.0000
144.0000	 96.0000	  7.6405	  0.0313	  0.0000
160.0000	 96.0000	  8.2692	 -0.9863	  0.0000
176.0000	 96.0000	  6.8852	  0.0370	  0.0000
192.0000	 96.0000	  7.5689	  0.0024	  0.0000
208.0000	 96.0000	  7.1051	  0.0273	  0.0000
224.0000	 96.0000	  6.5532	 -0.9691	  0.0000
240.0000	 96.0000	  6.6379	  0.0285	  0.0000
256.0000	 96.0000	  7.1619	 -0.0576	  0.0000
272.0000	 96.0000	  7.8983	  0.0007	  0.0000
288.0000	 96.0000	  7.6642	 -0.0002	  0.0000
304.0000	 96.0000	  7.0753	 -0.0099	  0.0000
320.0000	 96.0000	  7.7330	 -0.8909	  0.0000
336.0000	 96.0000	  7.9675	  0.0679	  0.0000
352.0000	 96.0000	  7.9141	 -0.8952	  0.0000
368.0000	 96.0000	  7.2391	 -0.0134	  0.0000
384.0000	 96.0000	  8.2016	 -1.0101	  0.0000
400.0000	 96.0000	  7.9045	 -0.0032	  0.0000
416.0000	 96.0000	  6.7726	 -1.0296	  0.0000
432.0000	 96.0000	  7.3465	 -0.0491	  0.0000
448.0000	 96.0000	  7.7974	  0.0007	  0.0000
464.0000	 96.0000	  7.4941	 -0.0066	  0.0000
480.0000	 96.0000	  7.9186	 -0.9529	  0.0000
496.0000	 96.0000	  6.7623	 -0.0327	  0.0000
 16.0000	 80.0000	  6.0381	 -0.4980	  0.0000
 32.0000	 80.0000	  6.0931	 -0.5029	  0.0000
 48.0000	 80.0000	  5.0635	 -0.4963	  0.0000
 64.0000	 80.0000	  4.4706	 -0.0161	  0.0000
 80.0000	 80.0000	  4.9554	 -0.5375	  0.0000
 96.0000	 80.0000	  4.3537	 -0.0407	  0.0000
112.0000	 80.0000	  5.6164	 -0.3467	  0.0000
128.0000	 80.0000	  5.9123	 -0.0644	  0.0000
144.0000	 80.0000	  5.4406	 -0.3285	  0.0000
160.0000	 80.0000	  4.4665	 -0.0608	  0.0000
176.0000	 80.0000	  5.4842	 -0.2733	  0.0000
192.0000	 80.0000	  5.1799	 -0.0687	  0.0000
208.0000	 80.0000	  4.7734	 -0.3552	  0.0000
224.0000	 80.0000	  5.3049	  0.0048	  0.0000
240.0000	 80.0000	  5.3840	 -0.4628	  0.0000
256.0000	 80.0000	  4.8870	  0.0733	  0.0000
272.0000	 80.0000	  3.9924	 -0.0069	  0.0000
288.0000	 80.0000	  4.9206	  0.1059	  0.0000
304.0000	 80.0000	  5.8556	  0.0385	  0.0000
320.0000	 80.0000	  5.0202	  0.0270	  0.0000
336.0000	 80.0000	  4.3880	 -0.9131	  0.0000
352.0000	 80.0000	  5.2009	  0.0681	  0.0000
368.0000	 80.0000	  5.3773	  0.0500	  0.0000
384.0000	 80.0000	  4.7922	  0.0534	  0.0000
400.0000	 80.0000	  4.6512	 -0.2172	  0.0000
416.0000	 80.0000	  4.8089	  0.0644	  0.0000
432.0000	 80.0000	  5.1677	 -0.3717	  0.0000
448.0000	 80.0000	  4.1701	 -0.0194	  0.0000
464.0000	 80.0000	  4.6130	 -0.2453	  0.0000
480.0000	 80.0000	  4.1875	  0.0259	  0.0000
496.0000	 80.0000	  4.6226	  0.0214	  0.0000
 16.0000	 64.0000	  4.8252	 -0.1471	  0.0000
 32.0000	 64.0000	  2.9903	 -0.0711	  0.0000
 48.0000	 64.0000	  3.3605	 -0.5148	  0.0000
 64.0000	 64.0000	  4.6071	 -0.9959	  0.0000
 80.0000	 64.0000	  4.7100	 -0.0299	  0.0000
 96.0000	 64.0000	  3.5327	 -0.1399	  0.0000
112.0000	 64.0000	  2.1206	  0.0619	  0.0000
128.0000	 64.0000	  2.7484	  0.0822	  0.0000
144.0000	 64.0000	  2.7288	  0.0044	  0.0000
160.0000	 64.0000	  3.8094	 -0.1405	  0.0000
176.0000	 64.0000	  3.5997	 -0.0431	  0.0000
192.0000	 64.0000	  3.6464	  0.0086	  0.0000
208.0000	 64.0000	     nan	     nan	  1.0000
224.0000	 64.0000	     nan	     nan	  1.0000
240.0000	 64.0000	  2.3653	  0.0166	  0.0000
256.0000	 64.0000	  2.9026	 -0.9944	  0.0000
272.0000	 64.0000	  2.1690	  0.0047	  0.0000
288.0000	 64.0000	  4.1592	 -0.2531	  0.0000
304.0000	 64.0000	  3.6418	 -0.0086	  0.0000
320.0000	 64.0000	  4.2315	 -0.0338	  0.0000
336.0000	 64.0000	  3.6275	 -0.0038	  0.0000
352.0000	 64.0000	  3.8033	 -0.9405	  0.0000
368.0000	 64.0000	  3.6006	  0.0100	  0.0000
384.0000	 64.0000	     nan	     nan	  1.0000
400.0000	 64.0000	  2.8160	  0.0867	  0.0000
416.0000	 64.0000	  3.3496	 -0.9072	  0.0000
432.0000	 64.0000	  2.9642	  0.0784	  0.0000
448.0000	 64.0000	  3.7645	 -0.8302	  0.0000
464.0000	 64.0000	  3.2309	 -0.0052	  0.0000
480.0000	 64.0000	  2.8185	 -0.0065	  0.0000
496.0000	 64.0000	  2.3370	  0.0095	  0.0000
 16.0000	 48.0000	  0.8627	 -0.5089	  0.0000
 32.0000	 48.0000	  1.3480	 -0.5612	  0.0000
 48.0000	 48.0000	  2.1835	 -1.0081	  0.0000
 64.0000	 48.0000	  1.1743	  0.0006	  0.0000
 80.0000	 48.0000	  1.5272	 -0.4983	  0.0000
 96.0000	 48.0000	  1.9298	  0.0506	  0.0000
112.0000	 48.0000	  2.0452	  0.0550	  0.0000
128.0000	 48.0000	  1.2664	  0.0081	  0.0000
144.0000	 48.0000	  1.6002	 -0.0149	  0.0000
160.0000	 48.0000	  0.4777	 -0.0157	  0.0000
176.0000	 48.0000	  0.6850	 -0.1340	  0.0000
192.0000	 48.0000	  1.4901	 -0.0022	  0.0000
208.0000	 48.0000	  1.4451	 -0.0378	  0.0000
224.0000	 48.0000	  1.2070	  0.0449	  0.0000
240.0000	 48.0000	  1.2343	 -0.2353	  0.0000
256.0000	 48.0000	  1.2070	 -0.0688	  0.0000
272.0000	 48.0000	  1.1413	 -0.2958	  0.0000
288.0000	 48.0000	  0.5949	 -0.0282	  0.0000
304.0000	 48.0000	  1.2183	 -0.0478	  0.0000
320.0000	 48.0000	  1.0837	 -0.0022	  0.0000
336.0000	 48.0000	  1.6541	 -0.0026	  0.0000
352.0000	 48.0000	  1.3830	 -0.0276	  0.0000
368.0000	 48.0000	  1.1501	 -0.0330	  0.0000
384.0000	 48.0000	  1.0254	  0.0465	  0.0000
400.0000	 48.0000	  1.7818	 -0.8328	  0.0000
416.0000	 48.0000	  1.2025	  0.2185	  0.0000
432.0000	 48.0000	  1.5096	 -0.4380	  0.0000
448.0000	 48.0000	  0.9352	 -0.0016	  0.0000
464.0000	 48.0000	  1.1628	 -0.4599	  0.0000
480.0000	 48.0000	  1.3194	  0.0019	  0.0000
496.0000	 48.0000	  0.5439	  0.0042	  0.0000
 16.0000	 32.0000	  0.7009	 -0.9503	  0.0000
 32.0000	 32.0000	  0.6797	 -0.9502	  0.0000
 48.0000	 32.0000	  0.0005	  0.0000	  0.0000
 64.0000	 32.0000	  0.6684	 -0.9364	  0.0000
 80.0000	 32.0000	  0.0275	 -0.0002	  0.0000
 96.0000	 32.0000	  0.3281	 -0.8304	  0.0000
112.0000	 32.0000	  0.0682	  0.0003	  0.0000
128.0000	 32.0000	  0.4786	 -0.9612	  0.0000
144.0000	 32.0000	  0.0833	 -0.0002	  0.0000
160.0000	 32.0000	  0.2921	  0.0039	  0.0000
176.0000	 32.0000	  0.0489	  0.0107	  0.0000
192.0000	 32.0000	  0.4499	 -0.9664	  0.0000
208.0000	 32.0000	  0.0759	  0.0003	  0.0000
224.0000	 32.0000	  0.3564	 -0.9595	  0.0000
240.0000	 32.0000	  0.0307	  0.0103	  0.0000
256.0000	 32.0000	  0.3943	 -0.9783	  0.0000
272.0000	 32.0000	  0.0030	  0.0000	  0.0000
288.0000	 32.0000	  0.1776	 -0.0036	  0.0000
304.0000	 32.0000	  0.0015	  0.0003	  0.0000
320.0000	 32.0000	  0.4222	 -0.0020	  0.0000
336.0000	 32.0000	  0.1162	 -0.0001	  0.0000
352.0000	 32.0000	  0.4080	 -0.0013	  0.0000
368.0000	 32.0000	  0.0257	  0.0002	  0.0000
384.0000	 32.0000	  0.5102	 -0.0246	  0.0000
400.0000	 32.0000	  0.0038	  0.0004	  0.0000
416.0000	 32.0000	  0.3121	 -0.9505	  0.0000
432.0000	 32.0000	  0.0193	 -0.0000	  0.0000
448.0000	 32.0000	  0.6991	 -0.9512	  0.0000
464.0000	 32.0000	  0.0755	 -0.0004	  0.0000
480.0000	 32.0000	  0.3741	 -0.9189	  0.0000
496.0000	 32.0000	  0.0629	  0.0000	  0.0000
 16.0000	 16.0000	  0.0000	 -0.0000	  0.0000
 32.0000	 16.0000	  0.0000	 -0.0000	  0.0000
 48.0000	 16.0000	  0.0000	 -0.0000	  0.0000
 64.0000	 16.0000	  0.0000	 -0.0000	  0.0000
 80.0000	 16.0000	  0.0000	 -0.0000	  0.0000
 96.0000	 16.0000	  0.2685	 -0.8960	  0.0000
112.0000	 16.0000	  0.0000	 -0.0000	  0.0000
128.0000	 16.0000	  0.3746	 -0.9687	  0.0000
144.0000	 16.0000	  0.0000	 -0.0000	  0.0000
160.0000	 16.0000	  0.0000	 -0.0000	  0.0000
176.0000	 16.0000	  0.0000	 -0.0000	  0.0000
192.0000	 16.0000	  0.3946	 -0.9845	  0.0000
208.0000	 16.0000	  0.0000	 -0.0000	  0.0000
224.0000	 16.0000	  0.3501	  0.0179	  0.0000
240.0000	 16.0000	  0.0000	 -0.0000	  0.0000
256.0000	 16.0000	  0.3528	  0.0032	  0.0000
272.0000	 16.0000	  0.0000	 -0.0000	  0.0000
288.0000	 16.0000	  0.0000	 -0.0000	  0.0000
304.0000	 16.0000	  0.0000	 -0.0000	  0.0000
320.0000	 16.0000	  0.0000	 -0.0000	  0.0000
336.0000	 16.0000	  0.0000	 -0.0000	  0.0000
352.0000	 16.0000	  0.0000	 -0.0000	  0.0000
368.0000	 16.0000	  0.0000	 -0.0000	  0.0000
384.0000	 16.0000	  0.0000	 -0.0000	  0.0000
400.0000	 16.0000	  0.0000	 -0.0000	  0.0000
416.0000	 16.0000	  0.3075	  0.0425	  0.0000
432.0000	 16.0000	  0.0000	 -0.0000	  0.0000
448.0000	 16.0000	  0.0000	 -0.0000	  0.0000
464.0000	 16.0000	  0.0000	 -0.0000	  0.0000
480.0000	 16.0000	  0.2530	 -0.8308	  0.0000
496.0000	 16.0000	  0.0000	 -0.0000	  0.0000
