 16.0000	 16.0000	  0.0033	 -0.0112	  3.7080
 32.0000	 16.0000	  0.0111	 -0.0180	  3.2615
 48.0000	 16.0000	  0.0371	 -0.0018	  3.1741
 64.0000	 16.0000	 -0.0065	 -0.0007	  3.0866
 80.0000	 16.0000	 -0.0486	  0.0000	  2.0541
 96.0000	 16.0000	  0.0675	 -0.0027	  2.2111
112.0000	 16.0000	 -0.0006	 -0.0092	  3.1307
128.0000	 16.0000	 -0.1332	 -0.0083	  2.1497
144.0000	 16.0000	-22.8451	 10.3153	  1.0558
160.0000	 16.0000	  0.0023	 -0.0048	  1.8008
176.0000	 16.0000	  0.0023	 -0.0049	  4.2031
192.0000	 16.0000	  0.0487	 -0.0377	  3.9224
208.0000	 16.0000	 -0.0178	 -0.1000	  1.6770
224.0000	 16.0000	 -0.4608	 -0.0014	  1.1710
240.0000	 16.0000	  0.0615	 -0.0005	  1.7432
256.0000	 16.0000	 -0.0185	  0.0000	  2.1104
272.0000	 16.0000	  0.0372	 -0.0006	  2.9378
288.0000	 16.0000	  0.0016	 -0.0065	  3.3105
304.0000	 16.0000	 -0.0307	 -0.0458	  2.7668
320.0000	 16.0000	 -0.0030	 -0.0796	  2.3773
336.0000	 16.0000	  0.0986	 -0.0046	  2.9819
352.0000	 16.0000	  0.1321	  0.0007	  2.8312
368.0000	 16.0000	 -0.0288	 -0.0224	  3.4375
384.0000	 16.0000	 -0.0724	 -0.0171	  3.7577
400.0000	 16.0000	 -0.0589	  0.0001	  1.6101
416.0000	 16.0000	  0.0251	  0.0002	  2.0567
432.0000	 16.0000	 -0.0036	 -0.0037	  2.6826
448.0000	 16.0000	  0.0031	 -0.1480	  2.9719
464.0000	 16.0000	 -0.0005	 -0.1663	  2.3852
480.0000	 16.0000	 -0.0033	 -0.0130	  2.9722
496.0000	 16.0000	 -0.0120	 -0.0093	  3.8869
 16.0000	 32.0000	  0.0965	 -0.0185	  3.2831
 32.0000	 32.0000	  0.1257	 -0.1936	  2.4693
 48.0000	 32.0000	  0.0275	 -0.0305	  2.5709
 64.0000	 32.0000	  0.0065	 -0.0270	  2.5183
 80.0000	 32.0000	  0.0120	 -0.0018	  2.8393
 96.0000	 32.0000	  0.0292	 -0.0071	  2.8945
112.0000	 32.0000	  0.1483	 -0.2780	  1.4456
128.0000	 32.0000	  0.1264	 -0.2269	  1.8523
144.0000	 32.0000	  0.3166	 -0.0182	  2.4034
160.0000	 32.0000	  0.1598	 -0.0064	  2.2306
176.0000	 32.0000	 -0.0372	 -0.0041	  3.1613
192.0000	 32.0000	  0.0316	 -0.0210	  3.1423
208.0000	 32.0000	  0.0016	 -0.0266	  2.3558
224.0000	 32.0000	  0.0069	 -0.0125	  2.8072
240.0000	 32.0000	  0.0714	  0.0480	  3.1727
256.0000	 32.0000	 -0.0062	  0.0699	  2.8963
272.0000	 32.0000	 -0.0198	  0.0017	  2.7796
288.0000	 32.0000	  0.0213	 -0.0074	  3.0467
304.0000	 32.0000	  0.0034	  0.0579	  3.5496
320.0000	 32.0000	 -0.0017	  0.0992	  1.9778
336.0000	 32.0000	  0.1481	  0.0101	  2.9648
352.0000	 32.0000	  0.1763	  0.0173	  2.3194
368.0000	 32.0000	  0.0903	 -0.0724	  3.3989
384.0000	 32.0000	  0.0520	 -0.0516	  3.9739
400.0000	 32.0000	  0.0635	 -0.0002	  2.4861
416.0000	 32.0000	  0.0262	 -0.0418	  2.8735
432.0000	 32.0000	  0.0549	 -0.0290	  3.2198
448.0000	 32.0000	  0.0365	  0.0140	  2.9372
464.0000	 32.0000	 -0.0561	  0.0138	  1.7883
480.0000	 32.0000	  0.0849	 -0.0146	  1.6854
496.0000	 32.0000	  0.0574	  0.1026	  4.2448
 16.0000	 48.0000	  0.5954	 -0.0283	  3.2724
 32.0000	 48.0000	  0.8442	 -0.0048	  3.0274
 48.0000	 48.0000	  0.8242	  0.0064	  2.3203
 64.0000	 48.0000	  0.6871	  0.0066	  1.9905
 80.0000	 48.0000	  0.5050	 -0.0029	  1.5568
 96.0000	 48.0000	  0.5821	 -0.0024	  1.3381
112.0000	 48.0000	  0.8849	 -0.0818	  1.2964
128.0000	 48.0000	  1.1023	 -0.1523	  3.0784
144.0000	 48.0000	  1.2701	 -0.1425	  3.2569
160.0000	 48.0000	  0.5226	 -0.0138	  2.7272
176.0000	 48.0000	  0.4863	  0.0054	  2.6963
192.0000	 48.0000	  0.5113	  0.0307	  3.1011
208.0000	 48.0000	  0.2011	  0.0231	  2.8945
224.0000	 48.0000	  0.2619	 -0.0104	  2.1945
240.0000	 48.0000	  0.3679	 -0.0065	  2.4901
256.0000	 48.0000	  0.4652	  0.0449	  2.4177
272.0000	 48.0000	  0.6156	 -0.0021	  2.3571
288.0000	 48.0000	  0.6355	  0.0267	  1.9349
304.0000	 48.0000	  0.4218	  0.2792	  1.5928
320.0000	 48.0000	  1.0694	  0.1917	  2.2413
336.0000	 48.0000	  0.9307	  0.0756	  1.9239
352.0000	 48.0000	  0.7883	 -0.0120	  2.0293
368.0000	 48.0000	  0.8970	  0.0254	  3.1426
384.0000	 48.0000	  0.7560	 -0.0599	  2.7520
400.0000	 48.0000	  1.6914	 -0.2161	  1.8656
416.0000	 48.0000	  1.7381	 -0.0540	  2.0018
432.0000	 48.0000	  0.5435	  0.0274	  2.7257
448.0000	 48.0000	  0.1952	  0.1904	  2.7305
464.0000	 48.0000	  0.4865	  0.2583	  2.0928
480.0000	 48.0000	  1.1626	 -0.0049	  2.5367
496.0000	 48.0000	  1.1608	 -0.0050	  2.0813
 16.0000	 64.0000	  1.2867	  0.2646	  2.5566
 32.0000	 64.0000	  1.4408	  0.2196	  2.1483
 48.0000	 64.0000	  2.5031	 -0.0574	  1.6123
 64.0000	 64.0000	  3.1044	 -0.0607	  1.8524
 80.0000	 64.0000	  2.7253	 -0.0512	  1.6694
 96.0000	 64.0000	  1.3931	 -0.0284	  1.1346
112.0000	 64.0000	  4.0996	  0.1832	  1.6700
128.0000	 64.0000	  2.5621	  0.2090	  2.0874
144.0000	 64.0000	  2.4444	  0.0301	  2.5616
160.0000	 64.0000	  2.0107	  0.0397	  1.0353
176.0000	 64.0000	  1.0893	  0.0261	  2.4262
192.0000	 64.0000	  1.1185	  0.0898	  1.8784
208.0000	 64.0000	  3.1659	 -0.1388	  1.4644
224.0000	 64.0000	  3.0374	 -0.0597	  1.9463
240.0000	 64.0000	  4.0848	 -0.0036	  1.2927
256.0000	 64.0000	  2.9506	 -0.0176	  1.3971
272.0000	 64.0000	  1.3959	  0.0179	  1.9133
288.0000	 64.0000	  2.4704	  0.0234	  1.6121
304.0000	 64.0000	  3.1217	 -0.0168	  2.5589
320.0000	 64.0000	  2.7760	  0.0228	  2.4979
336.0000	 64.0000	  2.7270	  0.0144	  2.6184
352.0000	 64.0000	  2.8887	 -0.0270	  2.3352
368.0000	 64.0000	  2.3359	  0.1116	  2.6852
384.0000	 64.0000	  2.5012	  0.0433	  2.2902
400.0000	 64.0000	  3.0638	 -0.0364	  2.6487
416.0000	 64.0000	  3.2451	 -0.0141	  3.2074
432.0000	 64.0000	  3.8130	 -0.0665	  2.4122
448.0000	 64.0000	  3.8600	 -0.1312	  2.3967
464.0000	 64.0000	  2.2312	 -0.1273	  1.4991
480.0000	 64.0000	  2.3262	  0.0160	  2.6728
496.0000	 64.0000	  3.0456	 -0.0126	  2.7385
 16.0000	 80.0000	  5.9970	 -0.0225	  1.9339
 32.0000	 80.0000	  5.7055	  0.0163	  1.6003
 48.0000	 80.0000	  4.9372	  0.0106	  2.0287
 64.0000	 80.0000	  4.7546	  0.0064	  2.1955
 80.0000	 80.0000	  5.1454	  0.0227	  2.0362
 96.0000	 80.0000	  5.1388	  0.0240	  2.2450
112.0000	 80.0000	  4.5552	  0.0376	  2.3784
128.0000	 80.0000	  4.5196	  0.0010	  2.2524
144.0000	 80.0000	  4.2669	 -0.0040	  1.6140
160.0000	 80.0000	  4.9733	 -0.0125	  1.0087
176.0000	 80.0000	  5.7053	 -0.3493	  1.0763
192.0000	 80.0000	  5.1348	 -0.0108	  1.7311
208.0000	 80.0000	  5.2494	  0.1038	  2.4452
224.0000	 80.0000	  5.2022	  0.0063	  2.6108
240.0000	 80.0000	  4.7678	 -0.0218	  2.6331
256.0000	 80.0000	  4.6803	 -0.0336	  1.8761
272.0000	 80.0000	  5.6733	 -0.0298	  1.3401
288.0000	 80.0000	  5.5099	 -0.0675	  1.1275
304.0000	 80.0000	  4.1559	 -0.0297	  1.7083
320.0000	 80.0000	  4.9708	  0.0208	  3.0835
336.0000	 80.0000	  4.4756	  0.0190	  2.3616
352.0000	 80.0000	  4.1584	  0.2214	  1.6623
368.0000	 80.0000	  4.8357	  0.0764	  1.7061
384.0000	 80.0000	  4.2862	  0.1295	  1.6941
400.0000	 80.0000	  4.4501	  0.1251	  1.4187
416.0000	 80.0000	  4.3853	  0.0668	  1.4378
432.0000	 80.0000	  4.3394	  0.0366	  2.3594
448.0000	 80.0000	  4.0854	 -0.0474	  2.4634
464.0000	 80.0000	  4.3675	 -0.0352	  1.4805
480.0000	 80.0000	  4.9317	  0.0046	  2.1779
496.0000	 80.0000	  4.3564	  0.0747	  2.2670
 16.0000	 96.0000	  6.9135	 -0.0370	  2.8338
 32.0000	 96.0000	  6.7136	 -0.0739	  2.5014
 48.0000	 96.0000	  6.6325	 -0.0927	  2.7389
 64.0000	 96.0000	  6.9925	 -0.0680	  1.5874
 80.0000	 96.0000	  7.0812	 -0.1015	  2.5472
 96.0000	 96.0000	  6.8914	 -0.1360	  1.8203
112.0000	 96.0000	-26.0431	 -7.7998	  1.0707
128.0000	 96.0000	  6.4917	  0.0133	  2.5095
144.0000	 96.0000	  7.1697	 -0.0189	  3.3758
160.0000	 96.0000	  7.6196	  0.0084	  2.6349
176.0000	 96.0000	  6.9559	 -0.0036	  1.6213
192.0000	 96.0000	  6.6631	  0.0033	  1.4929
208.0000	 96.0000	  6.8246	  0.0073	  2.0397
224.0000	 96.0000	  6.7054	  0.0026	  2.9928
240.0000	 96.0000	  6.1872	  0.0362	  1.3594
256.0000	 96.0000	  7.0389	 -0.0871	  2.5186
272.0000	 96.0000	  6.9825	 -0.0503	  2.7903
288.0000	 96.0000	  7.0723	  0.0327	  2.6672
304.0000	 96.0000	  6.9338	  0.0186	  2.4434
320.0000	 96.0000	  5.6807	  0.0087	  1.4772
336.0000	 96.0000	  5.9844	  0.0102	  1.7855
352.0000	 96.0000	  6.8872	 -0.0650	  2.5825
368.0000	 96.0000	  6.9314	 -0.0509	  3.7449
384.0000	 96.0000	  6.7893	 -0.0074	  2.0730
400.0000	 96.0000	  6.3243	  0.0665	  1.6875
416.0000	 96.0000	  6.3622	  0.0117	  1.0767
432.0000	 96.0000	  6.6197	  0.0059	  1.6253
448.0000	 96.0000	  7.3625	  0.0212	  1.7030
464.0000	 96.0000	  7.1948	 -0.0019	  2.4879
480.0000	 96.0000	  6.4459	 -0.0047	  2.3989
496.0000	 96.0000	  6.1878	  0.0029	  1.5784
 16.0000	112.0000	  7.7901	  0.0139	  1.8040
 32.0000	112.0000	  7.8463	 -0.0001	  1.8444
 48.0000	112.0000	  8.2644	  0.0041	  1.8123
 64.0000	112.0000	  8.4821	 -0.0372	  1.8607
 80.0000	112.0000	  8.5906	 -0.1720	  2.2290
 96.0000	112.0000	  8.5710	 -0.1716	  1.9374
112.0000	112.0000	  9.1363	 -0.0098	  1.5168
128.0000	112.0000	  8.0444	  0.0315	  2.8682
144.0000	112.0000	  7.6736	  0.0211	  3.5328
160.0000	112.0000	  8.2940	 -0.0648	  3.1694
176.0000	112.0000	  8.2193	 -0.0571	  2.4263
192.0000	112.0000	  8.0490	  0.0679	  1.8436
208.0000	112.0000	  8.2355	  0.0006	  2.6022
224.0000	112.0000	  7.6482	 -0.0049	  2.1208
240.0000	112.0000	  7.3649	  0.0493	  1.2826
256.0000	112.0000	  8.1694	  0.0117	  2.0084
272.0000	112.0000	  8.5735	 -0.0424	  2.8218
288.0000	112.0000	  8.1340	 -0.0729	  2.2842
304.0000	112.0000	  7.9368	 -0.0128	  2.5252
320.0000	112.0000	  8.8980	 -0.0345	  2.5889
336.0000	112.0000	  8.7582	 -0.0076	  3.1060
352.0000	112.0000	  7.7994	  0.0613	  2.2435
368.0000	112.0000	  7.5773	  0.0312	  2.5986
384.0000	112.0000	  7.8801	 -0.0066	  2.7876
400.0000	112.0000	  7.4466	  0.0463	  1.2971
416.0000	112.0000	  8.5368	  0.0849	  1.6485
432.0000	112.0000	  8.4449	 -0.0436	  2.3601
448.0000	112.0000	  8.0033	 -0.0128	  2.6527
464.0000	112.0000	  7.9171	  0.0314	  3.1878
480.0000	112.0000	  7.7060	  0.0510	  3.0598
496.0000	112.0000	  7.8735	  0.0085	  1.5404
 16.0000	128.0000	 10.6862	 -0.1497	  1.9391
 32.0000	128.0000	 10.2762	 -0.0273	  2.3038
 48.0000	128.0000	  9.8259	  0.0452	  2.8488
 64.0000	128.0000	  9.7243	  0.0541	  2.7497
 80.0000	128.0000	  9.6516	  0.0581	  2.6004
 96.0000	128.0000	  9.9152	 -0.0140	  2.7561
112.0000	128.0000	  9.7683	 -0.1053	  2.3345
128.0000	128.0000	  9.3608	  0.0406	  1.7754
144.0000	128.0000	  9.3772	  0.1038	  1.3364
160.0000	128.0000	  9.7206	  0.0523	  3.0961
176.0000	128.0000	  9.6561	  0.0501	  2.7288
192.0000	128.0000	  9.3990	 -0.0154	  1.7623
208.0000	128.0000	  9.7146	 -0.0243	  2.3992
224.0000	128.0000	  9.8747	  0.0504	  2.0894
240.0000	128.0000	 10.3929	  0.1312	  1.0722
256.0000	128.0000	  9.5150	  0.0809	  1.6283
272.0000	128.0000	  9.5836	  0.0516	  2.2910
288.0000	128.0000	  9.9516	 -0.0557	  2.1018
304.0000	128.0000	 10.3944	 -0.0988	  1.5868
320.0000	128.0000	  9.4076	 -0.0287	  2.9567
336.0000	128.0000	  9.2753	 -0.0267	  3.1666
352.0000	128.0000	 10.2741	 -0.0139	  2.1259
368.0000	128.0000	 10.3853	  0.0022	  2.8551
384.0000	128.0000	  9.5848	  0.0252	  2.2450
400.0000	128.0000	 10.4739	 -0.0114	  1.4063
416.0000	128.0000	  9.8375	  0.1171	  1.9837
432.0000	128.0000	  9.8780	  0.0235	  2.5830
448.0000	128.0000	 10.3073	 -0.0813	  1.6121
464.0000	128.0000	  9.2431	  0.0174	  1.3936
480.0000	128.0000	  9.5147	 -0.2634	  1.7854
496.0000	128.0000	-21.3775	-20.0198	  1.0595
 16.0000	144.0000	 11.0885	  0.0009	  2.0036
 32.0000	144.0000	 11.1197	  0.0028	  2.3564
 48.0000	144.0000	 10.6983	  0.1152	  3.3225
 64.0000	144.0000	 10.2620	  0.2146	  1.8287
 80.0000	144.0000	 10.8623	  0.0184	  2.4316
 96.0000	144.0000	 11.2131	 -0.0313	  3.1917
112.0000	144.0000	 11.3800	 -0.0108	  2.7798
128.0000	144.0000	 11.3785	  0.0049	  1.7625
144.0000	144.0000	 11.4402	 -0.0057	  1.5807
160.0000	144.0000	 11.3966	 -0.0287	  3.1425
176.0000	144.0000	 11.4630	 -0.0659	  3.2937
192.0000	144.0000	 11.5321	 -0.1290	  2.7368
208.0000	144.0000	 11.1002	 -0.0616	  2.6484
224.0000	144.0000	 11.0217	 -0.0295	  3.3177
240.0000	144.0000	 11.7432	 -0.1355	  2.1432
256.0000	144.0000	 11.5497	  0.0346	  2.9423
272.0000	144.0000	 11.3594	 -0.0191	  3.2226
288.0000	144.0000	 11.3345	  0.0381	  2.1294
304.0000	144.0000	 11.3030	  0.0390	  1.7684
320.0000	144.0000	 11.1231	  0.0608	  2.6314
336.0000	144.0000	 10.8811	  0.0487	  1.8887
352.0000	144.0000	 11.0416	 -0.0187	  2.2207
368.0000	144.0000	 11.0041	 -0.0353	  3.8808
384.0000	144.0000	 10.9666	 -0.0629	  2.4170
400.0000	144.0000	 10.9885	  0.0152	  1.5190
416.0000	144.0000	 11.0811	 -0.1562	  1.5035
432.0000	144.0000	 11.2388	 -0.0888	  2.4067
448.0000	144.0000	 11.0555	  0.0247	  1.8679
464.0000	144.0000	 11.4056	  0.0487	  1.6464
480.0000	144.0000	 11.2709	  0.0347	  2.1330
496.0000	144.0000	 10.9549	  0.0073	  1.3672
 16.0000	160.0000	 12.8289	  0.0298	  1.4691
 32.0000	160.0000	 12.4188	 -0.0179	  1.9894
 48.0000	160.0000	 12.1395	  0.0258	  2.0081
 64.0000	160.0000	 12.6567	 -0.0414	  1.5453
 80.0000	160.0000	 12.3466	 -0.0042	  2.6260
 96.0000	160.0000	 12.1775	  0.0650	  3.5066
112.0000	160.0000	 12.2067	  0.0046	  3.8151
128.0000	160.0000	 12.3666	 -0.1293	  1.7262
144.0000	160.0000	 11.9552	 -0.0108	  1.4356
160.0000	160.0000	 11.9020	  0.0022	  2.6348
176.0000	160.0000	 11.9532	  0.0126	  2.5447
192.0000	160.0000	 12.1386	  0.0397	  3.2922
208.0000	160.0000	 12.2608	  0.0641	  2.5377
224.0000	160.0000	 12.3764	  0.0376	  2.1296
240.0000	160.0000	 12.6678	  0.0130	  2.4235
256.0000	160.0000	 12.2930	  0.0632	  3.5040
272.0000	160.0000	 11.8998	  0.0080	  3.1594
288.0000	160.0000	 12.1835	 -0.0843	  2.4819
304.0000	160.0000	 12.4010	 -0.1230	  1.5346
320.0000	160.0000	 12.2602	 -0.0440	  1.5337
336.0000	160.0000	 12.8460	 -0.1855	  2.4519
352.0000	160.0000	 12.5229	 -0.2173	  2.4625
368.0000	160.0000	 12.0396	  0.0788	  2.0214
384.0000	160.0000	 12.1091	  0.0522	  2.0825
400.0000	160.0000	 12.7298	  0.0070	  1.8340
416.0000	160.0000	 12.6951	  0.0082	  2.3661
432.0000	160.0000	 12.3365	  0.1458	  2.1028
448.0000	160.0000	 12.8562	 -0.0928	  2.7104
464.0000	160.0000	 12.7383	 -0.2150	  3.0767
480.0000	160.0000	 12.0911	  0.0551	  3.0862
496.0000	160.0000	 11.7886	  0.3020	  1.5577
 16.0000	176.0000	 13.5643	 -0.0237	  2.5314
 32.0000	176.0000	 13.3858	 -0.1331	  2.3266
 48.0000	176.0000	 13.2398	 -0.0217	  1.5974
 64.0000	176.0000	 13.1427	 -0.0028	  2.1328
 80.0000	176.0000	 12.9585	  0.2410	  2.3950
 96.0000	176.0000	 12.7991	  0.1996	  2.5377
112.0000	176.0000	 12.8405	  0.0359	  2.4926
128.0000	176.0000	 13.4801	  0.0051	  2.0028
144.0000	176.0000	 13.7843	 -0.0123	  2.1928
160.0000	176.0000	 13.5946	 -0.0068	  1.1516
176.0000	176.0000	 13.1340	 -0.0272	  2.1426
192.0000	176.0000	 12.9435	  0.0753	  2.8263
208.0000	176.0000	 13.0235	  0.1119	  2.1853
224.0000	176.0000	 13.5413	 -0.0735	  2.7679
240.0000	176.0000	 13.4518	 -0.0790	  2.6066
256.0000	176.0000	 13.3027	 -0.0022	  3.0120
272.0000	176.0000	 13.5924	 -0.0036	  3.2345
288.0000	176.0000	 13.5615	 -0.0077	  3.0342
304.0000	176.0000	 13.3540	  0.0417	  2.1734
320.0000	176.0000	 13.3033	  0.0659	  2.3828
336.0000	176.0000	 13.4893	  0.0036	  3.4412
352.0000	176.0000	 13.3613	  0.0009	  2.8817
368.0000	176.0000	 13.0950	  0.0019	  2.6655
384.0000	176.0000	 13.4505	 -0.0539	  2.5903
400.0000	176.0000	 13.3604	 -0.1697	  2.3650
416.0000	176.0000	 13.2055	 -0.0420	  3.0931
432.0000	176.0000	 13.0877	  0.1308	  2.3057
448.0000	176.0000	 13.1772	  0.0169	  2.3716
464.0000	176.0000	 13.1955	  0.0106	  2.9142
480.0000	176.0000	 13.2062	  0.0001	  2.6492
496.0000	176.0000	-24.9059	 10.8285	  1.1336
 16.0000	192.0000	 13.9854	  0.0146	  3.3052
 32.0000	192.0000	 13.9381	  0.0131	  2.0302
 48.0000	192.0000	 13.7126	 -0.0012	  1.0790
 64.0000	192.0000	 14.0675	 -0.0273	  2.3622
 80.0000	192.0000	 14.1091	 -0.0418	  2.1538
 96.0000	192.0000	 14.1178	 -0.0210	  1.5923
112.0000	192.0000	 14.4187	  0.0007	  1.5164
128.0000	192.0000	 14.1374	 -0.0077	  2.1283
144.0000	192.0000	 14.1108	 -0.0010	  3.1245
160.0000	192.0000	 14.1845	 -0.0045	  2.2825
176.0000	192.0000	 14.2235	 -0.0872	  2.9079
192.0000	192.0000	 14.1410	 -0.1167	  2.6658
208.0000	192.0000	 14.0608	 -0.0760	  1.8074
224.0000	192.0000	 14.0653	  0.0082	  3.0824
240.0000	192.0000	 14.1793	  0.0185	  3.9070
256.0000	192.0000	 14.1401	  0.0166	  1.9601
272.0000	192.0000	 13.7767	  0.0265	  3.1749
288.0000	192.0000	 13.7298	  0.0511	  2.9699
304.0000	192.0000	 13.9229	  0.0202	  3.0903
320.0000	192.0000	 14.1349	 -0.0060	  3.2207
336.0000	192.0000	 13.9324	  0.0890	  3.3980
352.0000	192.0000	 13.6726	  0.1504	  1.7007
368.0000	192.0000	 13.5877	  0.0033	  1.8064
384.0000	192.0000	 13.9755	  0.0001	  3.2575
400.0000	192.0000	 14.0719	  0.0148	  2.8006
416.0000	192.0000	 14.0946	 -0.0406	  2.4907
432.0000	192.0000	 14.2290	 -0.1267	  2.2151
448.0000	192.0000	 13.9592	  0.0982	  2.1760
464.0000	192.0000	 13.9785	  0.1004	  3.7278
480.0000	192.0000	 14.1292	  0.0330	  4.0657
496.0000	192.0000	-24.2108	 10.3787	  1.0908
 16.0000	208.0000	 14.4945	  0.2242	  1.9417
 32.0000	208.0000	 14.5138	  0.1604	  1.5057
 48.0000	208.0000	 14.9406	 -0.1265	  1.0101
 64.0000	208.0000	 14.5735	 -0.0350	  2.0995
 80.0000	208.0000	 14.5261	 -0.0381	  2.7647
 96.0000	208.0000	 14.6600	 -0.0243	  2.6225
112.0000	208.0000	 14.8923	 -0.0012	  3.3431
128.0000	208.0000	 14.9215	 -0.0001	  3.1499
144.0000	208.0000	 14.4547	  0.0038	  2.4795
160.0000	208.0000	 14.3188	 -0.0088	  2.3703
176.0000	208.0000	 14.5683	  0.0331	  1.8685
192.0000	208.0000	 14.6007	  0.0302	  2.5143
208.0000	208.0000	 14.6453	 -0.1265	  1.9553
224.0000	208.0000	 14.6154	 -0.0125	  2.8685
240.0000	208.0000	 14.5194	  0.0193	  3.3093
256.0000	208.0000	 14.4670	  0.0559	  2.3631
272.0000	208.0000	 14.6924	  0.0402	  1.2385
288.0000	208.0000	 23.2304	 37.6011	  1.0147
304.0000	208.0000	 14.4292	 -0.0305	  1.2415
320.0000	208.0000	 14.5789	  0.0049	  2.5068
336.0000	208.0000	 14.7339	 -0.1062	  2.8161
352.0000	208.0000	 14.9474	 -0.1404	  2.8468
368.0000	208.0000	 14.8455	  0.0213	  1.7626
384.0000	208.0000	 14.6378	  0.0801	  2.9444
400.0000	208.0000	 14.5254	  0.1244	  3.2431
416.0000	208.0000	 14.5383	  0.0612	  2.3663
432.0000	208.0000	 14.6361	 -0.0155	  2.0903
448.0000	208.0000	 14.5432	  0.0017	  2.1045
464.0000	208.0000	 14.4648	  0.0020	  2.7111
480.0000	208.0000	 14.5433	 -0.0335	  3.0728
496.0000	208.0000	 14.5784	 -0.1158	  1.0146
 16.0000	224.0000	 15.1132	 -0.0679	  2.8943
 32.0000	224.0000	 15.1928	  0.0109	  2.9110
 48.0000	224.0000	 15.1874	  0.0144	  1.0402
 64.0000	224.0000	 15.1895	  0.0627	  2.9161
 80.0000	224.0000	 15.1883	  0.0339	  4.2493
 96.0000	224.0000	 15.0990	  0.0001	  2.4351
112.0000	224.0000	 15.0766	  0.0003	  2.6274
128.0000	224.0000	 15.0926	 -0.0030	  2.4731
144.0000	224.0000	 14.9123	  0.0027	  2.2749
160.0000	224.0000	 15.0633	 -0.0614	  2.0391
176.0000	224.0000	 15.1426	  0.0616	  2.7429
192.0000	224.0000	 15.0973	  0.0823	  2.8082
208.0000	224.0000	 15.1739	 -0.0701	  2.6509
224.0000	224.0000	 15.2579	 -0.0310	  3.5595
240.0000	224.0000	 15.3141	 -0.0105	  3.9308
256.0000	224.0000	 15.1859	 -0.0155	  2.0354
272.0000	224.0000	 15.0159	 -0.0050	  1.1538
288.0000	224.0000	 15.2159	 -0.0086	  1.4914
304.0000	224.0000	 15.4332	 -0.0196	  1.0697
320.0000	224.0000	 15.4569	  0.0130	  1.6523
336.0000	224.0000	 15.0753	  0.0233	  2.7923
352.0000	224.0000	 15.0458	  0.0116	  2.6392
368.0000	224.0000	 15.0467	 -0.0328	  2.7148
384.0000	224.0000	 14.9378	 -0.0467	  2.6243
400.0000	224.0000	 15.0801	  0.0111	  2.0167
416.0000	224.0000	 14.9951	  0.1740	  2.2977
432.0000	224.0000	 15.0941	  0.0977	  3.2682
448.0000	224.0000	 15.1396	 -0.0652	  3.3093
464.0000	224.0000	 15.1162	 -0.0540	  3.5894
480.0000	224.0000	 15.2370	  0.0091	  2.0731
496.0000	224.0000	 15.3489	  0.0119	  1.6678
 16.0000	240.0000	 15.3203	 -0.0312	  4.2428
 32.0000	240.0000	 15.4006	 -0.0317	  2.8924
 48.0000	240.0000	 15.4239	  0.0023	  2.0419
 64.0000	240.0000	 15.3156	 -0.0264	  3.0007
 80.0000	240.0000	 15.3113	 -0.0144	  4.3762
 96.0000	240.0000	 15.2949	  0.0284	  1.5557
112.0000	240.0000	 15.3910	 -0.0101	  2.0932
128.0000	240.0000	 15.4260	 -0.0174	  2.8474
144.0000	240.0000	 15.4003	 -0.0484	  1.9216
160.0000	240.0000	 15.4217	 -0.0717	  2.7405
176.0000	240.0000	 15.3802	 -0.0525	  3.5336
192.0000	240.0000	 15.3119	  0.0103	  1.7076
208.0000	240.0000	 15.3169	  0.0794	  2.1985
224.0000	240.0000	 15.3573	  0.0372	  2.8706
240.0000	240.0000	 15.4905	 -0.1314	  3.8139
256.0000	240.0000	 15.3577	 -0.2508	  1.9044
272.0000	240.0000	 15.0057	 -0.0144	  1.6598
288.0000	240.0000	 15.4515	  0.0360	  3.2699
304.0000	240.0000	 15.4296	 -0.0016	  3.3104
320.0000	240.0000	 15.4374	 -0.0280	  3.1254
336.0000	240.0000	 15.2881	  0.1537	  2.3946
352.0000	240.0000	 15.1346	  0.1417	  1.9952
368.0000	240.0000	 15.3368	  0.0075	  2.1315
384.0000	240.0000	 15.3918	  0.0013	  2.0414
400.0000	240.0000	 15.4321	 -0.1975	  1.8588
416.0000	240.0000	 15.4069	 -0.2199	  2.6116
432.0000	240.0000	 15.5492	 -0.0328	  3.2835
448.0000	240.0000	 15.4064	  0.0221	  3.3187
464.0000	240.0000	 15.2985	  0.0004	  4.2218
480.0000	240.0000	 15.3834	  0.0587	  2.8112
496.0000	240.0000	 15.4044	  0.1257	  2.1364
 16.0000	256.0000	 15.5075	 -0.0445	  3.1841
 32.0000	256.0000	 15.4703	 -0.0457	  3.3020
 48.0000	256.0000	 15.4425	  0.0190	  3.0801
 64.0000	256.0000	 15.4587	  0.0084	  2.5414
 80.0000	256.0000	 15.4943	 -0.0706	  1.7097
 96.0000	256.0000	 15.4802	 -0.1933	  1.3593
112.0000	256.0000	 15.4564	 -0.1394	  2.5768
128.0000	256.0000	 15.5306	 -0.1137	  2.4311
144.0000	256.0000	 15.4289	 -0.1388	  2.2231
160.0000	256.0000	 15.4410	 -0.0437	  3.9214
176.0000	256.0000	 15.4563	  0.0038	  3.2739
192.0000	256.0000	 15.3762	  0.0629	  2.0852
208.0000	256.0000	 15.4388	  0.1778	  1.5517
224.0000	256.0000	 18.9873	 17.2643	  1.0089
240.0000	256.0000	 15.5460	  0.1046	  1.9194
256.0000	256.0000	 15.5011	  0.0874	  2.4249
272.0000	256.0000	 15.5130	 -0.2614	  1.7187
288.0000	256.0000	 15.4936	 -0.1039	  3.6048
304.0000	256.0000	 15.4666	 -0.0285	  3.8971
320.0000	256.0000	 15.4517	 -0.0225	  3.1783
336.0000	256.0000	 15.4445	 -0.0085	  3.0257
352.0000	256.0000	 15.5927	 -0.2844	  2.2078
368.0000	256.0000	 15.4033	 -0.1683	  2.1572
384.0000	256.0000	 15.2758	 -0.0186	  1.9775
400.0000	256.0000	 15.4918	 -0.0128	  1.9494
416.0000	256.0000	 15.4824	 -0.0571	  2.5528
432.0000	256.0000	 15.5115	  0.0475	  3.3278
448.0000	256.0000	 15.4792	  0.0404	  3.5686
464.0000	256.0000	 15.3965	 -0.1089	  3.4311
480.0000	256.0000	 15.4198	 -0.1526	  2.4228
496.0000	256.0000	 15.7419	 15.7031	  1.0457
 16.0000	272.0000	 15.4483	  0.0701	  2.7673
 32.0000	272.0000	 15.3513	  0.0595	  3.5249
 48.0000	272.0000	 15.3541	  0.0147	  4.7233
 64.0000	272.0000	 15.3572	 -0.0124	  3.2381
 80.0000	272.0000	 15.3961	 -0.0516	  2.3962
 96.0000	272.0000	 15.4378	 -0.0439	  2.6204
112.0000	272.0000	 15.3092	 -0.0494	  3.6464
128.0000	272.0000	 15.3916	 -0.0448	  3.8205
144.0000	272.0000	 15.3657	  0.0289	  2.2907
160.0000	272.0000	 15.4130	  0.0502	  3.9624
176.0000	272.0000	 15.3852	  0.0421	  2.7751
192.0000	272.0000	 15.1577	 -0.0233	  2.0339
208.0000	272.0000	 15.4001	 -0.0441	  1.4239
224.0000	272.0000	-19.0867	 16.7333	  1.4196
240.0000	272.0000	 15.4906	  0.2216	  1.8583
256.0000	272.0000	 15.4392	  0.1154	  1.7976
272.0000	272.0000	 15.4121	 -0.0463	  1.9716
288.0000	272.0000	 15.3925	 -0.0207	  2.0569
304.0000	272.0000	 15.4704	 -0.0115	  2.3990
320.0000	272.0000	 15.4867	 -0.0537	  2.7771
336.0000	272.0000	 15.4226	 -0.0713	  2.5434
352.0000	272.0000	 15.5586	  0.0439	  2.9041
368.0000	272.0000	 15.5218	  0.0054	  2.9904
384.0000	272.0000	 15.2325	  0.0169	  3.2084
400.0000	272.0000	 15.2216	  0.0563	  2.8861
416.0000	272.0000	 15.4017	  0.2047	  2.4019
432.0000	272.0000	 15.4262	 -0.0363	  2.9595
448.0000	272.0000	 15.4126	 -0.1401	  2.9903
464.0000	272.0000	 15.3859	 -0.2395	  1.8125
480.0000	272.0000	 15.3975	 -0.1840	  1.7044
496.0000	272.0000	-19.0363	-17.7102	  1.1012
 16.0000	288.0000	 15.0342	 -0.1157	  3.2160
 32.0000	288.0000	 15.0227	  0.0894	  3.0020
 48.0000	288.0000	 15.2359	 -0.0131	  2.9382
 64.0000	288.0000	 15.2472	 -0.0178	  2.7779
 80.0000	288.0000	 15.1353	  0.0232	  3.0111
 96.0000	288.0000	 15.1226	  0.0675	  3.6255
112.0000	288.0000	 15.2400	  0.0523	  5.3753
128.0000	288.0000	 15.2685	  0.0520	  4.1110
144.0000	288.0000	 15.2217	  0.1637	  1.9426
160.0000	288.0000	 15.2366	  0.1397	  2.4019
176.0000	288.0000	 15.1462	  0.0164	  2.5598
192.0000	288.0000	 14.9275	  0.0121	  2.0305
208.0000	288.0000	 14.9730	  0.0007	  2.3259
224.0000	288.0000	 14.9401	  0.0021	  2.0930
240.0000	288.0000	 15.0077	  0.0037	  2.0226
256.0000	288.0000	 14.9650	  0.0027	  2.2839
272.0000	288.0000	 15.1560	  0.1981	  1.9839
288.0000	288.0000	 15.0749	  0.1797	  3.3841
304.0000	288.0000	 14.9773	  0.0515	  2.6187
320.0000	288.0000	 14.9985	  0.0010	  3.0503
336.0000	288.0000	 14.9498	 -0.0016	  1.7299
352.0000	288.0000	 15.2054	  0.1162	  2.1546
368.0000	288.0000	 15.3637	  0.1017	  3.3130
384.0000	288.0000	 15.1201	  0.0468	  3.2314
400.0000	288.0000	 14.8994	  0.0017	  2.8411
416.0000	288.0000	 15.0494	  0.0044	  3.1357
432.0000	288.0000	 15.0400	 -0.0101	  2.0979
448.0000	288.0000	 15.1430	  0.0048	  2.2694
464.0000	288.0000	 15.1890	  0.1539	  2.1636
480.0000	288.0000	 15.0689	  0.1749	  2.8089
496.0000	288.0000	 14.7432	 -0.0645	  1.7796
 16.0000	304.0000	 14.8095	 -0.0106	  2.8107
 32.0000	304.0000	 14.6227	  0.0144	  2.2321
 48.0000	304.0000	 14.5687	  0.0250	  1.4126
 64.0000	304.0000	 15.1936	  0.0307	  1.1520
 80.0000	304.0000	 14.8527	  0.0564	  2.2619
 96.0000	304.0000	 14.7249	  0.0432	  3.1105
112.0000	304.0000	 14.9717	  0.1401	  1.7210
128.0000	304.0000	 14.7076	  0.0935	  2.3338
144.0000	304.0000	 14.6928	 -0.0265	  1.9832
160.0000	304.0000	 14.9881	  0.0026	  1.5916
176.0000	304.0000	 14.6718	 -0.0707	  1.8355
192.0000	304.0000	 14.6971	 -0.0360	  1.9549
208.0000	304.0000	 14.8549	  0.0138	  2.3471
224.0000	304.0000	 14.6566	  0.0134	  1.8566
240.0000	304.0000	 14.6286	 -0.0164	  2.8523
256.0000	304.0000	 14.6112	 -0.0070	  2.7781
272.0000	304.0000	 14.4259	  0.0707	  1.5777
288.0000	304.0000	 14.7371	 -0.0479	  2.2897
304.0000	304.0000	 14.9455	  0.0113	  4.6115
320.0000	304.0000	 14.8561	  0.0447	  4.2956
336.0000	304.0000	 14.6815	  0.0714	  2.8846
352.0000	304.0000	 14.8253	  0.0338	  1.1927
368.0000	304.0000	 14.8371	 -0.0783	  2.2083
384.0000	304.0000	 14.4847	 -0.1466	  2.1681
400.0000	304.0000	 14.5561	 -0.0046	  2.5788
416.0000	304.0000	 14.8909	 -0.0425	  2.0417
432.0000	304.0000	 14.8076	  0.0894	  2.4260
448.0000	304.0000	 14.8761	  0.1880	  3.7329
464.0000	304.0000	 14.9147	  0.2124	  2.7145
480.0000	304.0000	 14.7291	  0.1094	  1.9793
496.0000	304.0000	 14.6916	 -0.0228	  1.1762
 16.0000	320.0000	 14.0022	  0.2009	  3.1056
 32.0000	320.0000	 13.9191	 -0.0175	  2.4231
 48.0000	320.0000	 13.9125	 -0.0257	  2.5853
 64.0000	320.0000	 13.7300	 -0.1447	  1.7178
 80.0000	320.0000	 13.8334	 -0.0943	  2.1674
 96.0000	320.0000	 13.8484	 -0.1061	  3.0333
112.0000	320.0000	 13.7241	 -0.1768	  1.8663
128.0000	320.0000	 14.2358	  0.0512	  2.0316
144.0000	320.0000	 13.9059	  0.0370	  2.3979
160.0000	320.0000	 13.5072	  0.0071	  1.7566
176.0000	320.0000	 13.8736	 -0.3702	  1.1720
192.0000	320.0000	 13.7729	 -0.1358	  3.6006
208.0000	320.0000	 13.9321	 -0.0035	  3.0712
224.0000	320.0000	 13.9918	  0.0028	  2.6986
240.0000	320.0000	 13.8942	  0.0097	  3.6234
256.0000	320.0000	 13.9230	  0.0088	  2.9380
272.0000	320.0000	 13.8269	 -0.1411	  1.6749
288.0000	320.0000	 13.8211	 -0.1458	  2.3986
304.0000	320.0000	 13.8387	 -0.0479	  1.2303
320.0000	320.0000	 14.1470	 -0.0053	  2.1525
336.0000	320.0000	 14.0320	 -0.0006	  2.6500
352.0000	320.0000	 14.0342	  0.0063	  2.3037
368.0000	320.0000	 14.1535	  0.0473	  2.2068
384.0000	320.0000	 13.9356	 -0.0771	  3.9491
400.0000	320.0000	 13.8338	 -0.1001	  2.6645
416.0000	320.0000	 13.8808	 -0.0619	  3.6594
432.0000	320.0000	 13.9315	 -0.0489	  3.7496
448.0000	320.0000	 13.9454	  0.0131	  2.7866
464.0000	320.0000	 13.8342	 -0.0050	  2.5781
480.0000	320.0000	 13.8794	  0.0948	  2.7917
496.0000	320.0000	 13.8047	  0.0957	  2.0287
 16.0000	336.0000	 13.2947	  0.0191	  2.4207
 32.0000	336.0000	 13.2650	 -0.0304	  3.2386
 48.0000	336.0000	 13.3238	 -0.1311	  3.1100
 64.0000	336.0000	 12.8846	 -0.2009	  2.6080
 80.0000	336.0000	 13.2053	 -0.0860	  2.9578
 96.0000	336.0000	 13.3077	  0.0019	  2.3919
112.0000	336.0000	 13.3474	  0.0079	  1.2586
128.0000	336.0000	 12.8149	 -0.2441	  1.9133
144.0000	336.0000	 13.1485	 -0.1497	  2.0261
160.0000	336.0000	 13.4579	 -0.0123	  1.9633
176.0000	336.0000	 13.5805	  0.1508	  1.0828
192.0000	336.0000	 13.5675	  0.0396	  3.0750
208.0000	336.0000	 13.7210	  0.0048	  2.9128
224.0000	336.0000	 13.7611	  0.0011	  2.3147
240.0000	336.0000	 13.3365	 -0.0291	  4.0855
256.0000	336.0000	 12.9768	  0.0133	  3.6782
272.0000	336.0000	 12.9319	 -0.0086	  2.8032
288.0000	336.0000	 13.1604	 -0.0401	  2.3427
304.0000	336.0000	 13.4668	 -0.0818	  1.2692
320.0000	336.0000	 13.5197	 -0.0010	  1.1501
336.0000	336.0000	 13.6362	  0.0151	  2.7582
352.0000	336.0000	 13.4120	 -0.0223	  2.1686
368.0000	336.0000	 13.3278	  0.0293	  2.2057
384.0000	336.0000	 13.4332	  0.0758	  2.6694
400.0000	336.0000	 13.6059	  0.0178	  2.3654
416.0000	336.0000	 13.7941	  0.0080	  3.1437
432.0000	336.0000	 13.7711	  0.0340	  3.0194
448.0000	336.0000	 13.6146	  0.0267	  3.0628
464.0000	336.0000	 13.2691	 -0.0509	  3.3358
480.0000	336.0000	 13.0539	 -0.0536	  1.9263
496.0000	336.0000	 13.4221	 -0.0777	  1.4538
 16.0000	352.0000	 12.2986	  0.0205	  2.4903
 32.0000	352.0000	 12.6327	 -0.0083	  2.9513
 48.0000	352.0000	 12.5078	 -0.0537	  2.8931
 64.0000	352.0000	 12.2322	  0.0762	  2.8240
 80.0000	352.0000	 12.3300	  0.0416	  2.9342
 96.0000	352.0000	 11.9893	 -0.0074	  2.8675
112.0000	352.0000	 11.5120	 -0.0056	  1.5625
128.0000	352.0000	 12.2472	 -0.2132	  1.9288
144.0000	352.0000	 12.2046	 -0.1770	  2.2484
160.0000	352.0000	 11.7737	 -0.0006	  1.3762
176.0000	352.0000	 12.2190	  0.2830	  1.2168
192.0000	352.0000	 11.8898	  0.1507	  2.2039
208.0000	352.0000	 11.7647	  0.0075	  2.2495
224.0000	352.0000	 11.9562	 -0.1293	  1.4630
240.0000	352.0000	 12.8827	 -0.0639	  2.5994
256.0000	352.0000	 12.4274	 -0.0030	  2.9268
272.0000	352.0000	 12.1168	  0.0132	  3.0343
288.0000	352.0000	 12.1519	  0.0247	  2.6830
304.0000	352.0000	 11.9984	  0.0184	  2.5320
320.0000	352.0000	 11.9490	  0.0047	  2.6687
336.0000	352.0000	 11.9184	  0.0016	  3.1661
352.0000	352.0000	 12.2220	  0.0029	  3.4786
368.0000	352.0000	 12.3313	 -0.0487	  2.6688
384.0000	352.0000	 12.3372	  0.0428	  2.2100
400.0000	352.0000	 12.1552	  0.2393	  1.5941
416.0000	352.0000	 11.9294	  0.0483	  1.8181
432.0000	352.0000	 12.3898	  0.0361	  1.7799
448.0000	352.0000	 12.7370	  0.0107	  2.3176
464.0000	352.0000	 12.3895	  0.0013	  3.3433
480.0000	352.0000	 12.0277	 -0.0194	  3.7813
496.0000	352.0000	 11.9832	 -0.0242	  2.8798
 16.0000	368.0000	 28.6449	-29.8553	  1.0979
 32.0000	368.0000	 11.5276	  0.1095	  2.3997
 48.0000	368.0000	 11.1364	  0.2259	  2.5151
 64.0000	368.0000	 11.0109	  0.2885	  2.0085
 80.0000	368.0000	 11.1984	  0.0462	  2.4842
 96.0000	368.0000	 11.0808	 -0.0255	  3.1929
112.0000	368.0000	 10.9415	 -0.0407	  2.9396
128.0000	368.0000	 11.0400	  0.0957	  1.9061
144.0000	368.0000	 11.2214	  0.1276	  1.8983
160.0000	368.0000	 10.9640	  0.0069	  2.0228
176.0000	368.0000	 10.6396	 -0.2009	  2.0342
192.0000	368.0000	 11.0105	 -0.3168	  1.7177
208.0000	368.0000	 11.5457	  0.1227	  1.7881
224.0000	368.0000	 11.1629	  0.0104	  1.6920
240.0000	368.0000	 10.5829	  0.0107	  1.9632
256.0000	368.0000	 10.8651	 -0.0269	  2.2320
272.0000	368.0000	 11.1864	  0.0179	  3.4778
288.0000	368.0000	 11.3578	  0.0386	  3.0145
304.0000	368.0000	 11.7225	 -0.0221	  2.9968
320.0000	368.0000	 11.7086	 -0.0007	  2.5383
336.0000	368.0000	 11.7891	 -0.0005	  2.6465
352.0000	368.0000	 11.9715	  0.0684	  2.3147
368.0000	368.0000	 11.8688	  0.0688	  2.7314
384.0000	368.0000	 11.0978	  0.0093	  2.8421
400.0000	368.0000	 11.0395	 -0.0345	  2.8495
416.0000	368.0000	 11.3764	 -0.0940	  2.7795
432.0000	368.0000	 11.4057	 -0.0362	  2.5953
448.0000	368.0000	 11.4142	  0.0454	  1.8122
464.0000	368.0000	 11.3821	  0.0432	  2.2535
480.0000	368.0000	 11.5490	  0.0013	  2.6997
496.0000	368.0000	 11.4158	 -0.0440	  3.3224
 16.0000	384.0000	  9.4875	 -0.0482	  2.2765
 32.0000	384.0000	  9.6626	 -0.0909	  2.1347
 48.0000	384.0000	  9.8572	 -0.0919	  2.8869
 64.0000	384.0000	  9.5374	 -0.1283	  2.6920
 80.0000	384.0000	  9.4734	 -0.1317	  2.4349
 96.0000	384.0000	 10.1514	  0.1099	  2.2799
112.0000	384.0000	 10.2056	  0.1138	  2.3181
128.0000	384.0000	 10.4360	  0.1094	  2.4011
144.0000	384.0000	  9.9825	  0.0492	  2.1157
160.0000	384.0000	  9.5530	 -0.0501	  2.4558
176.0000	384.0000	  9.7901	 -0.0043	  2.6615
192.0000	384.0000	  9.4181	 -0.0789	  2.3305
208.0000	384.0000	  8.8976	 -0.1082	  2.3926
224.0000	384.0000	  9.7196	  0.0539	  2.6687
240.0000	384.0000	 10.0238	  0.0364	  2.3948
256.0000	384.0000	  9.7546	 -0.0133	  2.1807
272.0000	384.0000	  9.7111	  0.0798	  3.2824
288.0000	384.0000	  9.8982	  0.0987	  2.3235
304.0000	384.0000	  9.3227	  0.0539	  2.4188
320.0000	384.0000	  8.9933	  0.0273	  2.5552
336.0000	384.0000	  8.9111	 -0.0030	  1.1965
352.0000	384.0000	  9.6466	 -0.0011	  1.3881
368.0000	384.0000	  9.9117	  0.0709	  2.4659
384.0000	384.0000	  9.7557	 -0.0046	  3.0790
400.0000	384.0000	  9.8515	 -0.0263	  2.7180
416.0000	384.0000	 10.4048	  0.0193	  1.8841
432.0000	384.0000	 10.2456	  0.0041	  2.4352
448.0000	384.0000	  9.6429	 -0.0005	  1.8486
464.0000	384.0000	  9.4606	 -0.0185	  1.6635
480.0000	384.0000	 10.5233	  0.1094	  1.9555
496.0000	384.0000	 10.1831	 -0.0043	  1.7322
 16.0000	400.0000	  8.6137	 -0.0022	  2.0758
 32.0000	400.0000	  8.7973	  0.0187	  2.1032
 48.0000	400.0000	  8.9861	  0.0205	  1.8016
 64.0000	400.0000	  8.7820	 -0.0220	  2.2971
 80.0000	400.0000	  8.4485	 -0.0092	  2.7336
 96.0000	400.0000	  7.8194	 -0.0123	  2.3122
112.0000	400.0000	  7.4760	 -0.0827	  2.0273
128.0000	400.0000	  7.3335	 -0.0177	  2.1602
144.0000	400.0000	  9.0223	  0.0512	  1.3296
160.0000	400.0000	  8.8054	  0.0288	  1.7310
176.0000	400.0000	  8.6205	  0.0508	  2.0551
192.0000	400.0000	  8.4034	 -0.0424	  2.0985
208.0000	400.0000	  8.2555	 -0.0356	  3.0279
224.0000	400.0000	  8.6177	 -0.0064	  1.8531
240.0000	400.0000	  8.6184	 -0.0021	  2.0817
256.0000	400.0000	  8.9905	 -0.0107	  1.9423
272.0000	400.0000	  8.7518	 -0.0119	  3.9213
288.0000	400.0000	  8.5704	 -0.0252	  2.2476
304.0000	400.0000	  8.6306	  0.0413	  1.7662
320.0000	400.0000	  8.7572	  0.0294	  2.5063
336.0000	400.0000	  8.7649	 -0.0003	  1.3016
352.0000	400.0000	  8.1292	 -0.0201	  1.5702
368.0000	400.0000	  8.3754	 -0.0412	  2.0832
384.0000	400.0000	  8.6586	  0.0107	  2.6264
400.0000	400.0000	  8.5760	  0.0185	  1.9288
416.0000	400.0000	  7.3550	 -0.1453	  2.0043
432.0000	400.0000	  8.0030	  0.1038	  2.6541
448.0000	400.0000	  8.5644	  0.0820	  2.6670
464.0000	400.0000	  8.3395	 -0.0013	  2.5420
480.0000	400.0000	  8.1628	  0.0104	  1.9957
496.0000	400.0000	  7.9756	 -0.0303	  1.5940
 16.0000	416.0000	  6.4061	 -0.1857	  1.6257
 32.0000	416.0000	  6.6154	  0.0457	  2.1248
 48.0000	416.0000	  6.3004	  0.0268	  1.8077
 64.0000	416.0000	  7.3022	  0.3137	  1.2446
 80.0000	416.0000	  7.6039	  0.2763	  1.4741
 96.0000	416.0000	  7.2544	 -0.0143	  2.1676
112.0000	416.0000	  7.1913	 -0.0022	  2.7164
128.0000	416.0000	  6.6405	 -0.0002	  2.7325
144.0000	416.0000	  6.0154	 -0.0096	  2.4783
160.0000	416.0000	  6.7381	  0.0667	  1.8921
176.0000	416.0000	  6.8629	  0.0526	  1.9514
192.0000	416.0000	  6.5777	  0.0170	  2.1892
208.0000	416.0000	  6.7936	  0.0214	  2.4042
224.0000	416.0000	  7.0415	  0.0061	  1.7994
240.0000	416.0000	  6.7431	  0.0408	  2.4239
256.0000	416.0000	  6.3654	 -0.0096	  2.9679
272.0000	416.0000	  7.0396	  0.0068	  2.8940
288.0000	416.0000	  7.1497	  0.0039	  2.0099
304.0000	416.0000	  6.6808	  0.0064	  1.5644
320.0000	416.0000	  6.3250	 -0.0093	  1.7537
336.0000	416.0000	  6.0039	  0.0198	  2.3403
352.0000	416.0000	  6.3786	 -0.0280	  3.0417
368.0000	416.0000	  6.6708	  0.0151	  2.4405
384.0000	416.0000	  6.4200	  0.0318	  1.9644
400.0000	416.0000	  6.0587	  0.0053	  2.3158
416.0000	416.0000	  6.6586	  0.0348	  2.6569
432.0000	416.0000	  6.8078	 -0.0274	  3.7871
448.0000	416.0000	  7.0474	 -0.0628	  2.4586
464.0000	416.0000	  7.9567	  0.0290	  1.9147
480.0000	416.0000	  7.1652	 -0.1262	  2.1703
496.0000	416.0000	  6.8938	  0.0389	  1.3814
 16.0000	432.0000	  4.5710	  0.0383	  2.1425
 32.0000	432.0000	  5.4326	  0.0320	  2.2925
 48.0000	432.0000	  5.0368	 -0.0007	  2.3175
 64.0000	432.0000	  4.3129	 -0.0088	  2.2596
 80.0000	432.0000	  4.1272	 -0.3406	  1.3104
 96.0000	432.0000	  4.1544	 -0.3942	  1.4969
112.0000	432.0000	  4.0989	  0.0572	  1.2906
128.0000	432.0000	  5.2212	  0.0367	  2.7259
144.0000	432.0000	  5.3805	 -0.0038	  2.2765
160.0000	432.0000	  4.5560	  0.0051	  1.5637
176.0000	432.0000	  4.0347	  0.0387	  2.9454
192.0000	432.0000	  5.2396	  0.0720	  2.2835
208.0000	432.0000	  5.2823	 -0.0061	  1.9323
224.0000	432.0000	  4.6409	 -0.0749	  1.1821
240.0000	432.0000	  5.9972	  0.0073	  1.8631
256.0000	432.0000	  5.9973	  0.0751	  2.6349
272.0000	432.0000	  5.5304	  0.2791	  1.9028
288.0000	432.0000	  5.5991	  0.2938	  1.7627
304.0000	432.0000	  5.4272	 -0.0316	  1.2440
320.0000	432.0000	  5.3632	 -0.0497	  1.7041
336.0000	432.0000	  5.6558	  0.0201	  2.3612
352.0000	432.0000	  5.6173	  0.0202	  2.1024
368.0000	432.0000	  5.6670	  0.0795	  1.7890
384.0000	432.0000	  5.2437	 -0.0111	  2.2593
400.0000	432.0000	  5.2239	 -0.0636	  2.3122
416.0000	432.0000	  5.0601	 -0.0253	  1.5455
432.0000	432.0000	  5.1851	  0.0215	  1.9420
448.0000	432.0000	  5.1896	  0.0331	  2.2409
464.0000	432.0000	  4.2460	  0.0019	  1.3600
480.0000	432.0000	  4.8979	 -0.0012	  2.2317
496.0000	432.0000	  4.8163	  0.0507	  1.9519
 16.0000	448.0000	  2.5208	 -0.0057	  2.1161
 32.0000	448.0000	  2.8514	 -0.0807	  1.9380
 48.0000	448.0000	  2.2001	 -0.0683	  2.0002
 64.0000	448.0000	  2.6780	  0.0078	  1.2382
 80.0000	448.0000	  3.1559	 -0.0093	  1.1490
 96.0000	448.0000	  2.3086	 -0.0502	  1.1972
112.0000	448.0000	  1.8169	 -0.0368	  1.5395
128.0000	448.0000	  2.5097	  0.0307	  1.7421
144.0000	448.0000	  1.7510	 -0.1300	  1.5072
160.0000	448.0000	  2.1477	 -0.1235	  1.7462
176.0000	448.0000	  2.4956	 -0.0615	  2.1037
192.0000	448.0000	  1.7874	 -0.0602	  2.4603
208.0000	448.0000	  1.6356	 -0.0469	  1.8543
224.0000	448.0000	  2.3292	 -0.0323	  3.1610
240.0000	448.0000	  2.0145	 -0.0197	  2.4231
256.0000	448.0000	  1.4837	  0.2187	  1.2112
272.0000	448.0000	  3.8905	 -0.0243	  1.6578
288.0000	448.0000	  2.9841	 -0.1884	  1.6587
304.0000	448.0000	  2.2517	 -0.0744	  1.1544
320.0000	448.0000	  2.5938	 -0.0265	  1.7368
336.0000	448.0000	  2.8155	  0.0032	  1.8167
352.0000	448.0000	  3.4228	  0.0726	  1.4613
368.0000	448.0000	  2.6700	  0.0411	  1.5833
384.0000	448.0000	  2.3680	 -0.0563	  2.2851
400.0000	448.0000	  2.3260	 -0.0381	  2.2708
416.0000	448.0000	  1.7748	 -0.0440	  1.9549
432.0000	448.0000	  1.9688	 -0.0234	  2.0806
448.0000	448.0000	  3.8710	  0.0261	  1.5425
464.0000	448.0000	  3.1628	 -0.0257	  1.6261
480.0000	448.0000	  3.8522	  0.0041	  1.7766
496.0000	448.0000	  3.6876	  0.0455	  2.0695
 16.0000	464.0000	  0.9195	 -0.1467	  2.7232
 32.0000	464.0000	  1.4709	 -0.0461	  2.1549
 48.0000	464.0000	  1.5621	  0.0580	  2.4822
 64.0000	464.0000	  0.9744	  0.0626	  1.3768
 80.0000	464.0000	  0.2876	 -0.0024	  1.8645
 96.0000	464.0000	  0.4135	 -0.0272	  2.0551
112.0000	464.0000	  0.8794	 -0.0890	  2.3919
128.0000	464.0000	  0.9167	 -0.1825	  1.8900
144.0000	464.0000	  0.5012	 -0.0949	  2.6267
160.0000	464.0000	  0.4835	 -0.0298	  2.8750
176.0000	464.0000	  0.9865	  0.0119	  2.7470
192.0000	464.0000	  1.0361	  0.0020	  2.8570
208.0000	464.0000	  0.9847	  0.0254	  2.4904
224.0000	464.0000	  1.4357	  0.1327	  2.8334
240.0000	464.0000	  1.0227	  0.1169	  2.7038
256.0000	464.0000	  0.3525	  0.1038	  2.2916
272.0000	464.0000	  0.4682	 -0.0053	  1.3775
288.0000	464.0000	  1.6039	  0.0545	  1.4902
304.0000	464.0000	  1.6640	  0.0124	  1.5737
320.0000	464.0000	  0.9395	 -0.0257	  2.7158
336.0000	464.0000	  0.6074	 -0.0580	  2.5385
352.0000	464.0000	  0.8296	 -0.0430	  1.2334
368.0000	464.0000	  0.9094	 -0.1437	  2.2583
384.0000	464.0000	  1.5719	  0.0378	  2.3937
400.0000	464.0000	  1.7204	  0.0452	  2.3693
416.0000	464.0000	  1.3984	  0.0491	  1.6916
432.0000	464.0000	  1.2976	 -0.0163	  1.6031
448.0000	464.0000	  0.4220	 -0.0033	  1.8791
464.0000	464.0000	  0.4694	 -0.0037	  2.1615
480.0000	464.0000	  1.0846	 -0.0041	  1.5860
496.0000	464.0000	  0.4623	 -0.0094	  2.8124
 16.0000	480.0000	  0.0211	  0.0162	  3.4977
 32.0000	480.0000	  0.0572	  0.0003	  2.8055
 48.0000	480.0000	  0.0066	 -0.0175	  1.9967
 64.0000	480.0000	 -0.0885	  0.0306	  1.7116
 80.0000	480.0000	  0.0304	  0.0537	  2.1176
 96.0000	480.0000	  0.0528	  0.0076	  2.0902
112.0000	480.0000	  0.1269	 -0.0332	  2.5254
128.0000	480.0000	  0.1168	 -0.0206	  3.0852
144.0000	480.0000	 -0.0202	  0.0082	  3.7768
160.0000	480.0000	 -0.1552	  0.0205	  2.6791
176.0000	480.0000	 -0.0926	 -0.0005	  2.2940
192.0000	480.0000	  0.1003	  0.0363	  3.0843
208.0000	480.0000	  0.0852	  0.0654	  2.8078
224.0000	480.0000	 -0.0039	  0.0504	  1.9672
240.0000	480.0000	  0.1069	 -0.0543	  2.8621
256.0000	480.0000	  0.0019	 -0.0669	  3.8753
272.0000	480.0000	 -0.0879	 -0.0924	  3.0952
288.0000	480.0000	  0.0256	  0.0019	  1.9744
304.0000	480.0000	  0.0307	  0.0235	  2.3057
320.0000	480.0000	  0.0367	  0.0536	  2.2385
336.0000	480.0000	 -0.0019	  0.0188	  2.2579
352.0000	480.0000	  0.0521	  0.0000	  1.6599
368.0000	480.0000	  0.0281	  0.0459	  2.2927
384.0000	480.0000	  0.0487	  0.0249	  3.1307
400.0000	480.0000	  0.1167	 -0.0003	  2.0431
416.0000	480.0000	  0.0018	 -0.0339	  2.6384
432.0000	480.0000	 -0.0509	 -0.0370	  2.6591
448.0000	480.0000	  0.0282	 -0.0357	  2.8954
464.0000	480.0000	  0.0130	 -0.1965	  3.3243
480.0000	480.0000	 -0.0089	 -0.1206	  2.1918
496.0000	480.0000	  0.0120	  0.0177	  2.6872
 16.0000	496.0000	  0.0124	  0.1428	  4.4643
 32.0000	496.0000	  0.0860	  0.0914	  2.5228
 48.0000	496.0000	  0.0221	 -0.0010	  2.3234
 64.0000	496.0000	 -0.0417	  0.0029	  3.1538
 80.0000	496.0000	 -0.0286	  0.0029	  1.8438
 96.0000	496.0000	-17.5040	 32.8464	  1.1025
112.0000	496.0000	  0.0608	  0.0724	  2.1438
128.0000	496.0000	  0.1207	  0.0823	  2.7342
144.0000	496.0000	 -0.0408	  0.0998	  3.7629
160.0000	496.0000	 -0.2479	  0.1134	  2.6314
176.0000	496.0000	 -0.0025	  0.0150	  2.4998
192.0000	496.0000	  0.0244	  0.0071	  3.3525
208.0000	496.0000	  0.0013	 -0.0019	  3.2362
224.0000	496.0000	 -0.0314	 -0.0011	  3.1386
240.0000	496.0000	  0.0970	 -0.0006	  2.6855
256.0000	496.0000	  0.0016	  0.0059	  4.1376
272.0000	496.0000	 -0.0695	  0.0064	  2.8227
288.0000	496.0000	 -0.0014	  0.0191	  3.4345
304.0000	496.0000	 -0.0071	  0.0214	  3.3836
320.0000	496.0000	 -0.0016	  0.0458	  2.8315
336.0000	496.0000	 -0.0009	  0.0651	  2.7129
352.0000	496.0000	 -0.0003	  0.0164	  3.5838
368.0000	496.0000	  0.0534	  0.0972	  3.0401
384.0000	496.0000	 -0.0004	  0.0987	  3.3781
400.0000	496.0000	  0.0137	  0.0181	  3.9166
416.0000	496.0000	  0.0459	  0.0008	  3.5984
432.0000	496.0000	 -0.0342	  0.0068	  3.9861
448.0000	496.0000	  0.0271	  0.0068	  3.7884
464.0000	496.0000	 -0.0000	  0.0013	  3.7643
480.0000	496.0000	 -0.0800	  0.0008	  2.7964
496.0000	496.0000	 -0.0008	 -0.0003	  2.3418
