 16.0000	496.0000	  0.0000	  0.0000	  0.0000
 32.0000	496.0000	  0.2508	 -0.0003	  0.0000
 48.0000	496.0000	  0.0000	 -0.0000	  0.0000
 64.0000	496.0000	  0.2650	 -0.0030	  0.0000
 80.0000	496.0000	  0.0000	 -0.0000	  0.0000
 96.0000	496.0000	  0.2312	 -0.0122	  0.0000
112.0000	496.0000	  0.0000	 -0.0000	  0.0000
128.0000	496.0000	  0.8335	 -0.1292	  0.0000
144.0000	496.0000	  0.0000	 -0.0000	  0.0000
160.0000	496.0000	  0.3507	 -0.0700	  0.0000
176.0000	496.0000	  0.0000	 -0.0000	  0.0000
192.0000	496.0000	  0.5376	 -0.0223	  0.0000
208.0000	496.0000	  0.0000	 -0.0000	  0.0000
224.0000	496.0000	  0.1748	 -0.0104	  0.0000
240.0000	496.0000	  0.0000	 -0.0000	  0.0000
256.0000	496.0000	  0.0000	 -0.0000	  0.0000
272.0000	496.0000	  0.0000	 -0.0000	  0.0000
288.0000	496.0000	  0.0000	 -0.0000	  0.0000
304.0000	496.0000	  0.0000	 -0.0000	  0.0000
320.0000	496.0000	  0.0000	 -0.0000	  0.0000
336.0000	496.0000	  0.0000	 -0.0000	  0.0000
352.0000	496.0000	  0.3423	 -0.0058	  0.0000
368.0000	496.0000	  0.0000	 -0.0000	  0.0000
384.0000	496.0000	  0.7018	 -0.0063	  0.0000
400.0000	496.0000	  0.0000	 -0.0000	  0.0000
416.0000	496.0000	  0.2782	 -0.0017	  0.0000
432.0000	496.0000	  0.0000	 -0.0000	  0.0000
448.0000	496.0000	  0.6065	 -0.0250	  0.0000
464.0000	496.0000	  0.0000	 -0.0000	  0.0000
480.0000	496.0000	  0.0000	 -0.0000	  0.0000
496.0000	496.0000	  0.0000	 -0.0000	  0.0000
 16.0000	480.0000	  0.3336	  0.0016	  0.0000
 32.0000	480.0000	  0.3748	  0.0023	  0.0000
 48.0000	480.0000	  0.0392	 -0.0022	  0.0000
 64.0000	480.0000	  0.2723	 -0.0050	  0.0000
 80.0000	480.0000	  0.0122	 -0.0001	  0.0000
 96.0000	480.0000	  0.2511	 -0.0132	  0.0000
112.0000	480.0000	  0.1241	 -0.0001	  0.0000
128.0000	480.0000	  0.9699	 -0.1273	  0.0000
144.0000	480.0000	  0.0573	  0.0009	  0.0000
160.0000	480.0000	  0.3734	 -0.0696	  0.0000
176.0000	480.0000	  0.0188	  0.0012	  0.0000
192.0000	480.0000	  0.5639	 -0.0212	  0.0000
208.0000	480.0000	  0.0438	 -0.0056	  0.0000
224.0000	480.0000	  0.2266	 -0.0239	  0.0000
240.0000	480.0000	  0.0443	 -0.0079	  0.0000
256.0000	480.0000	  0.2174	 -0.9089	  0.0000
272.0000	480.0000	  0.0007	  0.0000	  0.0000
288.0000	480.0000	  0.2083	 -0.9292	  0.0000
304.0000	480.0000	  0.0150	  0.0000	  0.0000
320.0000	480.0000	  0.1903	 -0.8812	  0.0000
336.0000	480.0000	  0.0267	  0.0011	  0.0000
352.0000	480.0000	  0.4187	 -0.0044	  0.0000
368.0000	480.0000	  0.1480	  0.0004	  0.0000
384.0000	480.0000	  0.7863	 -0.0067	  0.0000
400.0000	480.0000	  0.0079	 -0.0007	  0.0000
416.0000	480.0000	  0.3240	 -0.0020	  0.0000
432.0000	480.0000	  0.0573	 -0.0048	  0.0000
448.0000	480.0000	  0.6406	 -0.0297	  0.0000
464.0000	480.0000	  0.0051	 -0.0001	  0.0000
480.0000	480.0000	  0.3095	 -0.9841	  0.0000
496.0000	480.0000	  0.0699	  0.0043	  0.0000
 16.0000	464.0000	  0.5000	  0.0000	  0.0000
 32.0000	464.0000	  1.3331	 -0.0100	  0.0000
 48.0000	464.0000	  1.5625	 -0.4739	  0.0000
 64.0000	464.0000	  0.8689	 -0.0149	  0.0000
 80.0000	464.0000	  1.1312	 -0.2515	  0.0000
 96.0000	464.0000	  0.5000	 -0.0096	  0.0000
112.0000	464.0000	  1.1536	 -0.1045	  0.0000
128.0000	464.0000	  1.6656	 -0.1487	  0.0000
144.0000	464.0000	  1.4561	 -0.1915	  0.0000
160.0000	464.0000	  0.3489	 -0.0031	  0.0000
176.0000	464.0000	  0.9286	 -0.0505	  0.0000
192.0000	464.0000	  0.3985	 -0.0047	  0.0000
208.0000	464.0000	  0.6686	 -0.0354	  0.0000
224.0000	464.0000	  0.2810	 -0.0185	  0.0000
240.0000	464.0000	  0.7332	 -0.2297	  0.0000
256.0000	464.0000	  0.4488	  0.0446	  0.0000
272.0000	464.0000	  0.9859	 -0.1640	  0.0000
288.0000	464.0000	  1.1231	  0.0337	  0.0000
304.0000	464.0000	  0.8652	 -0.1826	  0.0000
320.0000	464.0000	  1.4775	  0.0792	  0.0000
336.0000	464.0000	  1.3731	 -0.1449	  0.0000
352.0000	464.0000	  1.2578	  0.0054	  0.0000
368.0000	464.0000	  0.9761	 -0.9405	  0.0000
384.0000	464.0000	  1.2187	 -0.0530	  0.0000
400.0000	464.0000	  1.3006	 -0.9619	  0.0000
416.0000	464.0000	  1.7532	  0.0101	  0.0000
432.0000	464.0000	  0.9983	  0.0319	  0.0000
448.0000	464.0000	  0.6845	 -0.0059	  0.0000
464.0000	464.0000	  0.8287	 -0.0698	  0.0000
480.0000	464.0000	  1.0549	 -0.0102	  0.0000
496.0000	464.0000	  1.1462	 -0.0139	  0.0000
 16.0000	448.0000	  1.5508	 -0.9851	  0.0000
 32.0000	448.0000	  1.6122	 -0.9825	  0.0000
 48.0000	448.0000	  1.9307	  0.0004	  0.0000
 64.0000	448.0000	  3.6535	 -0.9752	  0.0000
 80.0000	448.0000	  2.4605	  0.0094	  0.0000
 96.0000	448.0000	  2.8502	 -0.4291	  1.0000
112.0000	448.0000	  2.4071	 -0.0544	  0.0000
128.0000	448.0000	  2.8796	 -0.6962	  0.0000
144.0000	448.0000	  2.9238	  0.0228	  0.0000
160.0000	448.0000	  2.8773	 -0.0737	  0.0000
176.0000	448.0000	  0.7128	 -0.0007	  0.0000
192.0000	448.0000	  1.7784	 -0.0391	  0.0000
208.0000	448.0000	  3.4848	 -0.1726	  0.0000
224.0000	448.0000	  3.1440	 -0.9767	  0.0000
240.0000	448.0000	  0.0000	  0.0000	  0.0000
256.0000	448.0000	  0.7283	 -0.9044	  0.0000
272.0000	448.0000	  1.6306	  0.0141	  0.0000
288.0000	448.0000	  2.4784	 -0.9416	  0.0000
304.0000	448.0000	  3.0587	 -0.0125	  0.0000
320.0000	448.0000	  3.0591	 -0.9420	  0.0000
336.0000	448.0000	  2.7133	  0.0188	  0.0000
352.0000	448.0000	  3.6185	 -0.9363	  0.0000
368.0000	448.0000	  2.3114	  0.0349	  0.0000
384.0000	448.0000	  3.1273	  0.0318	  0.0000
400.0000	448.0000	  3.2573	  0.0221	  0.0000
416.0000	448.0000	  3.9086	 -0.9151	  0.0000
432.0000	448.0000	  3.6400	  0.0104	  0.0000
448.0000	448.0000	  4.5868	 -0.0875	  0.0000
464.0000	448.0000	  3.4321	 -0.0472	  1.0000
480.0000	448.0000	  2.4725	 -0.0975	  0.0000
496.0000	448.0000	  3.0289	 -0.0142	  0.0000
 16.0000	432.0000	  5.9875	  0.0165	  0.0000
 32.0000	432.0000	  5.7201	  0.0169	  0.0000
 48.0000	432.0000	  5.3339	 -0.4693	  0.0000
 64.0000	432.0000	  5.2400	  0.0062	  0.0000
 80.0000	432.0000	  5.5982	 -0.2457	  0.0000
 96.0000	432.0000	  5.1306	  0.0246	  0.0000
112.0000	432.0000	  4.7195	  0.0367	  0.0000
128.0000	432.0000	  4.5248	  0.0284	  0.0000
144.0000	432.0000	  5.1142	 -0.0241	  0.0000
160.0000	432.0000	  5.4647	 -0.0134	  0.0000
176.0000	432.0000	  5.9028	 -0.0580	  0.0000
192.0000	432.0000	  5.6570	 -0.0553	  1.0000
208.0000	432.0000	  6.0678	 -0.1540	  0.0000
224.0000	432.0000	  5.1925	  0.0041	  0.0000
240.0000	432.0000	  5.4029	 -0.5010	  0.0000
256.0000	432.0000	  4.6749	 -0.0262	  0.0000
272.0000	432.0000	  5.2134	 -0.4773	  0.0000
288.0000	432.0000	  5.9929	 -0.1116	  0.0000
304.0000	432.0000	  4.4465	 -0.5407	  0.0000
320.0000	432.0000	  5.4051	  0.0249	  0.0000
336.0000	432.0000	  4.7918	 -0.4654	  0.0000
352.0000	432.0000	  4.2316	 -0.3110	  0.0000
368.0000	432.0000	  5.3709	 -0.1349	  0.0000
384.0000	432.0000	  4.7520	  0.0250	  0.0000
400.0000	432.0000	  4.6840	 -0.2334	  0.0000
416.0000	432.0000	  4.8698	  0.0342	  0.0000
432.0000	432.0000	  4.4701	 -0.2142	  0.0000
448.0000	432.0000	  4.0840	 -0.0491	  0.0000
464.0000	432.0000	  4.9460	 -0.0611	  0.0000
480.0000	432.0000	  4.5607	  0.0071	  0.0000
496.0000	432.0000	  4.3344	  0.0772	  0.0000
 16.0000	416.0000	  7.4124	 -0.0303	  0.0000
 32.0000	416.0000	  7.2443	 -0.0267	  0.0000
 48.0000	416.0000	  7.2596	  0.0011	  0.0000
 64.0000	416.0000	  7.4569	 -0.0101	  0.0000
 80.0000	416.0000	  7.0948	 -0.0287	  0.0000
 96.0000	416.0000	  8.1107	 -0.0806	  0.0000
112.0000	416.0000	  6.4651	 -0.0665	  0.0000
128.0000	416.0000	  6.6961	 -0.0444	  0.0000
144.0000	416.0000	  6.9600	 -0.0072	  0.0000
160.0000	416.0000	  8.0556	 -0.0748	  0.0000
176.0000	416.0000	  7.1368	 -0.0017	  0.0000
192.0000	416.0000	  7.3553	 -0.0300	  0.0000
208.0000	416.0000	  7.2695	  0.0354	  0.0000
224.0000	416.0000	  7.3153	 -0.9145	  0.0000
240.0000	416.0000	  7.3670	 -0.2425	  1.0000
256.0000	416.0000	  7.9277	 -0.1059	  0.0000
272.0000	416.0000	  6.9553	  0.0149	  0.0000
288.0000	416.0000	  7.1233	 -0.9361	  0.0000
304.0000	416.0000	  7.1465	  0.0123	  0.0000
320.0000	416.0000	  5.7918	 -0.0383	  0.0000
336.0000	416.0000	  6.5118	 -0.5151	  0.0000
352.0000	416.0000	  7.7605	 -0.1370	  0.0000
368.0000	416.0000	  7.3686	 -0.5499	  0.0000
384.0000	416.0000	  7.6803	 -0.0530	  0.0000
400.0000	416.0000	  6.8135	  0.0025	  0.0000
416.0000	416.0000	  7.0094	 -0.9679	  0.0000
432.0000	416.0000	  6.6109	 -0.0030	  0.0000
448.0000	416.0000	  7.6116	 -0.9466	  0.0000
464.0000	416.0000	  7.5694	 -0.0001	  0.0000
480.0000	416.0000	  7.3479	 -0.9503	  0.0000
496.0000	416.0000	  6.1875	 -0.0013	  0.0000
 16.0000	400.0000	  7.7508	  0.0004	  0.0000
 32.0000	400.0000	  7.8466	  0.0021	  0.0000
 48.0000	400.0000	  9.0551	 -0.0088	  0.0000
 64.0000	400.0000	  8.8476	  0.0226	  0.0000
 80.0000	400.0000	  8.8880	 -0.0361	  0.0000
 96.0000	400.0000	  8.8023	 -0.0183	  0.0000
112.0000	400.0000	  9.5330	 -0.0415	  0.0000
128.0000	400.0000	  8.1322	 -0.0007	  0.0000
144.0000	400.0000	  8.3531	 -0.0634	  0.0000
160.0000	400.0000	  8.5216	 -0.0486	  0.0000
176.0000	400.0000	  8.9581	 -0.1420	  0.0000
192.0000	400.0000	  8.7513	 -0.0021	  0.0000
208.0000	400.0000	  9.0440	 -0.2659	  0.0000
224.0000	400.0000	  7.6928	 -0.0013	  0.0000
240.0000	400.0000	  8.4695	 -0.5133	  0.0000
256.0000	400.0000	  8.6684	  0.0063	  0.0000
272.0000	400.0000	  8.6775	 -0.5338	  0.0000
288.0000	400.0000	  8.1298	 -0.0701	  0.0000
304.0000	400.0000	  7.9982	 -0.4525	  0.0000
320.0000	400.0000	  9.3439	 -0.0049	  0.0000
336.0000	400.0000	  9.5433	 -0.4848	  0.0000
352.0000	400.0000	  7.8101	 -0.5060	  0.0000
368.0000	400.0000	  8.6279	 -0.3114	  0.0000
384.0000	400.0000	  7.8828	 -0.0180	  0.0000
400.0000	400.0000	  8.2663	 -0.2966	  0.0000
416.0000	400.0000	  9.0312	  0.0710	  0.0000
432.0000	400.0000	  8.6212	 -0.5070	  0.0000
448.0000	400.0000	  8.0030	 -0.0002	  0.0000
464.0000	400.0000	  7.9408	 -0.1729	  0.0000
480.0000	400.0000	  7.6644	  0.0467	  0.0000
496.0000	400.0000	  7.8807	  0.0038	  0.0000
 16.0000	384.0000	 11.1622	 -0.0321	  0.0000
 32.0000	384.0000	 10.8968	 -0.0245	  0.0000
 48.0000	384.0000	  9.4480	  0.0140	  0.0000
 64.0000	384.0000	 10.1392	 -0.0555	  0.0000
 80.0000	384.0000	 10.1388	  0.0022	  0.0000
 96.0000	384.0000	 10.3493	 -0.0035	  0.0000
112.0000	384.0000	 10.2715	  0.0002	  0.0000
128.0000	384.0000	  9.5273	 -0.1009	  0.0000
144.0000	384.0000	  9.8491	  0.0197	  0.0000
160.0000	384.0000	 10.3959	 -0.0141	  0.0000
176.0000	384.0000	 10.5000	  0.0000	  0.0000
192.0000	384.0000	 10.2422	 -0.0699	  0.0000
208.0000	384.0000	  9.7604	  0.0100	  0.0000
224.0000	384.0000	 10.7283	  0.0156	  0.0000
240.0000	384.0000	 10.9173	  0.1313	  0.0000
256.0000	384.0000	  9.6731	 -0.9507	  0.0000
272.0000	384.0000	 10.1076	  0.0073	  0.0000
288.0000	384.0000	 10.2367	 -1.0121	  0.0000
304.0000	384.0000	 10.4445	 -0.1188	  0.0000
320.0000	384.0000	 10.1994	 -0.8747	  0.0000
336.0000	384.0000	  9.2642	 -0.0259	  0.0000
352.0000	384.0000	 10.5451	 -0.8664	  0.0000
368.0000	384.0000	 10.9128	  0.0075	  0.0000
384.0000	384.0000	 10.4510	 -0.0720	  0.0000
400.0000	384.0000	 10.4700	 -0.0478	  0.0000
416.0000	384.0000	 10.2044	 -0.8507	  0.0000
432.0000	384.0000	 10.1873	  0.0812	  0.0000
448.0000	384.0000	 10.7106	 -0.8819	  0.0000
464.0000	384.0000	  9.7363	  0.0176	  0.0000
480.0000	384.0000	  9.8415	 -0.9937	  0.0000
496.0000	384.0000	 10.3853	 -0.2436	  1.0000
 16.0000	368.0000	 10.9235	 -0.0006	  0.0000
 32.0000	368.0000	 11.0399	  0.0024	  0.0000
 48.0000	368.0000	 10.9222	  0.0188	  0.0000
 64.0000	368.0000	 10.6181	  0.0044	  0.0000
 80.0000	368.0000	 11.3748	  0.0093	  0.0000
 96.0000	368.0000	 11.2528	  0.0202	  0.0000
112.0000	368.0000	 12.1481	 -0.0457	  0.0000
128.0000	368.0000	 11.8746	 -0.0010	  0.0000
144.0000	368.0000	 11.5947	 -0.0601	  0.0000
160.0000	368.0000	 11.1882	 -0.0339	  0.0000
176.0000	368.0000	 12.3704	 -0.0860	  0.0000
192.0000	368.0000	 11.9502	 -0.0383	  0.0000
208.0000	368.0000	 11.6678	 -0.0395	  0.0000
224.0000	368.0000	 11.0156	 -0.0296	  0.0000
240.0000	368.0000	 11.7752	 -0.2996	  0.0000
256.0000	368.0000	 11.5608	  0.0810	  0.0000
272.0000	368.0000	 12.2454	 -0.4845	  0.0000
288.0000	368.0000	 11.3681	  0.0374	  0.0000
304.0000	368.0000	 11.5469	 -0.4267	  0.0000
320.0000	368.0000	 11.6120	  0.0333	  0.0000
336.0000	368.0000	 11.4505	 -0.3998	  0.0000
352.0000	368.0000	 11.3614	 -0.0135	  0.0000
368.0000	368.0000	 11.4297	 -0.2983	  0.0000
384.0000	368.0000	 11.1241	 -0.0267	  0.0000
400.0000	368.0000	 11.5961	 -0.2534	  0.0000
416.0000	368.0000	 11.0810	  0.0158	  0.0000
432.0000	368.0000	 11.5177	 -0.4631	  0.0000
448.0000	368.0000	 11.5520	 -0.0076	  0.0000
464.0000	368.0000	 12.2536	 -0.1663	  0.0000
480.0000	368.0000	 11.2144	  0.0356	  0.0000
496.0000	368.0000	 12.0000	  0.0000	  0.0000
 16.0000	352.0000	 12.8384	 -0.0393	  0.0000
 32.0000	352.0000	 12.4973	 -0.1255	  0.0000
 48.0000	352.0000	 12.6989	  0.0161	  0.0000
 64.0000	352.0000	 12.9017	 -0.9707	  0.0000
 80.0000	352.0000	 12.3436	  0.0109	  0.0000
 96.0000	352.0000	 13.0610	 -0.0206	  0.0000
112.0000	352.0000	 12.1898	 -0.0449	  0.0000
128.0000	352.0000	 12.9932	 -0.1588	  0.0000
144.0000	352.0000	 11.9577	 -0.0103	  0.0000
160.0000	352.0000	 12.2088	 -0.0058	  0.0000
176.0000	352.0000	 12.4439	  0.0139	  0.0000
192.0000	352.0000	 13.0450	 -0.9354	  0.0000
208.0000	352.0000	 12.7342	  0.0042	  0.0000
224.0000	352.0000	 12.9655	 -0.0104	  0.0000
240.0000	352.0000	 13.0695	  0.0155	  0.0000
256.0000	352.0000	 12.6814	  0.0488	  0.0000
272.0000	352.0000	 12.4147	  0.0237	  0.0000
288.0000	352.0000	 13.0667	 -0.9561	  0.0000
304.0000	352.0000	 12.2539	  0.0048	  0.0000
320.0000	352.0000	 12.9790	 -0.9024	  0.0000
336.0000	352.0000	 12.4152	  0.0160	  0.0000
352.0000	352.0000	 13.3278	 -0.9942	  0.0000
368.0000	352.0000	 12.1160	  0.0555	  0.0000
384.0000	352.0000	 12.5576	  0.0004	  0.0000
400.0000	352.0000	 12.6560	  0.0050	  0.0000
416.0000	352.0000	 13.5633	 -0.9533	  0.0000
432.0000	352.0000	 12.3331	  0.0085	  0.0000
448.0000	352.0000	 13.4518	 -0.5750	  0.0000
464.0000	352.0000	 12.7279	 -0.0239	  0.0000
480.0000	352.0000	 12.8459	 -0.8729	  0.0000
496.0000	352.0000	 12.7989	  0.0183	  0.0000
 16.0000	336.0000	 13.0000	  0.0000	  0.0000
 32.0000	336.0000	 13.3923	 -0.0087	  0.0000
 48.0000	336.0000	 13.5507	 -0.4579	  0.0000
 64.0000	336.0000	 13.1425	 -0.0002	  0.0000
 80.0000	336.0000	 13.2492	 -0.2279	  0.0000
 96.0000	336.0000	 12.7993	 -0.0016	  0.0000
112.0000	336.0000	 13.4299	 -0.2305	  0.0000
128.0000	336.0000	 13.3510	  0.0096	  0.0000
144.0000	336.0000	 14.2349	 -0.2450	  0.0000
160.0000	336.0000	 13.5486	  0.0050	  0.0000
176.0000	336.0000	 13.2164	 -0.8336	  0.0000
192.0000	336.0000	 13.4284	  0.0025	  0.0000
208.0000	336.0000	 13.3630	  0.0040	  0.0000
224.0000	336.0000	 13.4343	 -0.0389	  0.0000
240.0000	336.0000	 14.2551	 -0.0428	  0.0000
256.0000	336.0000	 13.8319	 -0.0039	  0.0000
272.0000	336.0000	 14.2872	 -0.2397	  0.0000
288.0000	336.0000	 13.3895	  0.0057	  0.0000
304.0000	336.0000	 13.8858	 -0.1922	  0.0000
320.0000	336.0000	 13.5160	  0.0733	  0.0000
336.0000	336.0000	 13.7826	 -0.2478	  0.0000
352.0000	336.0000	 13.8435	 -0.0046	  0.0000
368.0000	336.0000	 13.5783	 -0.2928	  0.0000
384.0000	336.0000	 13.2968	 -0.0205	  0.0000
400.0000	336.0000	 13.7852	 -0.2796	  0.0000
416.0000	336.0000	 13.2135	 -0.0208	  0.0000
432.0000	336.0000	 13.5767	 -0.4856	  0.0000
448.0000	336.0000	 13.1471	  0.0156	  0.0000
464.0000	336.0000	 13.5849	 -0.2381	  0.0000
480.0000	336.0000	 13.6954	  0.0000	  0.0000
496.0000	336.0000	 12.5000	  0.0000	  0.0000
 16.0000	320.0000	 14.8862	 -0.9270	  0.0000
 32.0000	320.0000	 14.8602	 -0.9393	  0.0000
 48.0000	320.0000	 14.2099	 -0.0014	  0.0000
 64.0000	320.0000	 13.9905	 -0.8834	  0.0000
 80.0000	320.0000	 14.1070	  0.0262	  0.0000
 96.0000	320.0000	 14.1139	 -0.9404	  0.0000
112.0000	320.0000	 14.4027	  0.0008	  0.0000
128.0000	320.0000	 14.8573	 -0.9421	  0.0000
144.0000	320.0000	 14.1094	 -0.0012	  0.0000
160.0000	320.0000	 14.3827	 -0.9938	  0.0000
176.0000	320.0000	 14.2009	  0.0027	  0.0000
192.0000	320.0000	 14.4418	 -0.8691	  0.0000
208.0000	320.0000	 14.0533	  0.0029	  0.0000
224.0000	320.0000	 14.4944	 -0.9533	  0.0000
240.0000	320.0000	 14.1727	  0.0160	  0.0000
256.0000	320.0000	 14.9407	  0.0146	  0.0000
272.0000	320.0000	 13.7913	  0.0042	  0.0000
288.0000	320.0000	 13.9551	 -0.0150	  0.0000
304.0000	320.0000	 14.4066	 -0.0208	  0.0000
320.0000	320.0000	 15.0728	 -0.0492	  0.0000
336.0000	320.0000	 13.9236	 -0.0021	  0.0000
352.0000	320.0000	 14.6405	 -0.0297	  0.0000
368.0000	320.0000	 14.0127	 -0.0007	  0.0000
384.0000	320.0000	 14.2355	  0.0010	  0.0000
400.0000	320.0000	 14.0698	  0.0168	  0.0000
416.0000	320.0000	 14.1743	 -0.8679	  0.0000
432.0000	320.0000	 14.2405	 -0.0109	  0.0000
448.0000	320.0000	 14.2459	 -1.0086	  0.0000
464.0000	320.0000	 14.4624	 -0.0057	  0.0000
480.0000	320.0000	 14.8197	 -0.0166	  0.0000
496.0000	320.0000	 14.1546	  0.0011	  0.0000
 16.0000	304.0000	 14.4857	  0.0009	  0.0000
 32.0000	304.0000	 14.5089	 -0.0005	  0.0000
 48.0000	304.0000	 15.7128	 -0.4634	  0.0000
 64.0000	304.0000	 14.8207	  0.0451	  0.0000
 80.0000	304.0000	 15.3185	 -0.5014	  0.0000
 96.0000	304.0000	 15.0568	 -0.0022	  0.0000
112.0000	304.0000	 15.6509	 -0.4793	  0.0000
128.0000	304.0000	 15.2417	 -0.0016	  0.0000
144.0000	304.0000	 14.6942	 -0.4559	  0.0000
160.0000	304.0000	 14.8444	 -0.0104	  0.0000
176.0000	304.0000	 15.5043	 -0.2333	  0.0000
192.0000	304.0000	 15.0819	 -0.0026	  0.0000
208.0000	304.0000	 15.6018	  0.0015	  0.0000
224.0000	304.0000	 15.0716	  0.0031	  0.0000
240.0000	304.0000	 14.5712	 -0.0205	  0.0000
256.0000	304.0000	 14.5000	  0.0000	  0.0000
272.0000	304.0000	 14.7001	 -0.0081	  0.0000
288.0000	304.0000	 15.4685	 -0.0028	  0.0000
304.0000	304.0000	 14.9585	 -0.0417	  0.0000
320.0000	304.0000	 15.0265	  0.0174	  0.0000
336.0000	304.0000	 15.2526	  0.0027	  0.0000
352.0000	304.0000	 14.6504	  0.0237	  0.0000
368.0000	304.0000	 15.6751	  0.0067	  0.0000
384.0000	304.0000	 15.0864	  0.0031	  0.0000
400.0000	304.0000	 15.3194	 -0.8258	  0.0000
416.0000	304.0000	 15.0305	  0.0311	  0.0000
432.0000	304.0000	 15.4181	 -0.2246	  0.0000
448.0000	304.0000	 15.0388	  0.0029	  0.0000
464.0000	304.0000	 15.1085	 -0.2456	  0.0000
480.0000	304.0000	 14.5365	 -0.0019	  0.0000
496.0000	304.0000	 14.0000	  0.0000	  0.0000
 16.0000	288.0000	 15.8653	 -0.8620	  0.0000
 32.0000	288.0000	 15.8728	 -0.9471	  0.0000
 48.0000	288.0000	 15.1746	  0.0147	  0.0000
 64.0000	288.0000	 15.6698	 -0.0408	  0.0000
 80.0000	288.0000	 15.1349	 -0.0162	  0.0000
 96.0000	288.0000	 15.8058	 -0.9909	  0.0000
112.0000	288.0000	 15.0185	  0.0001	  0.0000
128.0000	288.0000	 15.5346	 -0.0061	  0.0000
144.0000	288.0000	 15.0623	 -0.0034	  0.0000
160.0000	288.0000	 15.9508	 -0.9273	  0.0000
176.0000	288.0000	 15.1411	 -0.0085	  0.0000
192.0000	288.0000	 15.6321	 -0.0099	  0.0000
208.0000	288.0000	 15.1637	 -0.0059	  0.0000
224.0000	288.0000	 15.7347	 -0.0254	  0.0000
240.0000	288.0000	 15.2168	 -0.0076	  0.0000
256.0000	288.0000	 15.6309	 -0.0308	  0.0000
272.0000	288.0000	 15.1207	 -0.0049	  0.0000
288.0000	288.0000	 15.7474	 -0.9895	  0.0000
304.0000	288.0000	 15.8132	 -0.0004	  0.0000
320.0000	288.0000	 15.4440	  0.0067	  0.0000
336.0000	288.0000	 15.5641	  0.0229	  0.0000
352.0000	288.0000	 15.7235	 -0.9735	  0.0000
368.0000	288.0000	 15.0461	  0.0078	  0.0000
384.0000	288.0000	 15.4137	 -0.9691	  0.0000
400.0000	288.0000	 15.0778	 -0.0031	  0.0000
416.0000	288.0000	 15.4760	 -0.8104	  0.0000
432.0000	288.0000	 14.9815	  0.0113	  0.0000
448.0000	288.0000	 15.6232	 -0.8508	  0.0000
464.0000	288.0000	 15.1781	 -0.0052	  0.0000
480.0000	288.0000	 15.2742	 -0.7578	  0.0000
496.0000	288.0000	 15.3397	  0.0807	  0.0000
 16.0000	272.0000	 15.3163	 -0.0016	  0.0000
 32.0000	272.0000	 15.3176	  0.0115	  0.0000
 48.0000	272.0000	 15.9395	 -0.4704	  0.0000
 64.0000	272.0000	 15.3177	 -0.0152	  0.0000
 80.0000	272.0000	 15.7253	 -0.5216	  0.0000
 96.0000	272.0000	 15.2912	  0.0133	  0.0000
112.0000	272.0000	 15.8562	 -0.2639	  0.0000
128.0000	272.0000	 15.4194	 -0.0149	  0.0000
144.0000	272.0000	 15.9434	 -0.2330	  0.0000
160.0000	272.0000	 15.4161	 -0.0046	  0.0000
176.0000	272.0000	 15.8965	 -0.2484	  0.0000
192.0000	272.0000	 15.3082	 -0.0077	  0.0000
208.0000	272.0000	 15.8804	 -0.0284	  0.0000
224.0000	272.0000	 15.3339	 -0.0062	  0.0000
240.0000	272.0000	 16.0878	 -0.0457	  0.0000
256.0000	272.0000	 15.8599	 -0.0277	  0.0000
272.0000	272.0000	 15.9165	 -0.0207	  0.0000
288.0000	272.0000	 15.3372	  0.0354	  0.0000
304.0000	272.0000	 15.7387	  0.0050	  0.0000
320.0000	272.0000	 15.7332	 -0.0382	  0.0000
336.0000	272.0000	 15.5183	 -0.8335	  0.0000
352.0000	272.0000	 15.2103	  0.0036	  0.0000
368.0000	272.0000	 15.7630	 -0.2335	  0.0000
384.0000	272.0000	 15.3895	 -0.0047	  0.0000
400.0000	272.0000	 15.8186	 -0.2622	  0.0000
416.0000	272.0000	 15.4018	 -0.0403	  0.0000
432.0000	272.0000	 15.7798	 -0.2429	  0.0000
448.0000	272.0000	 15.3849	  0.0183	  0.0000
464.0000	272.0000	 15.6397	 -0.2295	  0.0000
480.0000	272.0000	 15.3767	  0.0417	  0.0000
496.0000	272.0000	 15.3932	  0.0807	  0.0000
 16.0000	256.0000	 15.8279	 -0.9769	  0.0000
 32.0000	256.0000	 15.8910	 -0.9557	  0.0000
 48.0000	256.0000	 15.3878	  0.0196	  0.0000
 64.0000	256.0000	 15.8676	 -0.9767	  0.0000
 80.0000	256.0000	 15.2981	 -0.0019	  0.0000
 96.0000	256.0000	 15.8073	 -0.0095	  0.0000
112.0000	256.0000	 15.3942	 -0.0103	  0.0000
128.0000	256.0000	 15.9012	 -0.0239	  0.0000
144.0000	256.0000	 15.4275	 -0.0043	  0.0000
160.0000	256.0000	 15.7795	 -0.0121	  0.0000
176.0000	256.0000	 15.4386	 -0.0118	  0.0000
192.0000	256.0000	 15.8015	 -0.0319	  0.0000
208.0000	256.0000	 15.4360	 -0.0168	  0.0000
224.0000	256.0000	 16.3011	 -0.0311	  0.0000
240.0000	256.0000	 15.9459	 -0.1149	  0.0000
256.0000	256.0000	 16.2813	 -0.0474	  0.0000
272.0000	256.0000	 15.7787	 -0.0019	  0.0000
288.0000	256.0000	 16.1993	  0.0203	  0.0000
304.0000	256.0000	 15.3901	  0.0102	  0.0000
320.0000	256.0000	 15.8789	 -1.0059	  0.0000
336.0000	256.0000	 15.4303	 -0.0086	  0.0000
352.0000	256.0000	 15.6386	 -0.7531	  0.0000
368.0000	256.0000	 15.4004	  0.0029	  0.0000
384.0000	256.0000	 15.7156	 -0.9675	  0.0000
400.0000	256.0000	 15.4875	 -0.0128	  0.0000
416.0000	256.0000	 15.8161	 -0.0658	  0.0000
432.0000	256.0000	 15.4692	 -0.0237	  0.0000
448.0000	256.0000	 15.8772	 -0.9453	  0.0000
464.0000	256.0000	 15.3936	 -0.0036	  0.0000
480.0000	256.0000	 15.7230	 -0.7348	  0.0000
496.0000	256.0000	 15.4486	  0.0181	  0.0000
 16.0000	240.0000	 15.3153	  0.0201	  0.0000
 32.0000	240.0000	 15.3588	  0.0152	  0.0000
 48.0000	240.0000	 15.8650	 -0.4918	  0.0000
 64.0000	240.0000	 15.3402	 -0.0145	  0.0000
 80.0000	240.0000	 15.9075	 -0.2568	  0.0000
 96.0000	240.0000	 15.9121	 -0.0006	  0.0000
112.0000	240.0000	 15.9521	 -0.0097	  0.0000
128.0000	240.0000	 15.2716	 -0.0007	  0.0000
144.0000	240.0000	 16.0068	 -0.0157	  0.0000
160.0000	240.0000	 15.7886	 -0.0135	  0.0000
176.0000	240.0000	 15.9929	 -0.0268	  0.0000
192.0000	240.0000	 15.2571	 -0.0164	  0.0000
208.0000	240.0000	 16.0013	 -0.0463	  0.0000
224.0000	240.0000	 15.2501	  0.0011	  0.0000
240.0000	240.0000	 16.1635	 -0.0746	  0.0000
256.0000	240.0000	 15.9362	 -0.0329	  0.0000
272.0000	240.0000	 16.0141	 -0.0455	  0.0000
288.0000	240.0000	 15.3871	 -0.0202	  0.0000
304.0000	240.0000	 15.9058	 -0.0075	  0.0000
320.0000	240.0000	 15.4327	 -0.0017	  0.0000
336.0000	240.0000	 15.9338	 -0.0135	  0.0000
352.0000	240.0000	 15.2345	 -0.0166	  0.0000
368.0000	240.0000	 15.7717	 -0.2371	  0.0000
384.0000	240.0000	 15.3044	  0.0166	  0.0000
400.0000	240.0000	 15.7699	 -0.2382	  0.0000
416.0000	240.0000	 15.3754	  0.0125	  0.0000
432.0000	240.0000	 15.9753	 -0.2525	  0.0000
448.0000	240.0000	 15.4036	 -0.0090	  0.0000
464.0000	240.0000	 15.7092	 -0.2604	  0.0000
480.0000	240.0000	 15.3705	 -0.0313	  0.0000
496.0000	240.0000	 15.0000	  0.0000	  0.0000
 16.0000	224.0000	 15.7239	 -0.7680	  0.0000
 32.0000	224.0000	 15.7531	 -0.8864	  0.0000
 48.0000	224.0000	 15.2258	 -0.0173	  0.0000
 64.0000	224.0000	 15.8365	 -0.0179	  0.0000
 80.0000	224.0000	 15.6224	 -0.0035	  0.0000
 96.0000	224.0000	 15.2604	 -0.0126	  0.0000
112.0000	224.0000	 15.7376	 -0.0017	  0.0000
128.0000	224.0000	 15.8975	 -0.0056	  0.0000
144.0000	224.0000	 15.7195	 -0.0005	  0.0000
160.0000	224.0000	 15.3719	 -0.0165	  0.0000
176.0000	224.0000	 15.6440	  0.0018	  0.0000
192.0000	224.0000	 15.7413	 -0.0138	  0.0000
208.0000	224.0000	 14.9691	 -0.0003	  0.0000
224.0000	224.0000	 15.4201	 -0.0345	  0.0000
240.0000	224.0000	 14.9861	  0.0036	  0.0000
256.0000	224.0000	 15.2878	 -0.0271	  0.0000
272.0000	224.0000	 15.1280	 -0.0081	  0.0000
288.0000	224.0000	 15.6294	 -0.0444	  0.0000
304.0000	224.0000	 14.9968	  0.0001	  0.0000
320.0000	224.0000	 15.5795	  0.0015	  0.0000
336.0000	224.0000	 14.9659	  0.0033	  0.0000
352.0000	224.0000	 15.7945	 -0.0190	  0.0000
368.0000	224.0000	 15.0782	  0.0088	  0.0000
384.0000	224.0000	 15.7749	 -0.8971	  0.0000
400.0000	224.0000	 15.0606	  0.0026	  0.0000
416.0000	224.0000	 15.8139	  0.0010	  0.0000
432.0000	224.0000	 15.0821	  0.0210	  0.0000
448.0000	224.0000	 15.7562	  0.0049	  0.0000
464.0000	224.0000	 15.1375	 -0.0009	  0.0000
480.0000	224.0000	 15.1801	 -0.0167	  0.0000
496.0000	224.0000	 14.7646	  0.0004	  0.0000
 16.0000	208.0000	 15.3019	  0.0195	  0.0000
 32.0000	208.0000	 15.1162	  0.0147	  0.0000
 48.0000	208.0000	 14.5883	  0.0021	  0.0000
 64.0000	208.0000	 15.1012	 -0.0072	  0.0000
 80.0000	208.0000	 14.8998	 -0.0162	  0.0000
 96.0000	208.0000	 14.8750	  0.0022	  0.0000
112.0000	208.0000	 15.1493	 -0.0056	  0.0000
128.0000	208.0000	 15.2024	 -0.0173	  0.0000
144.0000	208.0000	 14.8390	 -0.0261	  0.0000
160.0000	208.0000	 15.3543	  0.0030	  0.0000
176.0000	208.0000	 14.7505	 -0.0108	  0.0000
192.0000	208.0000	 15.1890	 -0.0003	  0.0000
208.0000	208.0000	 14.9148	 -0.0155	  0.0000
224.0000	208.0000	 15.1033	  0.0036	  0.0000
240.0000	208.0000	 15.5429	 -0.0380	  0.0000
256.0000	208.0000	 15.1029	 -0.0298	  0.0000
272.0000	208.0000	 15.2039	  0.0170	  0.0000
288.0000	208.0000	 14.6152	 -0.0496	  0.0000
304.0000	208.0000	 15.7730	 -0.0208	  0.0000
320.0000	208.0000	 15.3461	  0.0001	  0.0000
336.0000	208.0000	 14.7385	 -0.0019	  0.0000
352.0000	208.0000	 14.5000	  0.0000	  0.0000
368.0000	208.0000	 15.4748	 -0.0394	  0.0000
384.0000	208.0000	 14.9804	 -0.0273	  0.0000
400.0000	208.0000	 14.7500	 -0.0071	  0.0000
416.0000	208.0000	 15.3776	  0.0002	  0.0000
432.0000	208.0000	 15.7684	 -0.2355	  0.0000
448.0000	208.0000	 15.1347	 -0.0049	  0.0000
464.0000	208.0000	 15.6131	 -0.2342	  0.0000
480.0000	208.0000	 14.7204	 -0.0135	  0.0000
496.0000	208.0000	 14.6831	 -0.0288	  0.0000
 16.0000	192.0000	 14.4325	 -0.0658	  0.0000
 32.0000	192.0000	 14.3670	 -0.0651	  0.0000
 48.0000	192.0000	 13.9133	 -0.0122	  0.0000
 64.0000	192.0000	 14.1334	 -0.0428	  0.0000
 80.0000	192.0000	 13.8409	 -0.0000	  0.0000
 96.0000	192.0000	 13.9538	 -0.0054	  0.0000
112.0000	192.0000	 13.7261	  0.0045	  0.0000
128.0000	192.0000	 15.1375	 -0.9339	  0.0000
144.0000	192.0000	 14.3992	  0.0270	  0.0000
160.0000	192.0000	 14.4928	 -0.8881	  0.0000
176.0000	192.0000	 14.0322	  0.0201	  0.0000
192.0000	192.0000	 14.3891	 -0.0201	  0.0000
208.0000	192.0000	 13.8818	  0.0004	  0.0000
224.0000	192.0000	 14.4130	 -0.9655	  0.0000
240.0000	192.0000	 13.9502	  0.0129	  0.0000
256.0000	192.0000	 14.7361	  0.0042	  0.0000
272.0000	192.0000	 14.3144	  0.0218	  0.0000
288.0000	192.0000	 14.3119	  0.0288	  0.0000
304.0000	192.0000	 14.3338	  0.0187	  0.0000
320.0000	192.0000	 14.9232	 -0.0263	  0.0000
336.0000	192.0000	 14.0315	 -0.0025	  0.0000
352.0000	192.0000	 14.0157	 -0.0090	  0.0000
368.0000	192.0000	 14.1518	  0.0000	  0.0000
384.0000	192.0000	 14.4961	 -0.0253	  0.0000
400.0000	192.0000	 13.8262	  0.0075	  0.0000
416.0000	192.0000	 13.9798	 -0.0336	  0.0000
432.0000	192.0000	 13.9377	 -0.0382	  0.0000
448.0000	192.0000	 14.2919	 -0.9173	  0.0000
464.0000	192.0000	 14.3168	 -0.0063	  0.0000
480.0000	192.0000	 14.7679	  0.0405	  0.0000
496.0000	192.0000	 13.9657	 -0.0016	  0.0000
 16.0000	176.0000	 13.8159	 -0.0062	  0.0000
 32.0000	176.0000	 13.5920	 -0.0019	  0.0000
 48.0000	176.0000	 14.0133	 -0.0111	  0.0000
 64.0000	176.0000	 13.1209	 -0.0073	  0.0000
 80.0000	176.0000	 13.7722	 -0.2529	  0.0000
 96.0000	176.0000	 13.7487	  0.0019	  0.0000
112.0000	176.0000	 13.8666	 -0.2433	  0.0000
128.0000	176.0000	 12.8815	  0.0043	  0.0000
144.0000	176.0000	 13.4084	 -0.2477	  0.0000
160.0000	176.0000	 13.9519	 -0.0120	  0.0000
176.0000	176.0000	 13.5565	 -0.2470	  0.0000
192.0000	176.0000	 13.5424	 -0.0046	  0.0000
208.0000	176.0000	 14.3372	  0.0006	  0.0000
224.0000	176.0000	 14.1344	  0.0094	  0.0000
240.0000	176.0000	 13.8785	 -0.0379	  0.0000
256.0000	176.0000	 13.0041	  0.0157	  0.0000
272.0000	176.0000	 13.3781	 -0.0070	  0.0000
288.0000	176.0000	 13.6514	  0.0002	  0.0000
304.0000	176.0000	 13.9740	 -0.0201	  0.0000
320.0000	176.0000	 13.5146	 -0.0016	  0.0000
336.0000	176.0000	 14.2797	 -0.2518	  0.0000
352.0000	176.0000	 13.3574	  0.0043	  0.0000
368.0000	176.0000	 13.8578	 -0.2461	  0.0000
384.0000	176.0000	 13.4309	 -0.0019	  0.0000
400.0000	176.0000	 14.0804	 -0.2306	  0.0000
416.0000	176.0000	 13.5804	 -0.0340	  0.0000
432.0000	176.0000	 14.3759	 -0.4920	  0.0000
448.0000	176.0000	 13.9018	 -0.0243	  0.0000
464.0000	176.0000	 13.6133	 -0.2534	  0.0000
480.0000	176.0000	 13.4721	 -0.0092	  0.0000
496.0000	176.0000	 13.4257	 -0.0485	  0.0000
 16.0000	160.0000	 12.6219	 -0.9590	  0.0000
 32.0000	160.0000	 12.7968	 -0.9868	  0.0000
 48.0000	160.0000	 13.0042	 -0.0689	  0.0000
 64.0000	160.0000	 13.0961	 -0.8447	  0.0000
 80.0000	160.0000	 12.7680	  0.0074	  0.0000
 96.0000	160.0000	 12.0905	 -0.9473	  0.0000
112.0000	160.0000	 12.1118	  0.0534	  0.0000
128.0000	160.0000	 12.4605	 -0.8461	  0.0000
144.0000	160.0000	 12.2024	 -0.0073	  0.0000
160.0000	160.0000	 11.9413	 -0.9977	  0.0000
176.0000	160.0000	 11.9082	  0.0063	  0.0000
192.0000	160.0000	 12.8993	 -0.3415	  0.0000
208.0000	160.0000	 12.2980	  0.0610	  0.0000
224.0000	160.0000	 12.1122	 -0.0202	  0.0000
240.0000	160.0000	 13.0558	 -0.0294	  0.0000
256.0000	160.0000	 12.6332	 -0.0430	  0.0000
272.0000	160.0000	 12.1191	 -0.0037	  0.0000
288.0000	160.0000	 13.0817	 -0.0297	  0.0000
304.0000	160.0000	 12.0221	  0.0082	  0.0000
320.0000	160.0000	 12.7514	 -0.0141	  0.0000
336.0000	160.0000	 11.9354	 -0.0000	  0.0000
352.0000	160.0000	 13.1609	 -0.9552	  0.0000
368.0000	160.0000	 12.3266	  0.0009	  0.0000
384.0000	160.0000	 12.9863	 -0.0022	  0.0000
400.0000	160.0000	 12.1561	  0.0340	  0.0000
416.0000	160.0000	 12.8436	 -0.9061	  0.0000
432.0000	160.0000	 12.5843	 -0.0035	  0.0000
448.0000	160.0000	 12.7984	 -0.9803	  0.0000
464.0000	160.0000	 12.8191	 -0.0006	  0.0000
480.0000	160.0000	 12.1148	  0.0017	  0.0000
496.0000	160.0000	 11.9640	  0.0092	  0.0000
 16.0000	144.0000	 11.9572	  0.0355	  0.0000
 32.0000	144.0000	 11.7867	  0.0226	  0.0000
 48.0000	144.0000	 11.9270	 -0.3444	  0.0000
 64.0000	144.0000	 11.2036	  0.0832	  0.0000
 80.0000	144.0000	 11.8102	 -0.4764	  0.0000
 96.0000	144.0000	 11.5658	 -0.0282	  0.0000
112.0000	144.0000	 11.4750	 -0.4831	  0.0000
128.0000	144.0000	 10.9989	 -0.0018	  0.0000
144.0000	144.0000	 11.4795	 -0.4685	  0.0000
160.0000	144.0000	 11.0627	  0.0068	  0.0000
176.0000	144.0000	 10.8020	 -0.5556	  0.0000
192.0000	144.0000	 11.5002	 -0.6082	  0.0000
208.0000	144.0000	 11.8243	 -0.1437	  0.0000
224.0000	144.0000	 11.1597	  0.0099	  0.0000
240.0000	144.0000	 10.9787	 -0.0037	  0.0000
256.0000	144.0000	 10.8473	 -0.0218	  0.0000
272.0000	144.0000	 11.6397	 -0.9597	  0.0000
288.0000	144.0000	 11.3407	  0.0285	  0.0000
304.0000	144.0000	 11.9277	 -0.2313	  0.0000
320.0000	144.0000	 11.7323	 -0.0001	  0.0000
336.0000	144.0000	 12.1362	 -0.4454	  0.0000
352.0000	144.0000	 12.4688	  0.0142	  0.0000
368.0000	144.0000	 12.7589	 -0.4511	  0.0000
384.0000	144.0000	 11.0915	  0.0258	  0.0000
400.0000	144.0000	 11.7859	 -0.4915	  0.0000
416.0000	144.0000	 11.3617	 -0.0520	  0.0000
432.0000	144.0000	 11.5566	 -0.4405	  0.0000
448.0000	144.0000	 11.5713	  0.0007	  0.0000
464.0000	144.0000	 12.3337	 -0.2071	  0.0000
480.0000	144.0000	 11.4053	 -0.0501	  0.0000
496.0000	144.0000	 11.4060	 -0.0495	  0.0000
 16.0000	128.0000	 10.0846	 -0.9740	  0.0000
 32.0000	128.0000	 10.1922	 -1.0168	  0.0000
 48.0000	128.0000	  9.8652	 -0.0922	  0.0000
 64.0000	128.0000	 10.2690	 -0.9407	  0.0000
 80.0000	128.0000	  9.4838	  0.0383	  0.0000
 96.0000	128.0000	 10.2920	 -0.8566	  0.0000
112.0000	128.0000	 10.2090	  0.0024	  0.0000
128.0000	128.0000	 10.9344	 -0.9118	  0.0000
144.0000	128.0000	  9.9828	 -0.0350	  0.0000
160.0000	128.0000	  9.8624	 -1.0197	  0.0000
176.0000	128.0000	  9.8954	 -0.5061	  0.0000
192.0000	128.0000	  9.9811	 -0.1500	  0.0000
208.0000	128.0000	  9.0953	 -0.5279	  0.0000
224.0000	128.0000	 10.2989	 -0.0065	  0.0000
240.0000	128.0000	 10.3078	  0.0187	  0.0000
256.0000	128.0000	 10.3707	 -0.9570	  0.0000
272.0000	128.0000	  9.8743	  0.0230	  0.0000
288.0000	128.0000	 10.3374	 -0.8105	  0.0000
304.0000	128.0000	  9.3613	  0.0882	  0.0000
320.0000	128.0000	  9.0263	 -0.7899	  0.0000
336.0000	128.0000	  9.7283	 -0.4230	  1.0000
352.0000	128.0000	 10.1918	 -0.9910	  0.0000
368.0000	128.0000	 10.3338	  0.0006	  0.0000
384.0000	128.0000	 10.2377	 -0.9298	  0.0000
400.0000	128.0000	  9.9989	 -0.0035	  0.0000
416.0000	128.0000	 11.3120	 -0.9629	  0.0000
432.0000	128.0000	 10.5867	  0.0048	  0.0000
448.0000	128.0000	 10.2637	 -0.8575	  0.0000
464.0000	128.0000	 10.1692	 -0.0030	  0.0000
480.0000	128.0000	 11.3493	 -0.7569	  0.0000
496.0000	128.0000	 10.1898	 -0.0100	  0.0000
 16.0000	112.0000	  9.0989	 -0.0024	  0.0000
 32.0000	112.0000	  9.2863	  0.0149	  0.0000
 48.0000	112.0000	  9.9513	 -0.4044	  0.0000
 64.0000	112.0000	  8.7608	 -0.0209	  0.0000
 80.0000	112.0000	  8.9989	 -0.1825	  0.0000
 96.0000	112.0000	  7.8746	  0.0073	  0.0000
112.0000	112.0000	  8.4806	 -0.2241	  0.0000
128.0000	112.0000	  7.3813	  0.0468	  0.0000
144.0000	112.0000	  7.7509	 -0.2255	  0.0000
160.0000	112.0000	  8.7962	  0.0276	  0.0000
176.0000	112.0000	  8.7362	 -0.2529	  0.0000
192.0000	112.0000	  8.9010	 -0.5375	  0.0000
208.0000	112.0000	  9.1048	 -0.5898	  0.0000
224.0000	112.0000	  8.5731	 -0.0089	  0.0000
240.0000	112.0000	  8.6446	 -0.2548	  0.0000
256.0000	112.0000	  9.0541	  0.0027	  0.0000
272.0000	112.0000	  9.1783	 -0.2281	  0.0000
288.0000	112.0000	  8.5745	 -0.5024	  0.0000
304.0000	112.0000	  9.0851	 -0.4398	  0.0000
320.0000	112.0000	  9.2626	  0.0276	  0.0000
336.0000	112.0000	  9.1863	 -0.4778	  0.0000
352.0000	112.0000	  8.6915	 -0.0031	  0.0000
368.0000	112.0000	  9.0031	 -0.4469	  0.0000
384.0000	112.0000	  8.5893	  0.0138	  0.0000
400.0000	112.0000	  9.1876	 -0.4378	  0.0000
416.0000	112.0000	  7.7218	 -0.3883	  0.0000
432.0000	112.0000	  8.4262	 -0.3659	  0.0000
448.0000	112.0000	  9.0558	  0.0805	  0.0000
464.0000	112.0000	  8.9433	 -0.1828	  0.0000
480.0000	112.0000	  8.5067	  0.0034	  0.0000
496.0000	112.0000	  7.9886	 -0.0355	  0.0000
 16.0000	 96.0000	  7.2368	 -0.0888	  0.0000
 32.0000	 96.0000	  7.1973	  0.0180	  0.0000
 48.0000	 96.0000	  6.7951	  0.0257	  0.0000
 64.0000	 96.0000	  8.2710	 -0.5098	  0.0000
 80.0000	 96.0000	  7.6072	  0.0004	  0.0000
 96.0000	 96.0000	  7.9487	 -0.9969	  0.0000
112.0000	 96.0000	  7.0929	 -0.0035	  0.0000
128.0000	 96.0000	  7.0389	 -0.0196	  0.0000
144.0000	 96.0000	  6.0517	 -0.0095	  0.0000
160.0000	 96.0000	  6.7995	 -0.9110	  0.0000
176.0000	 96.0000	  6.8515	  0.0022	  0.0000
192.0000	 96.0000	  6.8412	 -0.0321	  0.0000
208.0000	 96.0000	  7.2951	  0.0113	  0.0000
224.0000	 96.0000	  8.0102	 -0.9916	  0.0000
240.0000	 96.0000	  7.2661	  0.0238	  0.0000
256.0000	 96.0000	  6.6458	 -0.9319	  0.0000
272.0000	 96.0000	  7.1071	 -0.5073	  0.0000
288.0000	 96.0000	  7.1056	 -0.1757	  0.0000
304.0000	 96.0000	  7.2810	 -0.5019	  0.0000
320.0000	 96.0000	  6.6310	 -0.1560	  0.0000
336.0000	 96.0000	  6.5057	  0.0190	  0.0000
352.0000	 96.0000	  6.8678	 -0.9410	  0.0000
368.0000	 96.0000	  6.5819	  0.0164	  0.0000
384.0000	 96.0000	  6.9431	 -0.8371	  0.0000
400.0000	 96.0000	  6.1765	 -0.4792	  0.0000
416.0000	 96.0000	  7.3227	  0.0215	  0.0000
432.0000	 96.0000	  6.8101	 -0.5266	  0.0000
448.0000	 96.0000	  7.3751	 -0.9588	  0.0000
464.0000	 96.0000	  8.4522	 -0.0047	  0.0000
480.0000	 96.0000	  7.9738	 -1.0904	  0.0000
496.0000	 96.0000	  6.8981	 -0.0057	  0.0000
 16.0000	 80.0000	  5.0004	  0.0294	  0.0000
 32.0000	 80.0000	  5.5105	  0.0337	  0.0000
 48.0000	 80.0000	  5.8689	 -0.0360	  0.0000
 64.0000	 80.0000	  4.4315	  0.0138	  0.0000
 80.0000	 80.0000	  4.1938	 -0.0290	  0.0000
 96.0000	 80.0000	  4.1738	 -0.0025	  0.0000
112.0000	 80.0000	  4.2869	 -0.0675	  0.0000
128.0000	 80.0000	  5.6928	  0.0020	  0.0000
144.0000	 80.0000	  5.9335	 -0.0549	  0.0000
160.0000	 80.0000	  4.4116	 -0.0072	  0.0000
176.0000	 80.0000	  4.3879	 -0.2541	  0.0000
192.0000	 80.0000	  5.7106	  0.0104	  0.0000
208.0000	 80.0000	  6.0775	 -0.4873	  0.0000
224.0000	 80.0000	  6.1548	 -0.2434	  1.0000
240.0000	 80.0000	  6.3345	 -0.4884	  0.0000
256.0000	 80.0000	  6.4967	 -0.0083	  0.0000
272.0000	 80.0000	  6.4286	 -0.3468	  0.0000
288.0000	 80.0000	  6.2118	 -0.3183	  0.0000
304.0000	 80.0000	  5.8384	 -0.5291	  0.0000
320.0000	 80.0000	  5.5103	 -0.0210	  0.0000
336.0000	 80.0000	  5.7798	 -0.4976	  0.0000
352.0000	 80.0000	  5.8156	 -0.0224	  0.0000
368.0000	 80.0000	  6.5509	 -0.2368	  0.0000
384.0000	 80.0000	  5.2731	 -0.0167	  0.0000
400.0000	 80.0000	  5.3742	 -0.3373	  0.0000
416.0000	 80.0000	  5.0484	 -0.5733	  0.0000
432.0000	 80.0000	  5.8552	 -0.2483	  0.0000
448.0000	 80.0000	  5.6777	  0.0329	  0.0000
464.0000	 80.0000	  4.7225	 -0.0305	  0.0000
480.0000	 80.0000	  5.3304	 -0.0025	  0.0000
496.0000	 80.0000	  4.7932	  0.0589	  0.0000
 16.0000	 64.0000	  3.1358	 -0.0580	  0.0000
 32.0000	 64.0000	  3.1570	 -0.2072	  0.0000
 48.0000	 64.0000	  2.2111	 -0.0625	  0.0000
 64.0000	 64.0000	  2.6667	 -0.1880	  0.0000
 80.0000	 64.0000	  3.1291	  0.0080	  0.0000
 96.0000	 64.0000	  2.9812	 -0.1263	  0.0000
112.0000	 64.0000	  2.3049	 -0.0328	  0.0000
128.0000	 64.0000	  2.5158	 -0.1521	  0.0000
144.0000	 64.0000	  2.6841	 -0.1026	  1.0000
160.0000	 64.0000	  2.9003	 -0.1713	  0.0000
176.0000	 64.0000	  3.0154	 -0.0544	  0.0000
192.0000	 64.0000	  2.4103	 -0.9964	  0.0000
208.0000	 64.0000	  1.3639	  0.0335	  0.0000
224.0000	 64.0000	  2.3059	 -0.8668	  0.0000
240.0000	 64.0000	  2.2880	 -0.0215	  0.0000
256.0000	 64.0000	  4.1303	 -0.9766	  0.0000
272.0000	 64.0000	  3.9042	 -0.0330	  0.0000
288.0000	 64.0000	  3.3708	 -1.1191	  0.0000
304.0000	 64.0000	  2.2602	  0.0082	  0.0000
320.0000	 64.0000	  2.7982	 -0.9784	  0.0000
336.0000	 64.0000	  2.9040	  0.0059	  0.0000
352.0000	 64.0000	  4.1258	 -0.8319	  0.0000
368.0000	 64.0000	  3.1836	  0.0102	  0.0000
384.0000	 64.0000	  3.3171	 -0.0830	  0.0000
400.0000	 64.0000	  2.4215	 -0.0196	  0.0000
416.0000	 64.0000	  2.1906	 -0.0736	  0.0000
432.0000	 64.0000	  2.4457	 -0.0155	  0.0000
448.0000	 64.0000	  4.4423	 -0.0991	  0.0000
464.0000	 64.0000	  3.5530	 -0.0114	  0.0000
480.0000	 64.0000	  4.3292	 -0.1159	  0.0000
496.0000	 64.0000	  3.6702	  0.0265	  0.0000
 16.0000	 48.0000	  0.9531	 -0.0237	  0.0000
 32.0000	 48.0000	  1.1103	 -0.0051	  0.0000
 48.0000	 48.0000	  1.9724	 -0.0446	  0.0000
 64.0000	 48.0000	  1.1290	  0.0449	  0.0000
 80.0000	 48.0000	  1.1403	 -0.0959	  0.0000
 96.0000	 48.0000	  0.3705	 -0.0106	  0.0000
112.0000	 48.0000	  1.2367	 -0.0727	  0.0000
128.0000	 48.0000	  1.2433	 -0.0038	  0.0000
144.0000	 48.0000	  1.0072	 -0.0187	  0.0000
160.0000	 48.0000	  0.4805	  0.0329	  0.0000
176.0000	 48.0000	  1.5776	 -0.4717	  0.0000
192.0000	 48.0000	  1.3398	  0.0048	  0.0000
208.0000	 48.0000	  1.0643	 -0.4314	  0.0000
224.0000	 48.0000	  1.4768	  0.0651	  0.0000
240.0000	 48.0000	  1.9332	 -0.3694	  0.0000
256.0000	 48.0000	  0.9040	  0.0333	  0.0000
272.0000	 48.0000	  1.2752	 -0.4499	  0.0000
288.0000	 48.0000	  2.1068	  0.0025	  0.0000
304.0000	 48.0000	  2.3866	 -0.4733	  0.0000
320.0000	 48.0000	  1.4525	  0.0082	  0.0000
336.0000	 48.0000	  2.0798	 -0.4660	  0.0000
352.0000	 48.0000	  1.4631	  0.0319	  0.0000
368.0000	 48.0000	  1.6951	 -0.0112	  0.0000
384.0000	 48.0000	  1.5774	 -0.0078	  0.0000
400.0000	 48.0000	  1.7468	 -0.0453	  0.0000
416.0000	 48.0000	  1.3941	  0.0461	  0.0000
432.0000	 48.0000	  1.4283	 -0.0487	  0.0000
448.0000	 48.0000	  0.9128	  0.0007	  0.0000
464.0000	 48.0000	  1.0809	 -0.0559	  0.0000
480.0000	 48.0000	  0.8223	 -0.0040	  0.0000
496.0000	 48.0000	  0.4653	 -0.0045	  0.0000
 16.0000	 32.0000	  0.4949	 -0.0175	  0.0000
 32.0000	 32.0000	  0.4909	 -0.0174	  0.0000
 48.0000	 32.0000	  0.0002	 -0.0001	  0.0000
 64.0000	 32.0000	  0.4732	 -0.0192	  0.0000
 80.0000	 32.0000	  0.0423	 -0.0037	  0.0000
 96.0000	 32.0000	  0.2360	 -0.0068	  0.0000
112.0000	 32.0000	  0.0025	 -0.0001	  0.0000
128.0000	 32.0000	  0.2505	 -0.9314	  0.0000
144.0000	 32.0000	  0.0180	 -0.0006	  0.0000
160.0000	 32.0000	  0.2607	 -0.9377	  0.0000
176.0000	 32.0000	  0.0017	 -0.0003	  0.0000
192.0000	 32.0000	  0.9138	 -0.9433	  0.0000
208.0000	 32.0000	  0.0870	  0.0060	  0.0000
224.0000	 32.0000	  0.3940	 -0.9036	  0.0000
240.0000	 32.0000	  0.0011	 -0.0001	  0.0000
256.0000	 32.0000	  0.5177	 -0.9333	  0.0000
272.0000	 32.0000	  0.0023	  0.0002	  0.0000
288.0000	 32.0000	  0.1423	 -0.0001	  0.0000
304.0000	 32.0000	  0.0233	  0.0015	  0.0000
320.0000	 32.0000	  0.4994	 -0.9741	  0.0000
336.0000	 32.0000	  0.0124	 -0.0012	  0.0000
352.0000	 32.0000	  0.1970	 -0.9899	  0.0000
368.0000	 32.0000	  0.0280	 -0.0002	  0.0000
384.0000	 32.0000	  0.4362	 -0.9484	  0.0000
400.0000	 32.0000	  0.0420	  0.0003	  0.0000
416.0000	 32.0000	  0.3677	 -0.8711	  0.0000
432.0000	 32.0000	  0.0002	  0.0001	  0.0000
448.0000	 32.0000	  0.2116	 -0.0003	  0.0000
464.0000	 32.0000	  0.0131	  0.0001	  0.0000
480.0000	 32.0000	  0.1562	 -0.0010	  0.0000
496.0000	 32.0000	  0.0162	 -0.0006	  0.0000
 16.0000	 16.0000	  0.0000	 -0.0000	  0.0000
 32.0000	 16.0000	  0.0000	 -0.0000	  0.0000
 48.0000	 16.0000	  0.0000	 -0.0000	  0.0000
 64.0000	 16.0000	  0.0000	 -0.0000	  0.0000
 80.0000	 16.0000	  0.0000	 -0.0000	  0.0000
 96.0000	 16.0000	  0.0000	 -0.0000	  0.0000
112.0000	 16.0000	  0.0000	 -0.0000	  0.0000
128.0000	 16.0000	  0.2457	  0.0087	  0.0000
144.0000	 16.0000	  0.0000	 -0.0000	  0.0000
160.0000	 16.0000	  0.2509	  0.0312	  0.0000
176.0000	 16.0000	  0.0000	 -0.0000	  0.0000
192.0000	 16.0000	  0.0000	 -0.0000	  0.0000
208.0000	 16.0000	  0.0000	 -0.0000	  0.0000
224.0000	 16.0000	  0.3564	 -0.9550	  0.0000
240.0000	 16.0000	  0.0000	 -0.0000	  0.0000
256.0000	 16.0000	  0.0000	 -0.0000	  0.0000
272.0000	 16.0000	  0.0000	 -0.0000	  0.0000
288.0000	 16.0000	  0.0000	 -0.0000	  0.0000
304.0000	 16.0000	  0.0000	 -0.0000	  0.0000
320.0000	 16.0000	  0.0000	 -0.0000	  0.0000
336.0000	 16.0000	  0.0000	 -0.0000	  0.0000
352.0000	 16.0000	  0.1970	  0.0064	  0.0000
368.0000	 16.0000	  0.0000	 -0.0000	  0.0000
384.0000	 16.0000	  0.3754	 -0.8848	  0.0000
400.0000	 16.0000	  0.0000	 -0.0000	  0.0000
416.0000	 16.0000	  0.3676	  0.0063	  0.0000
432.0000	 16.0000	  0.0000	 -0.0000	  0.0000
448.0000	 16.0000	  0.0000	 -0.0000	  0.0000
464.0000	 16.0000	  0.0000	 -0.0000	  0.0000
480.0000	 16.0000	  0.0000	 -0.0000	  0.0000
496.0000	 16.0000	  0.0000	 -0.0000	  0.0000
