 16.0000	496.0000	  0.0000	  0.0000	  0.0000
 32.0000	496.0000	  0.0000	 -0.0000	  0.0000
 48.0000	496.0000	  0.0000	 -0.0000	  0.0000
 64.0000	496.0000	  0.2798	 -0.0021	  0.0000
 80.0000	496.0000	  0.0000	 -0.0000	  0.0000
 96.0000	496.0000	  0.0000	 -0.0000	  0.0000
112.0000	496.0000	  0.0000	 -0.0000	  0.0000
128.0000	496.0000	  0.0000	 -0.0000	  0.0000
144.0000	496.0000	  0.0000	 -0.0000	  0.0000
160.0000	496.0000	  0.4686	 -0.0782	  0.0000
176.0000	496.0000	  0.5000	 -0.0000	  0.0000
192.0000	496.0000	  0.0773	 -0.1054	  0.0000
208.0000	496.0000	  0.5000	 -0.0000	  0.0000
224.0000	496.0000	  0.2238	 -0.0299	  0.0000
240.0000	496.0000	  0.0000	 -0.0000	  0.0000
256.0000	496.0000	  0.8573	 -0.0705	  0.0000
272.0000	496.0000	  0.0000	 -0.0000	  0.0000
288.0000	496.0000	  0.6600	 -0.0239	  0.0000
304.0000	496.0000	  0.0000	 -0.0000	  0.0000
320.0000	496.0000	  0.9348	 -0.1547	  0.0000
336.0000	496.0000	  0.0000	 -0.0000	  0.0000
352.0000	496.0000	  0.1598	 -0.0197	  0.0000
368.0000	496.0000	  0.0000	 -0.0000	  0.0000
384.0000	496.0000	  0.5200	 -0.0564	  0.0000
400.0000	496.0000	  0.0000	 -0.0000	  0.0000
416.0000	496.0000	  0.0000	 -0.0000	  0.0000
432.0000	496.0000	  0.0000	 -0.0000	  0.0000
448.0000	496.0000	  0.4362	 -0.0010	  0.0000
464.0000	496.0000	  0.0000	 -0.0000	  0.0000
480.0000	496.0000	  0.1620	 -0.0013	  0.0000
496.0000	496.0000	  0.0000	 -0.0000	  0.0000
 16.0000	480.0000	  0.0000	  0.0000	  0.0000
 32.0000	480.0000	  0.3508	 -0.8210	  0.0000
 48.0000	480.0000	  0.0718	  0.0001	  0.0000
 64.0000	480.0000	  0.2996	 -0.0018	  0.0000
 80.0000	480.0000	  0.0156	  0.0002	  0.0000
 96.0000	480.0000	  0.2663	 -0.8342	  0.0000
112.0000	480.0000	  0.0376	  0.0009	  0.0000
128.0000	480.0000	  0.3199	 -0.8358	  0.0000
144.0000	480.0000	  0.0017	 -0.0000	  0.0000
160.0000	480.0000	  0.4703	 -0.0782	  0.0000
176.0000	480.0000	  0.5306	  0.0004	  0.0000
192.0000	480.0000	  0.0999	 -0.1050	  0.0000
208.0000	480.0000	  0.5001	 -0.0000	  0.0000
224.0000	480.0000	  0.2241	 -0.0298	  0.0000
240.0000	480.0000	  0.0156	  0.0002	  0.0000
256.0000	480.0000	  0.9922	 -0.0758	  0.0000
272.0000	480.0000	  0.2012	 -0.0078	  0.0000
288.0000	480.0000	  0.7953	 -0.0246	  0.0000
304.0000	480.0000	  0.0765	 -0.0002	  0.0000
320.0000	480.0000	  0.9509	 -0.1548	  0.0000
336.0000	480.0000	  0.0272	 -0.0001	  0.0000
352.0000	480.0000	  0.2382	 -0.0198	  0.0000
368.0000	480.0000	  0.0228	 -0.0042	  0.0000
384.0000	480.0000	  0.5560	 -0.0594	  0.0000
400.0000	480.0000	  0.0196	 -0.0007	  0.0000
416.0000	480.0000	  0.2937	 -0.9910	  0.0000
432.0000	480.0000	  0.0040	  0.0002	  0.0000
448.0000	480.0000	  0.4472	 -0.0009	  0.0000
464.0000	480.0000	  0.0018	  0.0000	  0.0000
480.0000	480.0000	  0.1620	 -0.0013	  0.0000
496.0000	480.0000	  0.1620	 -0.0013	  0.0000
 16.0000	464.0000	  0.5000	  0.0000	  0.0000
 32.0000	464.0000	  1.3953	  0.0209	  0.0000
 48.0000	464.0000	  1.1059	 -0.4318	  0.0000
 64.0000	464.0000	  0.4089	 -0.0072	  0.0000
 80.0000	464.0000	  1.1897	 -0.2117	  0.0000
 96.0000	464.0000	  0.4004	  0.0792	  0.0000
112.0000	464.0000	  0.7605	 -0.1016	  0.0000
128.0000	464.0000	  0.4001	  0.0320	  0.0000
144.0000	464.0000	  1.6453	 -0.2099	  0.0000
160.0000	464.0000	  0.9419	  0.0004	  0.0000
176.0000	464.0000	  2.1405	 -0.0478	  0.0000
192.0000	464.0000	  2.5515	 -0.0355	  0.0000
208.0000	464.0000	  2.7696	 -0.0054	  0.0000
224.0000	464.0000	  1.3248	 -0.1089	  0.0000
240.0000	464.0000	  0.7365	 -0.0795	  0.0000
256.0000	464.0000	  0.9263	 -0.0085	  0.0000
272.0000	464.0000	  1.6806	 -0.1186	  0.0000
288.0000	464.0000	  1.7882	 -0.0623	  0.0000
304.0000	464.0000	  1.0624	 -0.0873	  0.0000
320.0000	464.0000	  0.9069	 -0.1575	  0.0000
336.0000	464.0000	  1.1322	 -0.1369	  0.0000
352.0000	464.0000	  1.1478	 -0.0544	  0.0000
368.0000	464.0000	  1.5107	 -0.0633	  0.0000
384.0000	464.0000	  1.0261	  0.0125	  0.0000
400.0000	464.0000	  1.9708	 -0.0020	  0.0000
416.0000	464.0000	  0.9389	  0.0585	  0.0000
432.0000	464.0000	  1.9605	 -0.9489	  0.0000
448.0000	464.0000	  1.1819	  0.0007	  0.0000
464.0000	464.0000	  0.8620	 -0.8448	  0.0000
480.0000	464.0000	  0.2111	 -0.0002	  0.0000
496.0000	464.0000	  0.4713	 -0.0032	  0.0000
 16.0000	448.0000	  1.6280	 -0.9231	  0.0000
 32.0000	448.0000	  2.0695	 -0.9342	  0.0000
 48.0000	448.0000	     nan	     nan	  1.0000
 64.0000	448.0000	  0.9655	 -0.8871	  0.0000
 80.0000	448.0000	  1.7061	  0.0077	  0.0000
 96.0000	448.0000	  1.8519	 -0.7908	  0.0000
112.0000	448.0000	  0.0000	  0.0000	  0.0000
128.0000	448.0000	  0.3693	  0.0283	  0.0000
144.0000	448.0000	  2.3687	 -0.0620	  0.0000
160.0000	448.0000	  4.0102	 -0.9602	  0.0000
176.0000	448.0000	  3.8082	  0.0468	  0.0000
192.0000	448.0000	  3.3169	 -0.8968	  0.0000
208.0000	448.0000	  2.8086	  0.0663	  0.0000
224.0000	448.0000	  2.9665	  0.0662	  0.0000
240.0000	448.0000	  2.8935	 -0.0078	  0.0000
256.0000	448.0000	  2.1443	 -0.1160	  0.0000
272.0000	448.0000	  1.4355	 -0.0851	  0.0000
288.0000	448.0000	  1.9976	 -0.0708	  0.0000
304.0000	448.0000	  1.0000	  0.0000	  0.0000
320.0000	448.0000	  1.8039	 -0.0947	  0.0000
336.0000	448.0000	  2.6781	 -0.0605	  0.0000
352.0000	448.0000	  3.2683	 -0.0678	  0.0000
368.0000	448.0000	  4.3280	  0.0496	  0.0000
384.0000	448.0000	  3.1952	 -0.1680	  0.0000
400.0000	448.0000	  3.1503	 -0.0011	  0.0000
416.0000	448.0000	  3.4588	 -0.9625	  0.0000
432.0000	448.0000	  2.5000	  0.0000	  0.0000
448.0000	448.0000	  4.6128	 -0.8000	  0.0000
464.0000	448.0000	  4.3452	  0.0008	  0.0000
480.0000	448.0000	  3.2471	 -1.0088	  0.0000
496.0000	448.0000	  2.3661	  0.0098	  0.0000
 16.0000	432.0000	  4.0359	 -0.0709	  0.0000
 32.0000	432.0000	  4.1690	 -0.0867	  0.0000
 48.0000	432.0000	  4.7429	 -0.4456	  0.0000
 64.0000	432.0000	  5.2262	  0.0068	  0.0000
 80.0000	432.0000	  5.7823	 -0.4273	  0.0000
 96.0000	432.0000	  4.9780	 -0.5022	  0.0000
112.0000	432.0000	  5.0374	 -0.4347	  0.0000
128.0000	432.0000	  4.7939	  0.0001	  0.0000
144.0000	432.0000	  6.0650	 -0.1827	  0.0000
160.0000	432.0000	  5.3224	  0.0661	  0.0000
176.0000	432.0000	  4.7360	 -0.8473	  0.0000
192.0000	432.0000	  5.1656	 -0.0891	  0.0000
208.0000	432.0000	  5.0715	 -0.9719	  0.0000
224.0000	432.0000	  4.8109	  0.0012	  0.0000
240.0000	432.0000	  4.9152	 -0.0138	  0.0000
256.0000	432.0000	  3.9906	  0.0070	  0.0000
272.0000	432.0000	  5.7243	 -0.0893	  0.0000
288.0000	432.0000	  5.5776	 -0.0627	  0.0000
304.0000	432.0000	  4.9655	 -0.0360	  0.0000
320.0000	432.0000	  5.2423	 -0.0034	  0.0000
336.0000	432.0000	  5.8416	 -0.2879	  0.0000
352.0000	432.0000	  4.9973	 -0.0547	  0.0000
368.0000	432.0000	  5.4401	 -0.3035	  0.0000
384.0000	432.0000	  5.1728	 -0.1011	  0.0000
400.0000	432.0000	  6.2508	 -0.3538	  0.0000
416.0000	432.0000	  5.1115	  0.0268	  0.0000
432.0000	432.0000	  5.3141	 -0.1890	  0.0000
448.0000	432.0000	  4.6927	  0.0231	  0.0000
464.0000	432.0000	  5.3345	 -0.9196	  0.0000
480.0000	432.0000	  5.6094	 -0.1237	  0.0000
496.0000	432.0000	  4.8136	 -0.0595	  0.0000
 16.0000	416.0000	  8.3570	 -0.0589	  0.0000
 32.0000	416.0000	  9.0555	 -0.0536	  0.0000
 48.0000	416.0000	  7.4731	 -0.0012	  0.0000
 64.0000	416.0000	  6.6963	 -0.8995	  0.0000
 80.0000	416.0000	  6.1212	 -0.4990	  0.0000
 96.0000	416.0000	  6.3219	 -0.1594	  0.0000
112.0000	416.0000	  5.8513	 -0.5009	  0.0000
128.0000	416.0000	  6.1664	 -0.0207	  0.0000
144.0000	416.0000	  6.8175	  0.0412	  0.0000
160.0000	416.0000	  7.0139	 -0.9741	  0.0000
176.0000	416.0000	  7.0103	  0.0133	  0.0000
192.0000	416.0000	  7.1952	 -0.9092	  0.0000
208.0000	416.0000	  7.0673	 -0.0098	  0.0000
224.0000	416.0000	  7.8281	 -0.0384	  0.0000
240.0000	416.0000	  7.2590	 -0.0009	  0.0000
256.0000	416.0000	  6.0000	  0.0000	  0.0000
272.0000	416.0000	  6.3608	  0.0874	  0.0000
288.0000	416.0000	  5.9321	 -0.9030	  0.0000
304.0000	416.0000	  6.6795	  0.0379	  0.0000
320.0000	416.0000	  7.1195	 -0.9895	  0.0000
336.0000	416.0000	  7.0544	  0.0118	  0.0000
352.0000	416.0000	  6.3501	 -0.8878	  0.0000
368.0000	416.0000	  6.9664	  0.1254	  0.0000
384.0000	416.0000	  6.7400	 -0.2211	  0.0000
400.0000	416.0000	  6.6574	 -0.0390	  0.0000
416.0000	416.0000	  6.7116	 -0.9937	  0.0000
432.0000	416.0000	  6.6729	 -0.0066	  0.0000
448.0000	416.0000	     nan	     nan	  1.0000
464.0000	416.0000	  6.6401	  0.0658	  0.0000
480.0000	416.0000	  6.9422	 -0.8079	  0.0000
496.0000	416.0000	  5.9534	  0.0409	  0.0000
 16.0000	400.0000	  9.1152	 -0.0161	  0.0000
 32.0000	400.0000	  8.7936	  0.0274	  0.0000
 48.0000	400.0000	  8.2340	 -0.4679	  0.0000
 64.0000	400.0000	  8.5787	  0.0136	  0.0000
 80.0000	400.0000	  8.7263	 -0.4613	  0.0000
 96.0000	400.0000	  8.5163	 -0.4744	  0.0000
112.0000	400.0000	  8.7973	 -0.2195	  0.0000
128.0000	400.0000	  7.7382	 -0.0235	  0.0000
144.0000	400.0000	  9.0900	 -0.0254	  0.0000
160.0000	400.0000	  8.6013	 -0.0009	  0.0000
176.0000	400.0000	  9.1536	 -0.9605	  0.0000
192.0000	400.0000	  9.0146	  0.0015	  0.0000
208.0000	400.0000	  9.4265	 -0.0053	  0.0000
224.0000	400.0000	  8.8216	 -0.0077	  0.0000
240.0000	400.0000	  9.4693	 -0.9683	  0.0000
256.0000	400.0000	  7.8959	  0.0043	  0.0000
272.0000	400.0000	  8.0607	 -0.9882	  0.0000
288.0000	400.0000	  8.1096	  0.0141	  0.0000
304.0000	400.0000	  7.7784	 -0.2190	  0.0000
320.0000	400.0000	  7.9882	 -0.0022	  0.0000
336.0000	400.0000	  9.3125	 -0.4331	  0.0000
352.0000	400.0000	  8.6427	 -0.0037	  0.0000
368.0000	400.0000	  9.5168	 -0.5101	  0.0000
384.0000	400.0000	  9.5459	  0.0000	  0.0000
400.0000	400.0000	  8.7562	 -0.4579	  0.0000
416.0000	400.0000	  7.5358	 -0.0058	  0.0000
432.0000	400.0000	  8.6738	 -0.5224	  0.0000
448.0000	400.0000	  8.7888	 -0.0750	  0.0000
464.0000	400.0000	  8.4755	 -0.3403	  0.0000
480.0000	400.0000	  8.0295	 -0.1042	  0.0000
496.0000	400.0000	  8.3830	 -0.0008	  0.0000
 16.0000	384.0000	  9.8699	 -0.9607	  0.0000
 32.0000	384.0000	  9.2926	 -0.8780	  0.0000
 48.0000	384.0000	 10.8786	 -0.0341	  0.0000
 64.0000	384.0000	 10.3504	 -0.9534	  0.0000
 80.0000	384.0000	 10.4217	 -0.0116	  0.0000
 96.0000	384.0000	 10.4595	 -0.9099	  0.0000
112.0000	384.0000	  9.9786	  0.0350	  0.0000
128.0000	384.0000	 10.7133	 -0.0167	  0.0000
144.0000	384.0000	  9.2685	  0.0019	  0.0000
160.0000	384.0000	  9.6746	 -0.8771	  0.0000
176.0000	384.0000	  9.4678	  0.1140	  0.0000
192.0000	384.0000	 10.0780	 -0.0372	  0.0000
208.0000	384.0000	  9.6364	 -0.0001	  0.0000
224.0000	384.0000	 10.2048	 -0.0083	  0.0000
240.0000	384.0000	 10.5099	  0.0150	  0.0000
256.0000	384.0000	 10.3355	  0.0048	  0.0000
272.0000	384.0000	 10.1347	  0.0075	  0.0000
288.0000	384.0000	 10.5387	  0.0049	  0.0000
304.0000	384.0000	 10.1929	  0.0220	  0.0000
320.0000	384.0000	  9.9917	 -0.8126	  0.0000
336.0000	384.0000	  9.4649	  0.0125	  0.0000
352.0000	384.0000	 10.0395	 -0.9714	  0.0000
368.0000	384.0000	 10.3816	  0.0063	  0.0000
384.0000	384.0000	 10.2628	 -0.8834	  0.0000
400.0000	384.0000	  9.2834	  0.0567	  0.0000
416.0000	384.0000	 10.9926	  0.0147	  0.0000
432.0000	384.0000	 10.8112	  0.0070	  0.0000
448.0000	384.0000	 10.5822	 -1.0292	  0.0000
464.0000	384.0000	 10.2677	  0.0001	  0.0000
480.0000	384.0000	 10.6446	 -0.0124	  0.0000
496.0000	384.0000	 10.8804	 -0.0123	  0.0000
 16.0000	368.0000	 11.2588	 -0.0418	  0.0000
 32.0000	368.0000	 11.8025	  0.0101	  0.0000
 48.0000	368.0000	 12.2411	 -0.3869	  0.0000
 64.0000	368.0000	 12.0088	  0.0231	  0.0000
 80.0000	368.0000	 12.2326	 -0.2241	  0.0000
 96.0000	368.0000	 10.9234	 -0.0046	  0.0000
112.0000	368.0000	 11.5772	 -0.9745	  0.0000
128.0000	368.0000	 11.4351	  0.0024	  0.0000
144.0000	368.0000	 11.4455	 -0.0069	  0.0000
160.0000	368.0000	 11.6143	 -0.0275	  0.0000
176.0000	368.0000	 11.8779	 -0.0504	  0.0000
192.0000	368.0000	 11.8850	  0.0069	  0.0000
208.0000	368.0000	 11.7145	 -0.0543	  0.0000
224.0000	368.0000	 11.4905	  0.0105	  0.0000
240.0000	368.0000	 11.9404	 -0.0259	  0.0000
256.0000	368.0000	 11.2686	  0.0108	  0.0000
272.0000	368.0000	 11.7329	 -0.2459	  0.0000
288.0000	368.0000	 10.7020	 -0.6407	  0.0000
304.0000	368.0000	 10.8799	 -0.6321	  0.0000
320.0000	368.0000	 12.0469	 -0.0094	  0.0000
336.0000	368.0000	 11.1853	 -0.4595	  0.0000
352.0000	368.0000	 10.8107	 -0.0109	  0.0000
368.0000	368.0000	 11.4505	 -0.4252	  0.0000
384.0000	368.0000	 11.3588	 -0.0381	  0.0000
400.0000	368.0000	 12.3673	 -0.4826	  0.0000
416.0000	368.0000	 10.4264	  0.0737	  0.0000
432.0000	368.0000	 11.3919	 -0.4742	  0.0000
448.0000	368.0000	 11.5218	  0.0299	  0.0000
464.0000	368.0000	 12.0438	 -0.2462	  0.0000
480.0000	368.0000	 11.5046	 -0.0013	  0.0000
496.0000	368.0000	 11.7396	  0.0008	  0.0000
 16.0000	352.0000	 12.5272	 -0.0027	  0.0000
 32.0000	352.0000	 12.6410	  0.0057	  0.0000
 48.0000	352.0000	 12.2446	  0.0254	  0.0000
 64.0000	352.0000	 12.6275	 -0.0097	  0.0000
 80.0000	352.0000	 12.1167	 -0.0327	  0.0000
 96.0000	352.0000	 12.8316	 -0.0203	  0.0000
112.0000	352.0000	 12.9894	  0.0042	  0.0000
128.0000	352.0000	 13.1324	 -0.8048	  0.0000
144.0000	352.0000	 12.8096	  0.0032	  0.0000
160.0000	352.0000	 12.8960	 -0.0366	  0.0000
176.0000	352.0000	 12.7460	  0.0053	  0.0000
192.0000	352.0000	 12.1563	 -0.0588	  0.0000
208.0000	352.0000	 12.5409	  0.0024	  0.0000
224.0000	352.0000	 12.2945	 -0.0707	  0.0000
240.0000	352.0000	 12.0986	 -0.0035	  0.0000
256.0000	352.0000	 13.1225	 -0.0306	  0.0000
272.0000	352.0000	 13.0236	 -0.5255	  0.0000
288.0000	352.0000	 13.0658	 -0.2395	  0.0000
304.0000	352.0000	 12.7215	 -0.5179	  0.0000
320.0000	352.0000	 12.8587	 -0.0707	  0.0000
336.0000	352.0000	 12.2997	 -0.0061	  0.0000
352.0000	352.0000	 13.2837	 -0.9022	  0.0000
368.0000	352.0000	 12.3733	 -0.0001	  0.0000
384.0000	352.0000	 12.8150	 -0.9736	  0.0000
400.0000	352.0000	 12.3228	 -0.0302	  0.0000
416.0000	352.0000	     nan	     nan	  1.0000
432.0000	352.0000	 12.2987	  0.0052	  0.0000
448.0000	352.0000	 12.2907	 -0.9694	  0.0000
464.0000	352.0000	 12.0246	 -0.0025	  0.0000
480.0000	352.0000	 12.5662	 -0.0600	  0.0000
496.0000	352.0000	 12.4478	 -0.0872	  0.0000
 16.0000	336.0000	 13.4256	 -0.0002	  0.0000
 32.0000	336.0000	 13.2995	  0.0026	  0.0000
 48.0000	336.0000	 13.4690	 -0.4891	  0.0000
 64.0000	336.0000	 13.1821	  0.0090	  0.0000
 80.0000	336.0000	 13.7371	 -0.2323	  0.0000
 96.0000	336.0000	 13.5405	  0.0135	  0.0000
112.0000	336.0000	 14.1900	 -0.2264	  0.0000
128.0000	336.0000	 13.8771	  0.0166	  0.0000
144.0000	336.0000	 14.0451	 -0.2348	  0.0000
160.0000	336.0000	 13.1668	 -0.0045	  0.0000
176.0000	336.0000	 14.0525	 -0.2439	  0.0000
192.0000	336.0000	 13.9818	 -0.0033	  0.0000
208.0000	336.0000	 13.6734	 -0.3018	  0.0000
224.0000	336.0000	 13.4466	 -0.0718	  0.0000
240.0000	336.0000	 13.4189	 -0.0502	  0.0000
256.0000	336.0000	 13.2021	  0.0076	  0.0000
272.0000	336.0000	 13.9323	 -0.2472	  0.0000
288.0000	336.0000	 13.8561	 -0.4923	  0.0000
304.0000	336.0000	 14.2574	 -0.5056	  0.0000
320.0000	336.0000	 13.4608	 -0.4960	  0.0000
336.0000	336.0000	 13.5226	 -0.4852	  0.0000
352.0000	336.0000	 13.3433	  0.0043	  0.0000
368.0000	336.0000	 13.9646	 -0.4455	  0.0000
384.0000	336.0000	 13.2377	  0.0129	  0.0000
400.0000	336.0000	 13.6847	 -0.4483	  0.0000
416.0000	336.0000	 13.8202	  0.0029	  0.0000
432.0000	336.0000	 13.4784	 -0.4371	  0.0000
448.0000	336.0000	 12.9638	  0.0164	  0.0000
464.0000	336.0000	 13.4773	 -0.2022	  0.0000
480.0000	336.0000	 13.1393	 -0.0081	  0.0000
496.0000	336.0000	 12.9147	 -0.0321	  0.0000
 16.0000	320.0000	 14.1941	 -0.9981	  0.0000
 32.0000	320.0000	 14.4493	 -1.0006	  0.0000
 48.0000	320.0000	 14.1595	 -0.0124	  0.0000
 64.0000	320.0000	 14.1472	 -0.9571	  0.0000
 80.0000	320.0000	 13.8739	  0.0103	  0.0000
 96.0000	320.0000	 14.5731	 -0.9439	  0.0000
112.0000	320.0000	 14.0636	 -0.0078	  0.0000
128.0000	320.0000	 14.6720	 -0.9955	  0.0000
144.0000	320.0000	 14.2621	 -0.0029	  0.0000
160.0000	320.0000	 14.7541	 -0.9026	  0.0000
176.0000	320.0000	 14.2395	  0.0113	  0.0000
192.0000	320.0000	 14.6661	 -0.8542	  0.0000
208.0000	320.0000	 14.6675	  0.0603	  0.0000
224.0000	320.0000	 14.7544	 -0.9594	  0.0000
240.0000	320.0000	 14.3307	 -0.0058	  0.0000
256.0000	320.0000	 14.8298	 -0.0186	  0.0000
272.0000	320.0000	 13.9802	 -0.0133	  0.0000
288.0000	320.0000	 14.3769	 -0.0119	  0.0000
304.0000	320.0000	 14.0685	 -0.4989	  0.0000
320.0000	320.0000	 14.5562	 -0.1351	  0.0000
336.0000	320.0000	 14.2589	 -0.4989	  0.0000
352.0000	320.0000	 14.1604	 -0.0067	  0.0000
368.0000	320.0000	 14.0651	 -0.0311	  0.0000
384.0000	320.0000	 14.5443	 -1.0138	  0.0000
400.0000	320.0000	 14.4429	 -0.0078	  0.0000
416.0000	320.0000	 14.8339	 -0.8295	  0.0000
432.0000	320.0000	 14.0895	  0.0015	  0.0000
448.0000	320.0000	 14.8039	 -0.8699	  0.0000
464.0000	320.0000	 14.2015	  0.0386	  0.0000
480.0000	320.0000	 14.1566	 -0.9110	  0.0000
496.0000	320.0000	 14.1174	  0.0160	  0.0000
 16.0000	304.0000	 14.9410	  0.0310	  0.0000
 32.0000	304.0000	 15.1797	  0.0121	  0.0000
 48.0000	304.0000	 15.5232	 -0.4683	  0.0000
 64.0000	304.0000	 15.1580	  0.0058	  0.0000
 80.0000	304.0000	 15.3974	 -0.5035	  0.0000
 96.0000	304.0000	 14.9251	 -0.0159	  0.0000
112.0000	304.0000	 14.6675	 -0.4863	  0.0000
128.0000	304.0000	 14.8335	  0.0256	  0.0000
144.0000	304.0000	 15.4992	 -0.4840	  0.0000
160.0000	304.0000	 14.5729	  0.0022	  0.0000
176.0000	304.0000	 15.4187	 -0.4559	  0.0000
192.0000	304.0000	 14.4758	  0.0517	  0.0000
208.0000	304.0000	 15.2137	 -0.2857	  0.0000
224.0000	304.0000	 14.7377	 -0.0149	  0.0000
240.0000	304.0000	 14.9072	  0.0013	  0.0000
256.0000	304.0000	 14.9529	  0.0020	  0.0000
272.0000	304.0000	 15.2971	 -0.0077	  0.0000
288.0000	304.0000	 15.2441	  0.0002	  0.0000
304.0000	304.0000	 15.4171	 -0.2465	  0.0000
320.0000	304.0000	 14.6135	 -0.5052	  0.0000
336.0000	304.0000	 15.4212	 -0.4952	  0.0000
352.0000	304.0000	 14.9621	  0.0542	  0.0000
368.0000	304.0000	 15.2847	 -0.4742	  0.0000
384.0000	304.0000	 14.5949	  0.0838	  0.0000
400.0000	304.0000	 15.2035	 -0.4795	  0.0000
416.0000	304.0000	 14.6693	 -0.0013	  0.0000
432.0000	304.0000	 15.8331	 -0.4608	  0.0000
448.0000	304.0000	 15.2644	 -0.0058	  0.0000
464.0000	304.0000	 15.5757	 -0.2473	  0.0000
480.0000	304.0000	 15.2458	 -0.0186	  0.0000
496.0000	304.0000	 14.7931	 -0.0044	  0.0000
 16.0000	288.0000	 15.5988	 -0.9935	  0.0000
 32.0000	288.0000	 15.5341	 -0.9835	  0.0000
 48.0000	288.0000	 15.0534	  0.0011	  0.0000
 64.0000	288.0000	 15.5446	 -0.9638	  0.0000
 80.0000	288.0000	 15.0455	  0.0115	  0.0000
 96.0000	288.0000	 15.5121	 -0.9640	  0.0000
112.0000	288.0000	 14.9902	 -0.0021	  0.0000
128.0000	288.0000	 15.3140	 -0.0159	  0.0000
144.0000	288.0000	 14.9973	 -0.0040	  0.0000
160.0000	288.0000	 15.5162	 -0.9757	  0.0000
176.0000	288.0000	 15.6259	  0.0006	  0.0000
192.0000	288.0000	 15.9821	 -0.0127	  0.0000
208.0000	288.0000	 15.4894	 -0.0106	  0.0000
224.0000	288.0000	 15.1390	 -0.0303	  0.0000
240.0000	288.0000	 15.2850	 -0.0046	  0.0000
256.0000	288.0000	 15.4832	 -0.9921	  0.0000
272.0000	288.0000	 15.1075	 -0.0004	  0.0000
288.0000	288.0000	 15.4857	 -0.9864	  0.0000
304.0000	288.0000	 15.5557	  0.0280	  0.0000
320.0000	288.0000	 15.9677	 -0.8177	  0.0000
336.0000	288.0000	 15.5315	  0.0014	  0.0000
352.0000	288.0000	 15.4711	 -0.9822	  0.0000
368.0000	288.0000	 15.4575	 -0.0238	  0.0000
384.0000	288.0000	 15.8160	 -0.9251	  0.0000
400.0000	288.0000	 15.5025	  0.0099	  0.0000
416.0000	288.0000	 15.8924	 -0.9488	  0.0000
432.0000	288.0000	 15.1008	  0.0001	  0.0000
448.0000	288.0000	 15.6850	  0.0126	  0.0000
464.0000	288.0000	 15.1605	  0.0068	  0.0000
480.0000	288.0000	 15.0635	 -0.0123	  0.0000
496.0000	288.0000	 14.8905	  0.0014	  0.0000
 16.0000	272.0000	 15.3702	 -0.0037	  0.0000
 32.0000	272.0000	 15.4150	  0.0103	  0.0000
 48.0000	272.0000	 15.7669	 -0.4520	  0.0000
 64.0000	272.0000	 15.3253	  0.0026	  0.0000
 80.0000	272.0000	 15.7448	 -0.4547	  0.0000
 96.0000	272.0000	 15.2973	  0.0083	  0.0000
112.0000	272.0000	 16.2339	 -0.4667	  0.0000
128.0000	272.0000	 15.9662	 -0.0132	  0.0000
144.0000	272.0000	 16.1712	 -0.5097	  0.0000
160.0000	272.0000	 15.3359	  0.0012	  0.0000
176.0000	272.0000	 15.7068	 -0.4769	  0.0000
192.0000	272.0000	 15.7362	 -0.0007	  0.0000
208.0000	272.0000	 15.6166	 -0.2331	  0.0000
224.0000	272.0000	 15.3725	  0.0041	  0.0000
240.0000	272.0000	 16.0099	 -0.2338	  0.0000
256.0000	272.0000	 15.7254	  0.0010	  0.0000
272.0000	272.0000	 15.9028	 -0.2376	  0.0000
288.0000	272.0000	 15.3823	 -0.0017	  0.0000
304.0000	272.0000	 15.7393	 -0.1920	  0.0000
320.0000	272.0000	 15.3463	  0.0387	  0.0000
336.0000	272.0000	 15.8386	 -0.4722	  0.0000
352.0000	272.0000	 15.3549	 -0.0060	  0.0000
368.0000	272.0000	 15.8791	 -0.4715	  0.0000
384.0000	272.0000	 15.3948	  0.0040	  0.0000
400.0000	272.0000	 16.1489	 -0.4376	  0.0000
416.0000	272.0000	 15.3535	  0.0248	  0.0000
432.0000	272.0000	 15.9886	 -0.4653	  0.0000
448.0000	272.0000	 15.2965	  0.0271	  0.0000
464.0000	272.0000	 15.6744	 -0.2366	  0.0000
480.0000	272.0000	 15.3296	 -0.0040	  0.0000
496.0000	272.0000	 15.2119	  0.0047	  0.0000
 16.0000	256.0000	 15.8248	 -0.9521	  0.0000
 32.0000	256.0000	 15.7683	 -0.9266	  0.0000
 48.0000	256.0000	 15.4133	  0.0211	  0.0000
 64.0000	256.0000	 15.7625	 -0.9039	  0.0000
 80.0000	256.0000	 15.3507	 -0.0163	  0.0000
 96.0000	256.0000	 16.2692	 -0.9822	  0.0000
112.0000	256.0000	 15.9916	  0.0080	  0.0000
128.0000	256.0000	 15.9901	 -0.9522	  0.0000
144.0000	256.0000	 16.0071	  0.0249	  0.0000
160.0000	256.0000	 16.2484	 -0.0033	  0.0000
176.0000	256.0000	 15.3322	 -0.0068	  0.0000
192.0000	256.0000	 15.8278	 -0.8382	  0.0000
208.0000	256.0000	 15.3368	  0.0877	  0.0000
224.0000	256.0000	 16.2927	 -0.9759	  0.0000
240.0000	256.0000	 15.9880	 -0.0203	  0.0000
256.0000	256.0000	 15.8596	 -0.9342	  0.0000
272.0000	256.0000	 15.9541	 -0.0102	  0.0000
288.0000	256.0000	 15.7512	 -0.9655	  0.0000
304.0000	256.0000	 15.9129	 -0.0030	  0.0000
320.0000	256.0000	 15.7449	 -0.9545	  0.0000
336.0000	256.0000	 15.9280	  0.0341	  0.0000
352.0000	256.0000	 15.8704	 -0.6747	  0.0000
368.0000	256.0000	 15.8667	  0.0045	  0.0000
384.0000	256.0000	 15.8285	 -0.9206	  0.0000
400.0000	256.0000	 15.9032	  0.0242	  0.0000
416.0000	256.0000	 16.3154	 -0.8651	  0.0000
432.0000	256.0000	 15.4309	  0.0064	  0.0000
448.0000	256.0000	 15.7833	 -0.9667	  0.0000
464.0000	256.0000	 15.3876	  0.0026	  0.0000
480.0000	256.0000	 15.8021	 -0.9666	  0.0000
496.0000	256.0000	 15.3860	  0.0014	  0.0000
 16.0000	240.0000	 15.3829	  0.0086	  0.0000
 32.0000	240.0000	 15.3253	  0.0128	  0.0000
 48.0000	240.0000	 15.8458	 -0.4555	  0.0000
 64.0000	240.0000	 15.1823	  0.0044	  0.0000
 80.0000	240.0000	 15.9552	 -0.4566	  0.0000
 96.0000	240.0000	 15.3303	  0.0035	  0.0000
112.0000	240.0000	 16.1006	 -0.4814	  0.0000
128.0000	240.0000	 15.7961	 -0.0013	  0.0000
144.0000	240.0000	 16.0154	 -0.4853	  0.0000
160.0000	240.0000	 15.2462	 -0.0009	  0.0000
176.0000	240.0000	 15.8635	 -0.4681	  0.0000
192.0000	240.0000	 15.3344	  0.0531	  0.0000
208.0000	240.0000	 15.8950	 -0.3506	  0.0000
224.0000	240.0000	 15.4342	 -0.0148	  0.0000
240.0000	240.0000	 16.0925	 -0.4958	  0.0000
256.0000	240.0000	 15.3188	  0.0035	  0.0000
272.0000	240.0000	 15.7937	 -0.2341	  0.0000
288.0000	240.0000	 15.3547	 -0.0081	  0.0000
304.0000	240.0000	 15.8360	 -0.2443	  0.0000
320.0000	240.0000	 15.3633	 -0.0031	  0.0000
336.0000	240.0000	 15.9508	 -0.1809	  0.0000
352.0000	240.0000	 15.3953	  0.0847	  0.0000
368.0000	240.0000	 15.9393	 -0.1578	  0.0000
384.0000	240.0000	 15.3751	  0.0045	  0.0000
400.0000	240.0000	 16.0350	 -0.4613	  0.0000
416.0000	240.0000	 15.3922	  0.0087	  0.0000
432.0000	240.0000	 15.9789	 -0.4547	  0.0000
448.0000	240.0000	 15.3497	  0.0150	  0.0000
464.0000	240.0000	 15.7060	 -0.2350	  0.0000
480.0000	240.0000	 15.8253	 -0.0015	  0.0000
496.0000	240.0000	 15.4001	 -0.0004	  0.0000
 16.0000	224.0000	 15.7994	 -0.9496	  0.0000
 32.0000	224.0000	 15.6901	 -0.9629	  0.0000
 48.0000	224.0000	 15.0655	  0.0009	  0.0000
 64.0000	224.0000	 15.5849	 -0.9517	  0.0000
 80.0000	224.0000	 15.0580	  0.0224	  0.0000
 96.0000	224.0000	 15.8110	 -0.9819	  0.0000
112.0000	224.0000	 15.1072	 -0.0021	  0.0000
128.0000	224.0000	 15.1933	 -0.9932	  0.0000
144.0000	224.0000	 15.1781	  0.0008	  0.0000
160.0000	224.0000	 15.8446	 -0.9728	  0.0000
176.0000	224.0000	 15.1570	  0.0018	  0.0000
192.0000	224.0000	 15.6569	 -0.8356	  0.0000
208.0000	224.0000	 14.9490	  0.0367	  0.0000
224.0000	224.0000	 15.5646	 -0.9315	  0.0000
240.0000	224.0000	 15.3556	 -0.0070	  0.0000
256.0000	224.0000	 16.0788	  0.0151	  0.0000
272.0000	224.0000	 15.5153	  0.0153	  0.0000
288.0000	224.0000	 15.7632	 -0.0048	  0.0000
304.0000	224.0000	 15.4677	 -0.0079	  0.0000
320.0000	224.0000	 16.0311	 -0.9878	  0.0000
336.0000	224.0000	 15.5474	  0.0029	  0.0000
352.0000	224.0000	 16.0474	 -0.7426	  0.0000
368.0000	224.0000	 15.5291	  0.0365	  0.0000
384.0000	224.0000	 16.0057	 -0.0100	  0.0000
400.0000	224.0000	 15.6252	  0.0001	  0.0000
416.0000	224.0000	 15.8764	 -0.9471	  0.0000
432.0000	224.0000	 15.1308	  0.0090	  0.0000
448.0000	224.0000	 15.6640	 -0.9610	  0.0000
464.0000	224.0000	 15.6164	  0.0107	  0.0000
480.0000	224.0000	 15.9440	 -0.9252	  0.0000
496.0000	224.0000	 14.9120	 -0.0107	  0.0000
 16.0000	208.0000	 15.2553	 -0.0086	  0.0000
 32.0000	208.0000	 15.1798	 -0.0077	  0.0000
 48.0000	208.0000	 14.9075	 -0.0103	  0.0000
 64.0000	208.0000	 15.2388	  0.0167	  0.0000
 80.0000	208.0000	 14.8561	 -0.2413	  0.0000
 96.0000	208.0000	 15.2197	 -0.0026	  0.0000
112.0000	208.0000	 15.6083	 -0.4979	  0.0000
128.0000	208.0000	 15.3810	 -0.0002	  0.0000
144.0000	208.0000	 15.6747	 -0.4880	  0.0000
160.0000	208.0000	 15.0140	  0.0073	  0.0000
176.0000	208.0000	 15.4297	 -0.4775	  0.0000
192.0000	208.0000	 15.1547	  0.0003	  0.0000
208.0000	208.0000	 15.6462	 -0.4429	  0.0000
224.0000	208.0000	 14.7561	  0.0217	  0.0000
240.0000	208.0000	 15.3622	 -0.4721	  0.0000
256.0000	208.0000	 14.6338	  0.0196	  0.0000
272.0000	208.0000	 15.5291	 -0.2417	  0.0000
288.0000	208.0000	 15.0900	  0.0098	  0.0000
304.0000	208.0000	 15.5821	 -0.7716	  0.0000
320.0000	208.0000	 14.6011	 -0.0212	  0.0000
336.0000	208.0000	 15.5601	 -0.9949	  0.0000
352.0000	208.0000	 14.8863	 -0.0006	  0.0000
368.0000	208.0000	 15.5344	 -0.2963	  0.0000
384.0000	208.0000	 14.8439	 -0.0002	  0.0000
400.0000	208.0000	 15.4594	 -0.4859	  0.0000
416.0000	208.0000	 15.1451	 -0.0069	  0.0000
432.0000	208.0000	 15.5297	 -0.4755	  0.0000
448.0000	208.0000	 15.2883	  0.0146	  0.0000
464.0000	208.0000	 15.2673	 -0.2003	  0.0000
480.0000	208.0000	 14.9646	 -0.0478	  0.0000
496.0000	208.0000	 14.3082	 -0.1527	  0.0000
 16.0000	192.0000	 14.6437	 -0.0099	  0.0000
 32.0000	192.0000	 14.7807	  0.0029	  0.0000
 48.0000	192.0000	 14.0616	 -0.0005	  0.0000
 64.0000	192.0000	 14.9574	 -0.0390	  0.0000
 80.0000	192.0000	 14.2197	 -0.0092	  0.0000
 96.0000	192.0000	 14.6373	 -0.0143	  0.0000
112.0000	192.0000	 14.1308	  0.0214	  0.0000
128.0000	192.0000	 14.7293	 -0.9646	  0.0000
144.0000	192.0000	 14.1541	  0.0037	  0.0000
160.0000	192.0000	 14.3152	 -0.9895	  0.0000
176.0000	192.0000	 14.1623	 -0.0008	  0.0000
192.0000	192.0000	 14.3745	 -0.9929	  0.0000
208.0000	192.0000	 14.2848	 -0.0001	  0.0000
224.0000	192.0000	 15.0109	 -0.0222	  0.0000
240.0000	192.0000	 14.8334	 -0.0186	  0.0000
256.0000	192.0000	 14.8513	 -0.9659	  0.0000
272.0000	192.0000	 14.2400	  0.0146	  0.0000
288.0000	192.0000	 14.4607	  0.0091	  0.0000
304.0000	192.0000	 14.0595	  0.0005	  0.0000
320.0000	192.0000	 15.2190	 -0.9407	  0.0000
336.0000	192.0000	 14.4132	  0.0344	  0.0000
352.0000	192.0000	 14.4694	 -0.9626	  0.0000
368.0000	192.0000	 14.1753	  0.0032	  0.0000
384.0000	192.0000	 14.6943	 -0.9805	  0.0000
400.0000	192.0000	 14.1075	  0.0063	  0.0000
416.0000	192.0000	 14.4267	 -0.9070	  0.0000
432.0000	192.0000	 13.8972	 -0.0031	  0.0000
448.0000	192.0000	 14.0185	 -0.9793	  0.0000
464.0000	192.0000	 14.5221	 -0.0308	  0.0000
480.0000	192.0000	 14.8578	 -0.0578	  0.0000
496.0000	192.0000	 13.7231	  0.0261	  0.0000
 16.0000	176.0000	 13.3613	 -0.0198	  0.0000
 32.0000	176.0000	 12.8770	 -0.0026	  0.0000
 48.0000	176.0000	 13.7135	 -0.0256	  0.0000
 64.0000	176.0000	 13.4473	  0.0002	  0.0000
 80.0000	176.0000	 14.0563	 -0.0324	  0.0000
 96.0000	176.0000	 13.8134	 -0.0017	  0.0000
112.0000	176.0000	 14.0712	 -0.2647	  0.0000
128.0000	176.0000	 13.1290	 -0.0005	  0.0000
144.0000	176.0000	 13.5610	 -0.2567	  0.0000
160.0000	176.0000	 13.5168	  0.0039	  0.0000
176.0000	176.0000	 14.0522	 -0.2573	  0.0000
192.0000	176.0000	 14.1036	  0.0292	  0.0000
208.0000	176.0000	 14.0543	 -0.5047	  0.0000
224.0000	176.0000	 13.1964	 -0.0019	  0.0000
240.0000	176.0000	 13.7305	 -0.4843	  0.0000
256.0000	176.0000	 13.1592	  0.0287	  0.0000
272.0000	176.0000	 13.9240	 -0.1671	  0.0000
288.0000	176.0000	 14.1160	  0.0002	  0.0000
304.0000	176.0000	 14.0261	 -0.6039	  0.0000
320.0000	176.0000	 14.0060	  0.0025	  0.0000
336.0000	176.0000	 13.2692	 -0.9700	  0.0000
352.0000	176.0000	 13.3155	  0.0060	  0.0000
368.0000	176.0000	 13.5676	 -0.2509	  0.0000
384.0000	176.0000	 13.0187	  0.0117	  0.0000
400.0000	176.0000	 13.9218	 -0.2408	  0.0000
416.0000	176.0000	 14.4491	 -0.0018	  0.0000
432.0000	176.0000	 13.9866	 -0.1868	  0.0000
448.0000	176.0000	 13.2953	  0.0042	  0.0000
464.0000	176.0000	 13.3851	 -0.2023	  0.0000
480.0000	176.0000	 13.4466	  0.0254	  0.0000
496.0000	176.0000	 12.5000	  0.0000	  0.0000
 16.0000	160.0000	 12.5386	 -0.0296	  0.0000
 32.0000	160.0000	 12.8490	 -0.0272	  0.0000
 48.0000	160.0000	 12.0894	 -0.0057	  0.0000
 64.0000	160.0000	 12.3538	 -0.0286	  0.0000
 80.0000	160.0000	 12.7628	  0.0003	  0.0000
 96.0000	160.0000	 13.2012	 -0.0477	  0.0000
112.0000	160.0000	 12.7508	  0.0281	  0.0000
128.0000	160.0000	 12.7792	  0.0163	  0.0000
144.0000	160.0000	 12.2465	  0.0018	  0.0000
160.0000	160.0000	 12.9234	 -0.0320	  0.0000
176.0000	160.0000	 12.6804	  0.0119	  0.0000
192.0000	160.0000	 12.6413	 -0.0234	  0.0000
208.0000	160.0000	 12.9149	  0.0015	  0.0000
224.0000	160.0000	 12.9528	 -0.9858	  0.0000
240.0000	160.0000	 12.7833	  0.0012	  0.0000
256.0000	160.0000	 13.2359	 -0.8743	  0.0000
272.0000	160.0000	 12.9298	 -0.0021	  0.0000
288.0000	160.0000	 12.5706	 -0.9445	  0.0000
304.0000	160.0000	 11.8759	 -0.0487	  0.0000
320.0000	160.0000	 12.3993	 -1.0224	  0.0000
336.0000	160.0000	 12.2341	 -0.0291	  0.0000
352.0000	160.0000	 13.0252	 -0.0480	  0.0000
368.0000	160.0000	 12.4053	  0.0220	  0.0000
384.0000	160.0000	 12.3694	 -0.0416	  0.0000
400.0000	160.0000	 12.5674	 -0.0276	  0.0000
416.0000	160.0000	 12.0152	 -0.0257	  0.0000
432.0000	160.0000	 12.5750	  0.0011	  0.0000
448.0000	160.0000	 12.6987	 -0.8576	  0.0000
464.0000	160.0000	 12.2440	  0.0213	  0.0000
480.0000	160.0000	 12.3892	 -0.9474	  0.0000
496.0000	160.0000	 12.2045	  0.0628	  0.0000
 16.0000	144.0000	 11.1389	  0.0049	  0.0000
 32.0000	144.0000	 11.1582	  0.0009	  0.0000
 48.0000	144.0000	 11.5508	 -0.0062	  0.0000
 64.0000	144.0000	 11.6924	 -0.0084	  0.0000
 80.0000	144.0000	 11.1508	 -0.0018	  0.0000
 96.0000	144.0000	 10.4806	  0.0014	  0.0000
112.0000	144.0000	 11.5925	 -0.0497	  0.0000
128.0000	144.0000	 12.0248	  0.0040	  0.0000
144.0000	144.0000	 11.8152	 -0.0649	  0.0000
160.0000	144.0000	 12.1363	  0.0090	  0.0000
176.0000	144.0000	 11.7906	 -0.2656	  0.0000
192.0000	144.0000	 11.4473	  0.0222	  0.0000
208.0000	144.0000	 11.8789	 -0.4684	  0.0000
224.0000	144.0000	 11.7784	  0.0126	  0.0000
240.0000	144.0000	 11.9811	 -0.2162	  0.0000
256.0000	144.0000	 11.8288	 -0.0055	  0.0000
272.0000	144.0000	 11.9347	 -0.7361	  0.0000
288.0000	144.0000	 11.7532	  0.0230	  0.0000
304.0000	144.0000	 11.2743	 -0.9074	  0.0000
320.0000	144.0000	 11.5303	  0.0104	  0.0000
336.0000	144.0000	 11.7731	 -0.0181	  0.0000
352.0000	144.0000	 10.5000	  0.0000	  0.0000
368.0000	144.0000	 11.5515	 -0.0279	  0.0000
384.0000	144.0000	 11.4789	 -0.0450	  0.0000
400.0000	144.0000	 12.0197	 -0.0843	  0.0000
416.0000	144.0000	 11.4353	 -0.0006	  0.0000
432.0000	144.0000	 12.2497	 -0.9267	  0.0000
448.0000	144.0000	 12.0625	  0.0258	  0.0000
464.0000	144.0000	 11.8960	 -0.9139	  0.0000
480.0000	144.0000	 10.9960	  0.0189	  0.0000
496.0000	144.0000	 11.0000	  0.0000	  0.0000
 16.0000	128.0000	 10.8212	 -0.9786	  0.0000
 32.0000	128.0000	 10.8473	 -0.8345	  0.0000
 48.0000	128.0000	 10.6151	  0.0260	  0.0000
 64.0000	128.0000	 10.4156	 -0.8175	  0.0000
 80.0000	128.0000	  9.3693	  0.0019	  0.0000
 96.0000	128.0000	  9.7563	 -0.8920	  0.0000
112.0000	128.0000	 10.1385	 -0.0008	  0.0000
128.0000	128.0000	 10.2547	 -0.1259	  0.0000
144.0000	128.0000	  9.4757	 -0.0279	  0.0000
160.0000	128.0000	 10.1585	 -0.0215	  0.0000
176.0000	128.0000	 10.1529	  0.0007	  0.0000
192.0000	128.0000	 11.0432	 -0.9547	  0.0000
208.0000	128.0000	 10.2820	  0.0113	  0.0000
224.0000	128.0000	 10.9982	 -0.9602	  0.0000
240.0000	128.0000	 10.4974	 -0.0017	  0.0000
256.0000	128.0000	  9.8711	 -0.9357	  0.0000
272.0000	128.0000	  9.8629	  0.0022	  0.0000
288.0000	128.0000	  9.7142	 -0.9030	  0.0000
304.0000	128.0000	 10.1437	  0.0170	  0.0000
320.0000	128.0000	 10.5746	 -0.9524	  0.0000
336.0000	128.0000	 10.4752	  0.0035	  0.0000
352.0000	128.0000	 10.4204	 -0.0770	  0.0000
368.0000	128.0000	  9.6985	  0.0146	  0.0000
384.0000	128.0000	 10.4282	 -0.0226	  0.0000
400.0000	128.0000	 10.3340	  0.0739	  0.0000
416.0000	128.0000	 11.0239	 -0.0081	  0.0000
432.0000	128.0000	 10.4650	  0.0012	  0.0000
448.0000	128.0000	 10.0557	 -0.7900	  0.0000
464.0000	128.0000	 10.9130	 -0.0904	  0.0000
480.0000	128.0000	 11.0098	 -1.0333	  0.0000
496.0000	128.0000	 10.0606	 -0.0011	  0.0000
 16.0000	112.0000	  9.9418	  0.0145	  0.0000
 32.0000	112.0000	  9.2186	  0.0553	  0.0000
 48.0000	112.0000	  9.0413	  0.0135	  0.0000
 64.0000	112.0000	  8.1008	  0.0855	  0.0000
 80.0000	112.0000	  9.0648	 -0.0083	  0.0000
 96.0000	112.0000	  8.8807	  0.0020	  0.0000
112.0000	112.0000	  8.8490	 -0.0709	  0.0000
128.0000	112.0000	  9.3062	 -0.0339	  0.0000
144.0000	112.0000	  9.0475	 -0.1027	  0.0000
160.0000	112.0000	  8.5131	 -0.0019	  0.0000
176.0000	112.0000	  8.8469	 -0.2826	  0.0000
192.0000	112.0000	  9.0945	 -0.0090	  0.0000
208.0000	112.0000	  8.8476	 -0.5600	  0.0000
224.0000	112.0000	  7.8286	 -0.5121	  0.0000
240.0000	112.0000	  8.6090	 -0.2323	  0.0000
256.0000	112.0000	  9.1059	  0.0025	  0.0000
272.0000	112.0000	  9.6484	 -0.9534	  0.0000
288.0000	112.0000	  8.4581	 -0.0337	  0.0000
304.0000	112.0000	  9.8711	 -0.9181	  0.0000
320.0000	112.0000	  9.2271	  0.0054	  0.0000
336.0000	112.0000	  9.5533	 -0.9067	  0.0000
352.0000	112.0000	  9.3941	 -0.0039	  0.0000
368.0000	112.0000	  8.8898	 -0.0062	  0.0000
384.0000	112.0000	  9.2365	  0.0278	  0.0000
400.0000	112.0000	  8.9293	 -0.2433	  0.0000
416.0000	112.0000	  8.3584	 -0.4874	  0.0000
432.0000	112.0000	  8.1960	 -0.2570	  0.0000
448.0000	112.0000	  8.4984	 -0.0031	  0.0000
464.0000	112.0000	  8.9311	 -0.0295	  0.0000
480.0000	112.0000	  8.9592	  0.0058	  0.0000
496.0000	112.0000	  8.4838	 -0.0025	  0.0000
 16.0000	 96.0000	  6.4159	 -0.0515	  0.0000
 32.0000	 96.0000	  6.6644	 -0.1408	  0.0000
 48.0000	 96.0000	  6.9253	 -0.0828	  0.0000
 64.0000	 96.0000	  7.9238	 -0.1487	  0.0000
 80.0000	 96.0000	  7.5282	 -0.1376	  0.0000
 96.0000	 96.0000	  7.1099	 -0.2031	  0.0000
112.0000	 96.0000	  7.1296	 -0.0041	  0.0000
128.0000	 96.0000	  6.8214	 -0.0427	  0.0000
144.0000	 96.0000	  6.7600	 -0.0091	  0.0000
160.0000	 96.0000	  7.6235	 -0.0560	  0.0000
176.0000	 96.0000	  6.6056	  0.0042	  0.0000
192.0000	 96.0000	  8.0640	 -0.0805	  0.0000
208.0000	 96.0000	  7.8170	 -0.4868	  0.0000
224.0000	 96.0000	  7.5684	 -0.0429	  0.0000
240.0000	 96.0000	  7.6534	 -0.4527	  0.0000
256.0000	 96.0000	  6.4754	 -0.0243	  0.0000
272.0000	 96.0000	  6.1164	  0.0307	  0.0000
288.0000	 96.0000	  6.3058	 -0.0387	  0.0000
304.0000	 96.0000	  6.4063	  0.0016	  0.0000
320.0000	 96.0000	     nan	     nan	  1.0000
336.0000	 96.0000	  6.7810	  0.0931	  0.0000
352.0000	 96.0000	  6.5562	 -0.9278	  0.0000
368.0000	 96.0000	  6.9726	  0.0234	  0.0000
384.0000	 96.0000	  7.6478	 -0.9807	  0.0000
400.0000	 96.0000	  7.6684	 -0.4897	  0.0000
416.0000	 96.0000	  7.6512	 -0.0261	  0.0000
432.0000	 96.0000	  7.0829	 -0.5058	  0.0000
448.0000	 96.0000	  7.3971	 -0.0892	  0.0000
464.0000	 96.0000	  7.5266	 -0.0036	  0.0000
480.0000	 96.0000	  7.1897	 -0.0824	  0.0000
496.0000	 96.0000	  7.3268	 -0.0042	  0.0000
 16.0000	 80.0000	  5.6133	  0.0036	  0.0000
 32.0000	 80.0000	  5.8522	 -0.0243	  0.0000
 48.0000	 80.0000	  5.5822	 -0.4968	  0.0000
 64.0000	 80.0000	  4.5215	 -0.0129	  0.0000
 80.0000	 80.0000	  5.0229	 -0.1241	  0.0000
 96.0000	 80.0000	  5.7565	  0.0346	  0.0000
112.0000	 80.0000	  5.1300	  0.0291	  0.0000
128.0000	 80.0000	  5.4516	  0.0188	  0.0000
144.0000	 80.0000	  5.7518	 -0.0243	  0.0000
160.0000	 80.0000	  5.7442	  0.0086	  0.0000
176.0000	 80.0000	  5.4424	 -0.2628	  0.0000
192.0000	 80.0000	  3.8323	 -0.0033	  0.0000
208.0000	 80.0000	  4.4565	 -0.5239	  0.0000
224.0000	 80.0000	  3.8974	 -0.5479	  0.0000
240.0000	 80.0000	  4.7784	 -0.3367	  0.0000
256.0000	 80.0000	  5.8847	 -0.1310	  0.0000
272.0000	 80.0000	  5.9089	 -0.1070	  0.0000
288.0000	 80.0000	  5.1927	  0.0015	  0.0000
304.0000	 80.0000	  5.5642	 -0.0552	  0.0000
320.0000	 80.0000	  4.2512	 -0.0107	  0.0000
336.0000	 80.0000	  5.4229	 -1.0712	  0.0000
352.0000	 80.0000	  5.4231	 -0.0468	  0.0000
368.0000	 80.0000	  5.6971	 -0.2147	  0.0000
384.0000	 80.0000	  5.2862	  0.0112	  0.0000
400.0000	 80.0000	  5.6508	 -0.4598	  0.0000
416.0000	 80.0000	  6.1127	 -0.5620	  0.0000
432.0000	 80.0000	  5.7394	 -0.4512	  0.0000
448.0000	 80.0000	  5.1656	 -0.0908	  0.0000
464.0000	 80.0000	  5.6708	 -0.3030	  0.0000
480.0000	 80.0000	  4.5808	 -0.0452	  0.0000
496.0000	 80.0000	  3.9667	 -0.0304	  0.0000
 16.0000	 64.0000	  1.7095	 -0.8872	  0.0000
 32.0000	 64.0000	  1.4875	 -0.8789	  0.0000
 48.0000	 64.0000	  3.8931	  0.0059	  0.0000
 64.0000	 64.0000	  3.8988	 -0.9419	  0.0000
 80.0000	 64.0000	  3.5750	 -0.0023	  0.0000
 96.0000	 64.0000	  3.1176	 -0.9186	  0.0000
112.0000	 64.0000	  2.9746	 -0.0186	  0.0000
128.0000	 64.0000	  3.7291	 -0.9508	  0.0000
144.0000	 64.0000	  3.8215	 -0.0129	  0.0000
160.0000	 64.0000	  3.3435	 -0.0624	  0.0000
176.0000	 64.0000	  3.5712	  0.0953	  0.0000
192.0000	 64.0000	  2.9911	 -0.7473	  0.0000
208.0000	 64.0000	  3.4566	  0.0784	  0.0000
224.0000	 64.0000	  3.5604	 -0.9618	  0.0000
240.0000	 64.0000	  3.8125	  0.0098	  0.0000
256.0000	 64.0000	  3.4108	 -0.1350	  0.0000
272.0000	 64.0000	  3.2662	  0.0065	  0.0000
288.0000	 64.0000	  3.0461	 -0.0640	  0.0000
304.0000	 64.0000	  3.3004	  0.0303	  0.0000
320.0000	 64.0000	  3.7931	  0.0139	  0.0000
336.0000	 64.0000	  3.0151	  0.0797	  0.0000
352.0000	 64.0000	  3.0727	 -0.9875	  0.0000
368.0000	 64.0000	  3.6732	  0.0115	  0.0000
384.0000	 64.0000	  3.6438	 -0.8945	  0.0000
400.0000	 64.0000	  1.9592	  0.0219	  0.0000
416.0000	 64.0000	  2.8271	 -0.9158	  0.0000
432.0000	 64.0000	  3.0877	 -0.0136	  0.0000
448.0000	 64.0000	  3.8941	 -0.5937	  0.0000
464.0000	 64.0000	  4.2156	 -0.0251	  0.0000
480.0000	 64.0000	  3.8130	 -0.8900	  0.0000
496.0000	 64.0000	  3.2478	 -0.0081	  0.0000
 16.0000	 48.0000	  0.9178	 -0.0206	  0.0000
 32.0000	 48.0000	  1.0035	 -0.0156	  0.0000
 48.0000	 48.0000	  1.4865	 -0.9269	  0.0000
 64.0000	 48.0000	  0.2795	 -0.0186	  0.0000
 80.0000	 48.0000	  1.3677	 -0.4602	  0.0000
 96.0000	 48.0000	  1.3689	 -0.0028	  0.0000
112.0000	 48.0000	  1.9544	 -0.8621	  0.0000
128.0000	 48.0000	  0.9138	  0.0024	  0.0000
144.0000	 48.0000	  0.9444	 -0.0193	  0.0000
160.0000	 48.0000	  0.3108	  0.0041	  0.0000
176.0000	 48.0000	  0.9932	 -0.3620	  0.0000
192.0000	 48.0000	  1.5445	 -0.0477	  0.0000
208.0000	 48.0000	  1.1638	 -0.2190	  0.0000
224.0000	 48.0000	  0.8260	  0.0070	  0.0000
240.0000	 48.0000	  0.1663	 -0.0035	  0.0000
256.0000	 48.0000	  0.6221	  0.0004	  0.0000
272.0000	 48.0000	  1.2848	 -0.0444	  0.0000
288.0000	 48.0000	  1.1624	  0.0016	  0.0000
304.0000	 48.0000	  1.7809	 -0.0254	  0.0000
320.0000	 48.0000	  1.1844	 -0.0609	  0.0000
336.0000	 48.0000	  1.3786	 -0.0592	  0.0000
352.0000	 48.0000	  1.0725	 -0.0298	  0.0000
368.0000	 48.0000	  1.8122	 -0.4876	  0.0000
384.0000	 48.0000	  1.0848	 -0.0456	  0.0000
400.0000	 48.0000	  1.3022	 -0.4561	  0.0000
416.0000	 48.0000	  1.0811	 -0.0142	  0.0000
432.0000	 48.0000	  1.4420	 -0.3792	  0.0000
448.0000	 48.0000	  0.8771	  0.0188	  0.0000
464.0000	 48.0000	  0.8136	 -0.3227	  0.0000
480.0000	 48.0000	  0.1079	  0.0002	  0.0000
496.0000	 48.0000	  0.1369	 -0.0003	  0.0000
 16.0000	 32.0000	  0.7410	 -0.9518	  0.0000
 32.0000	 32.0000	  0.7318	 -0.9420	  0.0000
 48.0000	 32.0000	  0.1872	 -0.0138	  0.0000
 64.0000	 32.0000	  0.7646	 -0.9447	  0.0000
 80.0000	 32.0000	  0.1161	 -0.0106	  0.0000
 96.0000	 32.0000	  0.3853	 -0.0054	  0.0000
112.0000	 32.0000	  0.0460	  0.0000	  0.0000
128.0000	 32.0000	  0.4070	 -0.0017	  0.0000
144.0000	 32.0000	  0.0937	 -0.0008	  0.0000
160.0000	 32.0000	  0.2719	 -0.0429	  0.0000
176.0000	 32.0000	  0.0372	  0.0000	  0.0000
192.0000	 32.0000	  0.3444	 -0.9860	  0.0000
208.0000	 32.0000	  0.0147	  0.0006	  0.0000
224.0000	 32.0000	  0.3376	  0.0002	  0.0000
240.0000	 32.0000	  0.0376	 -0.0001	  0.0000
256.0000	 32.0000	  0.0917	  0.0002	  0.0000
272.0000	 32.0000	  0.0005	  0.0000	  0.0000
288.0000	 32.0000	  0.2178	 -0.9909	  0.0000
304.0000	 32.0000	  0.0000	  0.0000	  0.0000
320.0000	 32.0000	  0.3397	 -0.0179	  0.0000
336.0000	 32.0000	  0.1103	 -0.0004	  0.0000
352.0000	 32.0000	  0.4488	 -0.0226	  0.0000
368.0000	 32.0000	  0.0695	 -0.0006	  0.0000
384.0000	 32.0000	  0.7030	 -0.9558	  0.0000
400.0000	 32.0000	  0.0291	  0.0024	  0.0000
416.0000	 32.0000	  0.4226	 -0.0024	  0.0000
432.0000	 32.0000	  0.0970	 -0.0004	  0.0000
448.0000	 32.0000	  0.5989	 -0.8927	  0.0000
464.0000	 32.0000	  0.0118	  0.0048	  0.0000
480.0000	 32.0000	  0.0558	 -0.8914	  0.0000
496.0000	 32.0000	  0.0157	 -0.0001	  0.0000
 16.0000	 16.0000	  0.0000	 -0.0000	  0.0000
 32.0000	 16.0000	  0.0000	 -0.0000	  0.0000
 48.0000	 16.0000	  0.0000	 -0.0000	  0.0000
 64.0000	 16.0000	  0.0000	 -0.0000	  0.0000
 80.0000	 16.0000	  0.0000	 -0.0000	  0.0000
 96.0000	 16.0000	  0.0000	 -0.0000	  0.0000
112.0000	 16.0000	  0.0000	 -0.0000	  0.0000
128.0000	 16.0000	  0.0000	 -0.0000	  0.0000
144.0000	 16.0000	  0.0000	 -0.0000	  0.0000
160.0000	 16.0000	  0.0000	 -0.0000	  0.0000
176.0000	 16.0000	  0.0000	 -0.0000	  0.0000
192.0000	 16.0000	  0.3178	  0.0071	  0.0000
208.0000	 16.0000	  0.0000	 -0.0000	  0.0000
224.0000	 16.0000	  0.0000	 -0.0000	  0.0000
240.0000	 16.0000	  0.0000	 -0.0000	  0.0000
256.0000	 16.0000	  0.0000	 -0.0000	  0.0000
272.0000	 16.0000	  0.0000	 -0.0000	  0.0000
288.0000	 16.0000	  0.2177	  0.0005	  0.0000
304.0000	 16.0000	  0.0000	 -0.0000	  0.0000
320.0000	 16.0000	  0.0000	 -0.0000	  0.0000
336.0000	 16.0000	  0.0000	 -0.0000	  0.0000
352.0000	 16.0000	  0.0000	 -0.0000	  0.0000
368.0000	 16.0000	  0.0000	 -0.0000	  0.0000
384.0000	 16.0000	  0.0000	 -0.0000	  0.0000
400.0000	 16.0000	  0.0000	 -0.0000	  0.0000
416.0000	 16.0000	  0.0000	 -0.0000	  0.0000
432.0000	 16.0000	  0.0000	 -0.0000	  0.0000
448.0000	 16.0000	  0.0000	 -0.0000	  0.0000
464.0000	 16.0000	  0.0000	 -0.0000	  0.0000
480.0000	 16.0000	  0.0540	 -0.9616	  0.0000
496.0000	 16.0000	  0.0000	 -0.0000	  0.0000
