 32.0000	 32.0000	  4.3107	 -4.3624	  0.0000
 64.0000	 32.0000	  4.2411	 -4.2991	  0.0000
 96.0000	 32.0000	  3.7723	 -3.7618	  0.0000
128.0000	 32.0000	  2.9627	 -2.9361	  0.0000
160.0000	 32.0000	  2.2564	 -2.2687	  0.0000
192.0000	 32.0000	  0.9922	 -1.0850	  0.0000
224.0000	 32.0000	  0.2729	 -0.2545	  0.0000
256.0000	 32.0000	  0.0414	 -0.0482	  0.0000
288.0000	 32.0000	  0.0201	 -0.0002	  0.0000
320.0000	 32.0000	  0.0544	 -0.0369	  0.0000
352.0000	 32.0000	  0.0242	 -0.0204	  0.0000
384.0000	 32.0000	 -0.0218	 -0.0000	  0.0000
416.0000	 32.0000	 -0.0511	 -0.0005	  0.0000
448.0000	 32.0000	  0.0293	 -0.0006	  0.0000
480.0000	 32.0000	  0.0000	 -0.0000	  0.0000
 32.0000	 64.0000	  4.1773	 -4.2003	  0.0000
 64.0000	 64.0000	  4.3019	 -4.3207	  0.0000
 96.0000	 64.0000	  4.1507	 -4.1038	  0.0000
128.0000	 64.0000	  3.8041	 -3.7766	  0.0000
160.0000	 64.0000	  3.2030	 -3.2141	  0.0000
192.0000	 64.0000	  1.6782	 -1.7069	  0.0000
224.0000	 64.0000	  0.8392	 -0.7459	  0.0000
256.0000	 64.0000	  0.0715	 -0.0716	  0.0000
288.0000	 64.0000	  0.0282	  0.0334	  0.0000
320.0000	 64.0000	  0.0792	  0.0553	  0.0000
352.0000	 64.0000	 -0.0849	  0.0511	  0.0000
384.0000	 64.0000	 -0.0809	  0.0158	  0.0000
416.0000	 64.0000	  0.0000	 -0.0028	  0.0000
448.0000	 64.0000	  0.0022	 -0.0023	  0.0000
480.0000	 64.0000	 -0.0000	 -0.0014	  0.0000
 32.0000	 96.0000	  3.7776	 -3.7243	  0.0000
 64.0000	 96.0000	  4.0397	 -4.0583	  0.0000
 96.0000	 96.0000	  4.2525	 -4.2538	  0.0000
128.0000	 96.0000	  4.1053	 -4.0962	  0.0000
160.0000	 96.0000	  3.9368	 -3.9106	  0.0000
192.0000	 96.0000	     nan	     nan	  1.0000
224.0000	 96.0000	  2.1381	 -2.0740	  0.0000
256.0000	 96.0000	  1.7892	 -1.7881	  0.0000
288.0000	 96.0000	  0.2909	 -0.3109	  0.0000
320.0000	 96.0000	  0.1023	 -0.0551	  0.0000
352.0000	 96.0000	 -0.0347	 -0.0172	  0.0000
384.0000	 96.0000	 -0.1106	 -0.0217	  0.0000
416.0000	 96.0000	  0.0025	 -0.0457	  0.0000
448.0000	 96.0000	  0.0127	 -0.0414	  0.0000
480.0000	 96.0000	 -0.0053	 -0.0036	  0.0000
 32.0000	128.0000	  3.3285	 -3.2540	  0.0000
 64.0000	128.0000	  3.8426	 -3.8563	  0.0000
 96.0000	128.0000	  4.0385	 -4.0485	  0.0000
128.0000	128.0000	  4.2345	 -4.2422	  0.0000
160.0000	128.0000	  4.0764	 -4.0665	  0.0000
192.0000	128.0000	  3.6911	 -3.6104	  0.0000
224.0000	128.0000	  3.1115	 -3.1281	  0.0000
256.0000	128.0000	  2.2360	 -2.1786	  0.0000
288.0000	128.0000	  0.9952	 -1.0281	  0.0000
320.0000	128.0000	  0.2260	 -0.2053	  0.0000
352.0000	128.0000	  0.0457	 -0.0594	  0.0000
384.0000	128.0000	 -0.0755	 -0.0007	  0.0000
416.0000	128.0000	  0.0574	  0.0024	  0.0000
448.0000	128.0000	  0.0248	  0.0018	  0.0000
480.0000	128.0000	 -0.0715	  0.0010	  0.0000
 32.0000	160.0000	  2.0082	 -2.0251	  0.0000
 64.0000	160.0000	  3.0186	 -3.0222	  0.0000
 96.0000	160.0000	  3.7935	 -3.8058	  0.0000
128.0000	160.0000	  4.0168	 -4.0305	  0.0000
160.0000	160.0000	  4.3636	 -4.3776	  0.0000
192.0000	160.0000	  4.1695	 -4.0727	  0.0000
224.0000	160.0000	  3.8462	 -3.7886	  0.0000
256.0000	160.0000	  3.1290	 -3.0836	  0.0000
288.0000	160.0000	  2.2998	 -2.3068	  0.0000
320.0000	160.0000	  0.9308	 -0.8511	  0.0000
352.0000	160.0000	  0.1570	 -0.1194	  0.0000
384.0000	160.0000	  0.0288	  0.0171	  0.0000
416.0000	160.0000	  0.0837	  0.0629	  0.0000
448.0000	160.0000	  0.0122	  0.0622	  0.0000
480.0000	160.0000	 -0.0588	 -0.0340	  0.0000
 32.0000	192.0000	  1.1333	 -1.1315	  0.0000
 64.0000	192.0000	  2.2678	 -2.2649	  0.0000
 96.0000	192.0000	  3.5090	 -3.5791	  0.0000
128.0000	192.0000	  3.6637	 -3.7494	  0.0000
160.0000	192.0000	  4.2888	 -4.3651	  0.0000
192.0000	192.0000	  4.3292	 -4.3545	  0.0000
224.0000	192.0000	  4.1687	 -4.1572	  0.0000
256.0000	192.0000	  3.6664	 -3.5877	  0.0000
288.0000	192.0000	  3.0872	 -3.1006	  0.0000
320.0000	192.0000	  2.7992	 -2.8765	  0.0000
352.0000	192.0000	  0.3508	 -0.3070	  0.0000
384.0000	192.0000	  0.1920	 -0.1600	  0.0000
416.0000	192.0000	  0.0690	 -0.0587	  0.0000
448.0000	192.0000	  0.0324	  0.0013	  0.0000
480.0000	192.0000	 -0.0087	  0.0021	  0.0000
 32.0000	224.0000	  0.1573	 -0.1298	  0.0000
 64.0000	224.0000	  0.7711	 -0.8610	  0.0000
 96.0000	224.0000	  2.2131	 -2.2563	  0.0000
128.0000	224.0000	  2.8741	 -2.8747	  0.0000
160.0000	224.0000	  3.7164	 -3.7135	  0.0000
192.0000	224.0000	  4.1095	 -4.1236	  0.0000
224.0000	224.0000	  4.2611	 -4.2917	  0.0000
256.0000	224.0000	  4.1672	 -4.1534	  0.0000
288.0000	224.0000	  3.7993	 -3.7432	  0.0000
320.0000	224.0000	  3.3161	 -3.3241	  0.0000
352.0000	224.0000	  2.0641	 -2.0039	  0.0000
384.0000	224.0000	  0.9506	 -1.1021	  0.0000
416.0000	224.0000	  0.1994	 -0.1564	  0.0000
448.0000	224.0000	  0.0792	 -0.1084	  0.0000
480.0000	224.0000	 -0.0104	 -0.0286	  0.0000
 32.0000	256.0000	  0.0790	 -0.0008	  0.0000
 64.0000	256.0000	  0.1104	 -0.0812	  0.0000
 96.0000	256.0000	  1.9105	 -1.9253	  0.0000
128.0000	256.0000	  2.3713	 -2.3479	  0.0000
160.0000	256.0000	  3.5938	 -3.5452	  0.0000
192.0000	256.0000	  3.8546	 -3.8656	  0.0000
224.0000	256.0000	  4.1621	 -4.1502	  0.0000
256.0000	256.0000	  4.3024	 -4.3284	  0.0000
288.0000	256.0000	  4.1469	 -4.1900	  0.0000
320.0000	256.0000	  3.6588	 -3.6881	  0.0000
352.0000	256.0000	  3.4617	 -3.2315	  0.0000
384.0000	256.0000	  2.0531	 -1.9363	  0.0000
416.0000	256.0000	     nan	     nan	  1.0000
448.0000	256.0000	  0.0905	 -0.0954	  0.0000
480.0000	256.0000	 -0.0092	  0.0002	  0.0000
 32.0000	288.0000	  0.0532	  0.0235	  0.0000
 64.0000	288.0000	  0.0012	  0.0213	  0.0000
 96.0000	288.0000	  0.1355	 -0.1913	  0.0000
128.0000	288.0000	  0.9021	 -0.8932	  0.0000
160.0000	288.0000	  2.3488	 -2.1795	  0.0000
192.0000	288.0000	  3.1245	 -3.1003	  0.0000
224.0000	288.0000	  3.4112	 -3.4253	  0.0000
256.0000	288.0000	  4.2307	 -4.2455	  0.0000
288.0000	288.0000	  4.3725	 -4.3402	  0.0000
320.0000	288.0000	  3.9880	 -4.0325	  0.0000
352.0000	288.0000	  3.7356	 -3.8202	  0.0000
384.0000	288.0000	  3.1932	 -3.1874	  0.0000
416.0000	288.0000	  3.0898	 -3.0968	  0.0000
448.0000	288.0000	  0.1111	  0.0925	  0.0000
480.0000	288.0000	  0.0343	  0.0711	  0.0000
 32.0000	320.0000	  0.0602	  0.0008	  0.0000
 64.0000	320.0000	  0.0001	 -0.0005	  0.0000
 96.0000	320.0000	 -0.0010	 -0.0289	  0.0000
128.0000	320.0000	  0.2061	 -0.2093	  0.0000
160.0000	320.0000	  1.1514	 -1.1513	  0.0000
192.0000	320.0000	  2.4201	 -2.3678	  0.0000
224.0000	320.0000	  2.9134	 -2.9414	  0.0000
256.0000	320.0000	  3.6517	 -3.6857	  0.0000
288.0000	320.0000	  4.2773	 -4.2212	  0.0000
320.0000	320.0000	  4.2409	 -4.2267	  0.0000
352.0000	320.0000	  3.9891	 -4.0881	  0.0000
384.0000	320.0000	  3.6550	 -3.6480	  0.0000
416.0000	320.0000	  3.5344	 -3.5536	  0.0000
448.0000	320.0000	     nan	     nan	  1.0000
480.0000	320.0000	  0.8738	 -1.0152	  0.0000
 32.0000	352.0000	  0.1896	 -0.0000	  0.0000
 64.0000	352.0000	  0.0434	  0.0001	  0.0000
 96.0000	352.0000	 -0.0539	  0.0001	  0.0000
128.0000	352.0000	 -0.0349	 -0.0000	  0.0000
160.0000	352.0000	  0.2043	 -0.1983	  0.0000
192.0000	352.0000	  1.8578	 -1.7507	  0.0000
224.0000	352.0000	  2.4511	 -2.4447	  0.0000
256.0000	352.0000	  3.0133	 -3.0995	  0.0000
288.0000	352.0000	  3.8077	 -3.8118	  0.0000
320.0000	352.0000	  3.8666	 -3.8682	  0.0000
352.0000	352.0000	  4.2469	 -4.2690	  0.0000
384.0000	352.0000	  4.0387	 -4.0295	  0.0000
416.0000	352.0000	  3.8886	 -3.8971	  0.0000
448.0000	352.0000	     nan	     nan	  1.0000
480.0000	352.0000	  1.9139	 -1.9797	  0.0000
 32.0000	384.0000	  0.1078	 -0.1791	  0.0000
 64.0000	384.0000	  0.0350	 -0.0681	  0.0000
 96.0000	384.0000	 -0.0281	 -0.0002	  0.0000
128.0000	384.0000	 -0.0227	 -0.0000	  0.0000
160.0000	384.0000	  0.0044	 -0.0051	  0.0000
192.0000	384.0000	  0.0562	 -0.2600	  0.0000
224.0000	384.0000	  1.1157	 -1.2432	  0.0000
256.0000	384.0000	  1.6875	 -1.6619	  0.0000
288.0000	384.0000	  3.5625	 -3.5405	  0.0000
320.0000	384.0000	  3.7111	 -3.6696	  0.0000
352.0000	384.0000	  4.0455	 -3.9942	  0.0000
384.0000	384.0000	  4.2381	 -4.2577	  0.0000
416.0000	384.0000	  4.3018	 -4.2905	  0.0000
448.0000	384.0000	  3.9245	 -3.8967	  0.0000
480.0000	384.0000	  3.1729	 -3.1731	  0.0000
 32.0000	416.0000	  0.0684	  0.0000	  0.0000
 64.0000	416.0000	  0.0001	 -0.0016	  0.0000
 96.0000	416.0000	 -0.0333	 -0.0121	  0.0000
128.0000	416.0000	  0.0198	 -0.0122	  0.0000
160.0000	416.0000	  0.0000	 -0.0000	  0.0000
192.0000	416.0000	 -0.0053	 -0.0419	  0.0000
224.0000	416.0000	  0.2328	 -0.2913	  0.0000
256.0000	416.0000	  0.9071	 -0.9389	  0.0000
288.0000	416.0000	  2.7793	 -2.8139	  0.0000
320.0000	416.0000	  3.2053	 -3.2370	  0.0000
352.0000	416.0000	  3.8156	 -3.8071	  0.0000
384.0000	416.0000	  4.1493	 -4.2198	  0.0000
416.0000	416.0000	  4.3642	 -4.3694	  0.0000
448.0000	416.0000	  4.2043	 -4.2217	  0.0000
480.0000	416.0000	  3.9833	 -3.9864	  0.0000
 32.0000	448.0000	  0.0001	  0.0963	  0.0000
 64.0000	448.0000	  0.0113	  0.0960	  0.0000
 96.0000	448.0000	  0.0087	 -0.0086	  0.0000
128.0000	448.0000	  0.0085	 -0.0209	  0.0000
160.0000	448.0000	 -0.0137	 -0.0205	  0.0000
192.0000	448.0000	 -0.0145	  0.1308	  0.0000
224.0000	448.0000	  0.0272	  0.0962	  0.0000
256.0000	448.0000	  0.2199	 -0.1580	  0.0000
288.0000	448.0000	  1.3936	 -1.1680	  0.0000
320.0000	448.0000	  2.3802	 -2.2852	  0.0000
352.0000	448.0000	  3.1638	 -3.1445	  0.0000
384.0000	448.0000	  3.6819	 -3.6497	  0.0000
416.0000	448.0000	  4.1222	 -4.1553	  0.0000
448.0000	448.0000	  4.2277	 -4.3080	  0.0000
480.0000	448.0000	  4.2242	 -4.2309	  0.0000
 32.0000	480.0000	  0.0094	  0.0016	  0.0000
 64.0000	480.0000	 -0.1311	  0.0043	  0.0000
 96.0000	480.0000	  0.0067	  0.0187	  0.0000
128.0000	480.0000	 -0.0078	  0.0154	  0.0000
160.0000	480.0000	 -0.0082	  0.0031	  0.0000
192.0000	480.0000	 -0.0001	  0.0269	  0.0000
224.0000	480.0000	  0.0031	  0.0328	  0.0000
256.0000	480.0000	  0.0595	 -0.0529	  0.0000
288.0000	480.0000	  0.2105	 -0.1770	  0.0000
320.0000	480.0000	  1.0999	 -0.8264	  0.0000
352.0000	480.0000	  2.2959	 -2.1210	  0.0000
384.0000	480.0000	  3.2278	 -3.1833	  0.0000
416.0000	480.0000	  4.0242	 -3.9114	  0.0000
448.0000	480.0000	  4.0958	 -4.0699	  0.0000
480.0000	480.0000	  4.1258	 -4.2160	  0.0000
