 32.0000	 32.0000	  4.2984	 -4.3373	  4.1093
 64.0000	 32.0000	  4.0868	 -4.1017	  5.0272
 96.0000	 32.0000	  3.6115	 -3.6465	  2.6666
128.0000	 32.0000	  3.2189	 -3.3423	  2.8346
160.0000	 32.0000	  2.9017	 -2.7151	  1.4375
192.0000	 32.0000	  0.7972	 -0.7557	  3.5438
224.0000	 32.0000	  0.2037	 -0.2007	  3.5909
256.0000	 32.0000	  0.0376	 -0.0029	  2.1616
288.0000	 32.0000	  0.0000	 -0.0288	  3.4105
320.0000	 32.0000	  0.0231	 -0.0175	  4.8322
352.0000	 32.0000	  0.0222	 -0.0019	  4.8117
384.0000	 32.0000	  0.0495	  0.0001	  3.4552
416.0000	 32.0000	 -0.0242	 -0.0003	  4.4116
448.0000	 32.0000	 -0.0723	 -0.0004	  6.0152
480.0000	 32.0000	 -0.0021	 -0.0001	  6.0353
 32.0000	 64.0000	  4.1580	 -4.1737	  5.9475
 64.0000	 64.0000	  4.2480	 -4.2987	  4.8464
 96.0000	 64.0000	  4.1531	 -4.2032	  3.3234
128.0000	 64.0000	  3.8056	 -3.8454	  3.4281
160.0000	 64.0000	  2.8733	 -2.8710	  2.2703
192.0000	 64.0000	  1.8678	 -1.8776	  3.1387
224.0000	 64.0000	  1.2295	 -1.1326	  2.2495
256.0000	 64.0000	  0.2541	 -0.2045	  2.8156
288.0000	 64.0000	  0.0724	 -0.0479	  6.1993
320.0000	 64.0000	  0.0334	  0.0099	  6.0812
352.0000	 64.0000	  0.1166	 -0.0171	  4.5700
384.0000	 64.0000	 -0.0317	 -0.0065	  4.5658
416.0000	 64.0000	 -0.2056	  0.0615	  3.4628
448.0000	 64.0000	 -0.0193	  0.0252	  3.0967
480.0000	 64.0000	 -0.0016	  0.0512	  4.8569
 32.0000	 96.0000	  3.9554	 -3.9375	  5.6915
 64.0000	 96.0000	  4.1097	 -4.1355	  4.1450
 96.0000	 96.0000	  4.3416	 -4.2989	  4.2387
128.0000	 96.0000	  4.3194	 -4.2542	  4.1915
160.0000	 96.0000	-16.6586	 49.5406	  1.0064
192.0000	 96.0000	  2.8338	 -2.6820	  2.7360
224.0000	 96.0000	  2.2667	 -2.1700	  2.2286
256.0000	 96.0000	  0.9837	 -0.9614	  3.5812
288.0000	 96.0000	  0.2049	 -0.1865	  6.2784
320.0000	 96.0000	  0.0403	 -0.0283	  6.2008
352.0000	 96.0000	  0.0820	  0.0018	  4.5195
384.0000	 96.0000	  0.0033	 -0.0000	  4.6035
416.0000	 96.0000	 -0.1238	 -0.0072	  3.6732
448.0000	 96.0000	 -0.0105	 -0.0432	  2.7983
480.0000	 96.0000	 -0.0080	 -0.0387	  3.1783
 32.0000	128.0000	  3.2128	 -3.1504	  3.8999
 64.0000	128.0000	  3.8315	 -3.7914	  3.9035
 96.0000	128.0000	  4.2802	 -4.2401	  5.1336
128.0000	128.0000	  4.3590	 -4.2911	  3.0051
160.0000	128.0000	  3.7867	 -3.8540	  1.1274
192.0000	128.0000	  3.2143	 -3.2025	  2.3162
224.0000	128.0000	  2.8281	 -2.8806	  3.2445
256.0000	128.0000	  2.0074	 -2.0130	  2.6619
288.0000	128.0000	  0.6846	 -0.7344	  2.9865
320.0000	128.0000	  0.1468	 -0.1486	  3.8059
352.0000	128.0000	 -0.0029	  0.0101	  5.2270
384.0000	128.0000	 -0.0098	  0.0112	  5.3144
416.0000	128.0000	  0.0381	 -0.0040	  4.0869
448.0000	128.0000	  0.0045	  0.0021	  2.9779
480.0000	128.0000	 -0.0501	  0.0122	  4.4809
 32.0000	160.0000	  2.0927	 -2.1050	  2.7957
 64.0000	160.0000	  3.3190	 -3.3385	  4.2288
 96.0000	160.0000	  3.6503	 -3.6618	  3.5252
128.0000	160.0000	  4.0197	 -4.0231	  1.7228
160.0000	160.0000	  4.4604	 -4.3507	  2.1281
192.0000	160.0000	  4.3334	 -4.3336	  2.8776
224.0000	160.0000	  3.8239	 -3.9505	  2.9931
256.0000	160.0000	  3.2451	 -3.2629	  2.3317
288.0000	160.0000	  2.0487	 -2.0399	  2.0009
320.0000	160.0000	  1.1941	 -1.1202	  2.9410
352.0000	160.0000	  0.1162	 -0.1190	  5.2033
384.0000	160.0000	 -0.0130	 -0.0034	  5.5469
416.0000	160.0000	  0.0314	  0.0045	  4.4867
448.0000	160.0000	  0.0098	  0.0251	  4.0599
480.0000	160.0000	 -0.0323	  0.0134	  4.6808
 32.0000	192.0000	  0.7539	 -0.7707	  3.6054
 64.0000	192.0000	  2.8683	 -2.9262	  2.8110
 96.0000	192.0000	  3.1635	 -3.1849	  3.9649
128.0000	192.0000	  3.7593	 -3.7594	  4.0624
160.0000	192.0000	  4.2083	 -4.0979	  5.0507
192.0000	192.0000	  4.3174	 -4.3144	  4.4806
224.0000	192.0000	  4.0629	 -4.1913	  4.8550
256.0000	192.0000	  3.9181	 -3.8717	  2.8315
288.0000	192.0000	  3.1250	 -3.1946	  2.9727
320.0000	192.0000	  1.9743	 -2.0052	  2.1113
352.0000	192.0000	  0.8552	 -0.8495	  2.5813
384.0000	192.0000	  0.2918	 -0.2759	  3.1668
416.0000	192.0000	  0.1203	 -0.0698	  4.4361
448.0000	192.0000	  0.0000	  0.0057	  4.5420
480.0000	192.0000	 -0.0678	 -0.0038	  3.9867
 32.0000	224.0000	  0.3580	 -0.3359	  3.6608
 64.0000	224.0000	  0.9039	 -1.0076	  1.9132
 96.0000	224.0000	  2.6913	 -2.6930	  1.5316
128.0000	224.0000	  3.6385	 -3.6444	  3.5156
160.0000	224.0000	  3.9834	 -3.9083	  4.4022
192.0000	224.0000	  4.2167	 -4.2172	  2.1760
224.0000	224.0000	  4.1032	 -4.2226	  2.3029
256.0000	224.0000	  4.1906	 -4.1944	  3.3617
288.0000	224.0000	  3.8258	 -3.8815	  3.4834
320.0000	224.0000	  3.2038	 -3.2757	  3.4840
352.0000	224.0000	  2.8954	 -3.0385	  2.8540
384.0000	224.0000	  0.9150	 -0.8935	  2.5109
416.0000	224.0000	  0.2185	 -0.1671	  3.0780
448.0000	224.0000	 -0.0104	 -0.0434	  3.5895
480.0000	224.0000	 -0.0940	 -0.0044	  4.0128
 32.0000	256.0000	  0.0724	 -0.0864	  5.2748
 64.0000	256.0000	  0.0555	 -0.1861	  3.6394
 96.0000	256.0000	  0.4865	 -0.5773	  2.3829
128.0000	256.0000	  2.2517	 -2.2058	  3.0889
160.0000	256.0000	  2.9282	 -2.8773	  3.7907
192.0000	256.0000	  3.5567	 -3.5796	  2.4086
224.0000	256.0000	  4.0588	 -4.0934	  2.5701
256.0000	256.0000	  4.2687	 -4.2448	  3.0907
288.0000	256.0000	  4.1722	 -4.1427	  3.2897
320.0000	256.0000	  3.5617	 -3.5610	  3.1529
352.0000	256.0000	  3.2094	 -3.2343	  4.1637
384.0000	256.0000	  2.7240	 -2.7019	  3.8532
416.0000	256.0000	  1.0086	 -1.0491	  3.2012
448.0000	256.0000	  0.4913	 -0.5078	  2.8908
480.0000	256.0000	  0.0639	 -0.0715	  3.4646
 32.0000	288.0000	  0.0123	 -0.0482	  4.9723
 64.0000	288.0000	 -0.0011	 -0.0190	  3.7604
 96.0000	288.0000	  0.1046	 -0.0814	  3.6632
128.0000	288.0000	  1.7982	 -1.7289	  1.8812
160.0000	288.0000	  2.7181	 -2.6629	  2.5098
192.0000	288.0000	  3.2565	 -3.2264	  3.4105
224.0000	288.0000	  3.9477	 -3.9836	  2.6573
256.0000	288.0000	  4.2236	 -4.1705	  3.9186
288.0000	288.0000	  4.2881	 -4.2531	  4.6515
320.0000	288.0000	  4.2413	 -4.2424	  3.1908
352.0000	288.0000	  3.7681	 -3.7151	  3.7650
384.0000	288.0000	  3.0436	 -2.9756	  3.7122
416.0000	288.0000	  1.9233	 -1.7938	  2.9028
448.0000	288.0000	  1.0024	 -1.0188	  2.5359
480.0000	288.0000	  0.1805	 -0.2035	  3.5421
 32.0000	320.0000	  0.0174	  0.0573	  4.4457
 64.0000	320.0000	 -0.0000	  0.0827	  4.1016
 96.0000	320.0000	  0.0423	  0.0138	  4.9906
128.0000	320.0000	  0.0673	 -0.0861	  3.9169
160.0000	320.0000	  0.4489	 -0.5450	  1.6158
192.0000	320.0000	  2.7251	 -2.6143	  2.0345
224.0000	320.0000	  2.9007	 -2.9476	  2.0973
256.0000	320.0000	  3.9350	 -3.9450	  2.0144
288.0000	320.0000	  4.2549	 -4.2747	  3.4625
320.0000	320.0000	  4.3336	 -4.3770	  3.8454
352.0000	320.0000	  4.1548	 -4.2288	  3.8963
384.0000	320.0000	  3.6172	 -3.6730	  3.0273
416.0000	320.0000	  3.3911	 -3.4270	  2.1987
448.0000	320.0000	  2.2923	 -2.3159	  2.7980
480.0000	320.0000	  0.8006	 -0.9245	  2.7570
 32.0000	352.0000	  0.0531	  0.0135	  4.4512
 64.0000	352.0000	  0.0075	 -0.0031	  4.3106
 96.0000	352.0000	  0.0083	 -0.0424	  4.8920
128.0000	352.0000	  0.0024	 -0.0723	  4.3423
160.0000	352.0000	 -0.0199	 -0.1217	  4.6517
192.0000	352.0000	  0.3217	 -0.3248	  1.9249
224.0000	352.0000	  2.2837	 -2.2410	  3.3040
256.0000	352.0000	  3.0366	 -3.0105	  2.7257
288.0000	352.0000	  3.7444	 -3.7723	  3.0986
320.0000	352.0000	  4.1218	 -4.1562	  4.8077
352.0000	352.0000	  4.2790	 -4.2908	  4.1955
384.0000	352.0000	  4.1362	 -4.1304	  4.9733
416.0000	352.0000	  3.9130	 -3.9329	  4.8826
448.0000	352.0000	  2.9442	 -3.0130	  3.3377
480.0000	352.0000	  2.2123	 -2.3055	  3.2155
 32.0000	384.0000	  0.0754	  0.0039	  5.5788
 64.0000	384.0000	 -0.0071	  0.0101	  4.7874
 96.0000	384.0000	 -0.0559	  0.0109	  4.0994
128.0000	384.0000	  0.0653	  0.0048	  4.9090
160.0000	384.0000	  0.0001	 -0.0162	  5.8594
192.0000	384.0000	  0.0639	 -0.1275	  5.0993
224.0000	384.0000	  0.9406	 -0.9378	  3.3902
256.0000	384.0000	  2.3854	 -2.3458	  3.2247
288.0000	384.0000	  3.1984	 -3.2142	  4.2010
320.0000	384.0000	  3.9041	 -3.9146	  5.5417
352.0000	384.0000	  4.2014	 -4.0984	  4.7162
384.0000	384.0000	  4.2690	 -4.2249	  4.9984
416.0000	384.0000	  4.2173	 -4.2524	  5.0890
448.0000	384.0000	  4.1403	 -4.1575	  3.8506
480.0000	384.0000	  2.8185	 -2.8652	  3.3211
 32.0000	416.0000	  0.0481	  0.0234	  5.7049
 64.0000	416.0000	 -0.0243	  0.0420	  3.2988
 96.0000	416.0000	 -0.0315	  0.0269	  4.3102
128.0000	416.0000	  0.0587	  0.0334	  5.8597
160.0000	416.0000	 -0.0130	  0.0339	  5.9379
192.0000	416.0000	 -0.0593	 -0.0118	  4.8935
224.0000	416.0000	  0.2115	 -0.2062	  3.5445
256.0000	416.0000	  1.6989	 -1.7175	  2.2583
288.0000	416.0000	  2.2458	 -2.2667	  2.5296
320.0000	416.0000	  3.4039	 -3.3242	  2.3200
352.0000	416.0000	  3.9414	 -3.8378	  3.6775
384.0000	416.0000	  4.1392	 -4.0871	  3.9647
416.0000	416.0000	  4.2932	 -4.3135	  4.8114
448.0000	416.0000	  4.3251	 -4.3433	  4.1853
480.0000	416.0000	  3.7000	 -3.7119	  3.0452
 32.0000	448.0000	  0.0054	  0.0062	  3.7005
 64.0000	448.0000	  0.0342	 -0.0080	  3.1003
 96.0000	448.0000	  0.0344	 -0.0053	  4.6898
128.0000	448.0000	 -0.0176	  0.0033	  4.9231
160.0000	448.0000	 -0.0274	 -0.0282	  5.3862
192.0000	448.0000	 -0.0020	 -0.0467	  4.0451
224.0000	448.0000	  0.0126	 -0.0062	  3.1572
256.0000	448.0000	  0.2920	 -0.2148	  2.9081
288.0000	448.0000	  0.6851	 -0.7466	  3.0928
320.0000	448.0000	  2.1973	 -1.9606	  2.3693
352.0000	448.0000	  3.0547	 -2.9788	  2.8379
384.0000	448.0000	  4.0469	 -4.0587	  2.8600
416.0000	448.0000	  4.2753	 -4.2780	  4.8248
448.0000	448.0000	  4.3466	 -4.2932	  5.2700
480.0000	448.0000	  4.1108	 -4.2084	  2.6871
 32.0000	480.0000	  0.0011	  0.0046	  3.5158
 64.0000	480.0000	  0.0398	  0.0200	  5.6562
 96.0000	480.0000	  0.0345	  0.0135	  6.5565
128.0000	480.0000	 -0.0284	  0.0010	  6.0701
160.0000	480.0000	 -0.0295	  0.0158	  5.1862
192.0000	480.0000	  0.0009	  0.0169	  4.4347
224.0000	480.0000	  0.0145	  0.0012	  3.6117
256.0000	480.0000	  0.0637	 -0.0438	  3.7801
288.0000	480.0000	  0.1636	 -0.3006	  2.6706
320.0000	480.0000	  0.9028	 -0.9505	  2.2469
352.0000	480.0000	  2.3185	 -2.1206	  3.5469
384.0000	480.0000	  2.8389	 -2.7034	  2.3963
416.0000	480.0000	  3.9314	 -3.8938	  4.0922
448.0000	480.0000	  4.2499	 -4.1500	  4.8720
480.0000	480.0000	  4.2985	 -4.2955	  2.9523
