 16.0000	496.0000	  4.3499	 -4.3499	  0.0000
 32.0000	496.0000	  4.3375	 -4.3293	  0.0000
 48.0000	496.0000	  4.2977	 -4.3144	  0.0000
 64.0000	496.0000	  4.0786	 -4.1060	  0.0000
 80.0000	496.0000	  3.8862	 -3.8949	  0.0000
 96.0000	496.0000	  3.5247	 -3.3510	  0.0000
112.0000	496.0000	  3.2723	 -3.2457	  0.0000
128.0000	496.0000	  3.0560	 -2.9665	  0.0000
144.0000	496.0000	  2.1042	 -2.3262	  0.0000
160.0000	496.0000	  1.4595	 -1.6049	  0.0000
176.0000	496.0000	  1.1714	 -1.1587	  0.0000
192.0000	496.0000	  0.9729	 -0.9523	  0.0000
208.0000	496.0000	  0.2405	 -0.1862	  0.0000
224.0000	496.0000	  0.3408	 -0.3111	  0.0000
240.0000	496.0000	  0.1657	 -0.1394	  0.0000
256.0000	496.0000	 -0.0600	  0.0707	  0.0000
272.0000	496.0000	 -0.0469	  0.0608	  0.0000
288.0000	496.0000	 -0.0218	  0.0255	  0.0000
304.0000	496.0000	  0.0129	 -0.0135	  0.0000
320.0000	496.0000	  0.0212	 -0.0273	  0.0000
336.0000	496.0000	  0.0225	 -0.0213	  0.0000
352.0000	496.0000	  0.0014	 -0.0085	  0.0000
368.0000	496.0000	  0.0012	 -0.0018	  0.0000
384.0000	496.0000	 -0.0137	  0.0145	  0.0000
400.0000	496.0000	 -0.0198	  0.0205	  0.0000
416.0000	496.0000	 -0.0121	  0.0129	  0.0000
432.0000	496.0000	 -0.0068	  0.0063	  0.0000
448.0000	496.0000	  0.0038	 -0.0064	  0.0000
464.0000	496.0000	  0.0182	 -0.0225	  0.0000
480.0000	496.0000	  0.0055	 -0.0103	  0.0000
496.0000	496.0000	  0.0108	 -0.0146	  0.0000
 16.0000	480.0000	  4.3434	 -4.3527	  0.0000
 32.0000	480.0000	  4.3530	 -4.3575	  0.0000
 48.0000	480.0000	  4.2978	 -4.3216	  0.0000
 64.0000	480.0000	  4.2246	 -4.2294	  0.0000
 80.0000	480.0000	  4.0983	 -4.0885	  0.0000
 96.0000	480.0000	  3.8586	 -3.8440	  0.0000
112.0000	480.0000	  3.5379	 -3.5168	  0.0000
128.0000	480.0000	  3.1310	 -3.1139	  0.0000
144.0000	480.0000	  2.7264	 -2.7895	  0.0000
160.0000	480.0000	  2.5332	 -2.6466	  0.0000
176.0000	480.0000	  1.9404	 -1.9223	  0.0000
192.0000	480.0000	  1.5766	 -1.5645	  0.0000
208.0000	480.0000	  1.1260	 -1.2086	  0.0000
224.0000	480.0000	  0.0830	 -0.1403	  0.0000
240.0000	480.0000	  0.0806	 -0.1038	  0.0000
256.0000	480.0000	 -0.0950	  0.0868	  0.0000
272.0000	480.0000	 -0.0488	  0.0540	  0.0000
288.0000	480.0000	 -0.0169	  0.0067	  0.0000
304.0000	480.0000	  0.0076	 -0.0104	  0.0000
320.0000	480.0000	  0.0222	 -0.0242	  0.0000
336.0000	480.0000	  0.0225	 -0.0215	  0.0000
352.0000	480.0000	  0.0010	 -0.0085	  0.0000
368.0000	480.0000	  0.0144	 -0.0087	  0.0000
384.0000	480.0000	  0.0246	 -0.0228	  0.0000
400.0000	480.0000	  0.0199	 -0.0284	  0.0000
416.0000	480.0000	  0.0004	 -0.0004	  0.0000
432.0000	480.0000	 -0.0009	  0.0004	  0.0000
448.0000	480.0000	  0.0066	 -0.0065	  0.0000
464.0000	480.0000	  0.0178	 -0.0230	  0.0000
480.0000	480.0000	  0.0058	 -0.0109	  0.0000
496.0000	480.0000	  0.0105	 -0.0129	  0.0000
 16.0000	464.0000	  4.2249	 -4.2355	  0.0000
 32.0000	464.0000	  4.4254	 -4.4179	  0.0000
 48.0000	464.0000	  4.3628	 -4.3539	  0.0000
 64.0000	464.0000	  4.2777	 -4.2846	  0.0000
 80.0000	464.0000	  4.2492	 -4.2558	  0.0000
 96.0000	464.0000	  4.1661	 -4.1779	  0.0000
112.0000	464.0000	  3.9364	 -3.9377	  0.0000
128.0000	464.0000	  3.5848	 -3.5667	  0.0000
144.0000	464.0000	  3.1771	 -3.1956	  0.0000
160.0000	464.0000	  2.7468	 -2.7284	  0.0000
176.0000	464.0000	  2.1072	 -2.0378	  0.0000
192.0000	464.0000	  1.6216	 -1.5363	  0.0000
208.0000	464.0000	  1.1620	 -1.1769	  0.0000
224.0000	464.0000	  0.4804	 -0.4792	  0.0000
240.0000	464.0000	 -0.0319	  0.1011	  0.0000
256.0000	464.0000	 -0.1072	  0.1204	  0.0000
272.0000	464.0000	 -0.0951	  0.1147	  0.0000
288.0000	464.0000	 -0.0287	  0.0306	  0.0000
304.0000	464.0000	  0.0354	 -0.0438	  0.0000
320.0000	464.0000	  0.0436	 -0.0350	  0.0000
336.0000	464.0000	  0.0119	 -0.0325	  0.0000
352.0000	464.0000	  0.0123	 -0.0241	  0.0000
368.0000	464.0000	 -0.0025	  0.0017	  0.0000
384.0000	464.0000	 -0.0029	  0.0037	  0.0000
400.0000	464.0000	 -0.0389	  0.0333	  0.0000
416.0000	464.0000	 -0.0489	  0.0531	  0.0000
432.0000	464.0000	 -0.0049	  0.0036	  0.0000
448.0000	464.0000	  0.0429	 -0.0239	  0.0000
464.0000	464.0000	  0.0093	 -0.0183	  0.0000
480.0000	464.0000	 -0.0043	  0.0210	  0.0000
496.0000	464.0000	 -0.0024	  0.0016	  0.0000
 16.0000	448.0000	  4.0723	 -4.1029	  0.0000
 32.0000	448.0000	  4.3194	 -4.3042	  0.0000
 48.0000	448.0000	  4.3824	 -4.3985	  0.0000
 64.0000	448.0000	  4.3489	 -4.3668	  0.0000
 80.0000	448.0000	  4.3128	 -4.3176	  0.0000
 96.0000	448.0000	  4.2366	 -4.2444	  0.0000
112.0000	448.0000	  4.0945	 -4.0905	  0.0000
128.0000	448.0000	  3.8436	 -3.8279	  0.0000
144.0000	448.0000	  3.5111	 -3.5480	  0.0000
160.0000	448.0000	  3.1560	 -3.1431	  0.0000
176.0000	448.0000	  2.6816	 -2.7398	  0.0000
192.0000	448.0000	  2.2126	 -2.1676	  0.0000
208.0000	448.0000	  1.5844	 -1.5928	  0.0000
224.0000	448.0000	  1.0666	 -1.0992	  0.0000
240.0000	448.0000	  0.3859	 -0.3610	  0.0000
256.0000	448.0000	  0.0303	 -0.0020	  0.0000
272.0000	448.0000	  0.0035	 -0.0160	  0.0000
288.0000	448.0000	 -0.0170	  0.0138	  0.0000
304.0000	448.0000	  0.0016	 -0.0037	  0.0000
320.0000	448.0000	  0.0099	 -0.0088	  0.0000
336.0000	448.0000	 -0.0014	  0.0005	  0.0000
352.0000	448.0000	 -0.0014	 -0.0012	  0.0000
368.0000	448.0000	 -0.0030	  0.0004	  0.0000
384.0000	448.0000	  0.0086	 -0.0092	  0.0000
400.0000	448.0000	  0.0102	 -0.0191	  0.0000
416.0000	448.0000	 -0.0200	  0.0228	  0.0000
432.0000	448.0000	 -0.0017	 -0.0002	  0.0000
448.0000	448.0000	  0.0175	 -0.0041	  0.0000
464.0000	448.0000	 -0.0260	  0.0285	  0.0000
480.0000	448.0000	  0.0105	  0.0051	  0.0000
496.0000	448.0000	  0.0077	 -0.0086	  0.0000
 16.0000	432.0000	  3.9940	 -4.0799	  0.0000
 32.0000	432.0000	  4.1100	 -4.1034	  0.0000
 48.0000	432.0000	  4.2475	 -4.4304	  0.0000
 64.0000	432.0000	  4.3716	 -4.3994	  0.0000
 80.0000	432.0000	  4.4223	 -4.4422	  0.0000
 96.0000	432.0000	  4.3178	 -4.2895	  0.0000
112.0000	432.0000	  4.1275	 -4.1224	  0.0000
128.0000	432.0000	  4.0341	 -4.0402	  0.0000
144.0000	432.0000	  3.7949	 -3.8516	  0.0000
160.0000	432.0000	  3.6363	 -3.6583	  0.0000
176.0000	432.0000	  3.1631	 -3.1601	  0.0000
192.0000	432.0000	  2.7738	 -2.7491	  0.0000
208.0000	432.0000	  2.2519	 -2.3036	  0.0000
224.0000	432.0000	  1.6749	 -1.7071	  0.0000
240.0000	432.0000	  0.9722	 -0.9830	  0.0000
256.0000	432.0000	  0.4867	 -0.5019	  0.0000
272.0000	432.0000	  0.1708	 -0.1740	  0.0000
288.0000	432.0000	  0.0365	 -0.0380	  0.0000
304.0000	432.0000	 -0.0330	  0.0383	  0.0000
320.0000	432.0000	 -0.0497	  0.0521	  0.0000
336.0000	432.0000	 -0.0416	  0.0461	  0.0000
352.0000	432.0000	 -0.0190	  0.0222	  0.0000
368.0000	432.0000	  0.0065	 -0.0071	  0.0000
384.0000	432.0000	  0.0260	 -0.0301	  0.0000
400.0000	432.0000	  0.0050	 -0.0031	  0.0000
416.0000	432.0000	  0.0387	 -0.0445	  0.0000
432.0000	432.0000	  0.0017	 -0.0048	  0.0000
448.0000	432.0000	  0.0015	 -0.0360	  0.0000
464.0000	432.0000	  0.0237	 -0.0329	  0.0000
480.0000	432.0000	  0.0394	 -0.0478	  0.0000
496.0000	432.0000	 -0.0118	  0.0136	  0.0000
 16.0000	416.0000	  3.6436	 -3.6895	  0.0000
 32.0000	416.0000	  3.8038	 -3.8178	  0.0000
 48.0000	416.0000	  4.2037	 -4.3275	  0.0000
 64.0000	416.0000	  4.3294	 -4.3338	  0.0000
 80.0000	416.0000	  4.3767	 -4.3766	  0.0000
 96.0000	416.0000	  4.3280	 -4.3154	  0.0000
112.0000	416.0000	  4.2180	 -4.2278	  0.0000
128.0000	416.0000	  4.1814	 -4.1965	  0.0000
144.0000	416.0000	  4.0413	 -4.1017	  0.0000
160.0000	416.0000	  3.8594	 -3.8613	  0.0000
176.0000	416.0000	  3.6203	 -3.6154	  0.0000
192.0000	416.0000	  3.2670	 -3.2824	  0.0000
208.0000	416.0000	  2.9079	 -2.9463	  0.0000
224.0000	416.0000	  2.3044	 -2.3678	  0.0000
240.0000	416.0000	  1.7302	 -1.7387	  0.0000
256.0000	416.0000	  1.1600	 -1.1484	  0.0000
272.0000	416.0000	  0.7157	 -0.6640	  0.0000
288.0000	416.0000	  0.2140	 -0.2576	  0.0000
304.0000	416.0000	  0.0135	 -0.0212	  0.0000
320.0000	416.0000	 -0.0301	  0.0272	  0.0000
336.0000	416.0000	 -0.0176	  0.0239	  0.0000
352.0000	416.0000	 -0.0484	  0.0523	  0.0000
368.0000	416.0000	  0.0129	 -0.0131	  0.0000
384.0000	416.0000	  0.0526	 -0.0199	  0.0000
400.0000	416.0000	  0.0046	 -0.0059	  0.0000
416.0000	416.0000	  0.0511	 -0.0440	  0.0000
432.0000	416.0000	 -0.0198	  0.0189	  0.0000
448.0000	416.0000	 -0.0420	  0.0182	  0.0000
464.0000	416.0000	 -0.0292	  0.0382	  0.0000
480.0000	416.0000	  0.0479	 -0.0528	  0.0000
496.0000	416.0000	 -0.0130	  0.0119	  0.0000
 16.0000	400.0000	  3.1352	 -3.1834	  0.0000
 32.0000	400.0000	  3.3433	 -3.3582	  0.0000
 48.0000	400.0000	  4.0080	 -4.0338	  0.0000
 64.0000	400.0000	  4.1638	 -4.1670	  0.0000
 80.0000	400.0000	  4.2261	 -4.2023	  0.0000
 96.0000	400.0000	  4.2950	 -4.2215	  0.0000
112.0000	400.0000	  4.3261	 -4.3087	  0.0000
128.0000	400.0000	  4.3421	 -4.3157	  0.0000
144.0000	400.0000	  4.2086	 -4.2265	  0.0000
160.0000	400.0000	  4.1021	 -4.1003	  0.0000
176.0000	400.0000	  3.9016	 -3.8996	  0.0000
192.0000	400.0000	  3.5929	 -3.6148	  0.0000
208.0000	400.0000	  3.2467	 -3.2374	  0.0000
224.0000	400.0000	  2.7678	 -2.7834	  0.0000
240.0000	400.0000	  2.3091	 -2.3298	  0.0000
256.0000	400.0000	  1.7581	 -1.7599	  0.0000
272.0000	400.0000	  1.1734	 -1.1744	  0.0000
288.0000	400.0000	  0.6269	 -0.6224	  0.0000
304.0000	400.0000	  0.3128	 -0.0956	  0.0000
320.0000	400.0000	  0.0524	 -0.0407	  0.0000
336.0000	400.0000	 -0.0311	  0.0451	  0.0000
352.0000	400.0000	 -0.0270	  0.0237	  0.0000
368.0000	400.0000	 -0.0020	  0.0047	  0.0000
384.0000	400.0000	  0.0279	 -0.0068	  0.0000
400.0000	400.0000	  0.0095	 -0.0013	  0.0000
416.0000	400.0000	  0.0331	 -0.0325	  0.0000
432.0000	400.0000	 -0.0190	  0.0214	  0.0000
448.0000	400.0000	 -0.0578	  0.0774	  0.0000
464.0000	400.0000	 -0.0376	  0.0435	  0.0000
480.0000	400.0000	  0.0397	 -0.0413	  0.0000
496.0000	400.0000	 -0.0105	  0.0112	  0.0000
 16.0000	384.0000	  2.8096	 -2.8023	  0.0000
 32.0000	384.0000	  3.0059	 -2.9588	  0.0000
 48.0000	384.0000	  3.5597	 -3.5842	  0.0000
 64.0000	384.0000	  3.8816	 -3.9039	  0.0000
 80.0000	384.0000	  4.1086	 -4.1134	  0.0000
 96.0000	384.0000	  4.2867	 -4.2861	  0.0000
112.0000	384.0000	  4.3836	 -4.3334	  0.0000
128.0000	384.0000	  4.2896	 -4.2718	  0.0000
144.0000	384.0000	  4.3095	 -4.3058	  0.0000
160.0000	384.0000	  4.2695	 -4.2645	  0.0000
176.0000	384.0000	  4.0789	 -4.0675	  0.0000
192.0000	384.0000	  3.8285	 -3.8324	  0.0000
208.0000	384.0000	  3.5596	 -3.5478	  0.0000
224.0000	384.0000	  3.2180	 -3.2216	  0.0000
240.0000	384.0000	  2.8129	 -2.8417	  0.0000
256.0000	384.0000	  2.3207	 -2.3020	  0.0000
272.0000	384.0000	  1.7151	 -1.7087	  0.0000
288.0000	384.0000	  1.1326	 -1.1424	  0.0000
304.0000	384.0000	  0.5260	 -0.5296	  0.0000
320.0000	384.0000	  0.0863	 -0.0918	  0.0000
336.0000	384.0000	  0.0355	 -0.0333	  0.0000
352.0000	384.0000	 -0.0073	  0.0033	  0.0000
368.0000	384.0000	 -0.0320	  0.0389	  0.0000
384.0000	384.0000	 -0.0498	  0.0598	  0.0000
400.0000	384.0000	 -0.0001	  0.0033	  0.0000
416.0000	384.0000	  0.0013	 -0.0028	  0.0000
432.0000	384.0000	 -0.0300	  0.0319	  0.0000
448.0000	384.0000	 -0.0220	  0.0244	  0.0000
464.0000	384.0000	 -0.0209	  0.0342	  0.0000
480.0000	384.0000	  0.0199	 -0.0128	  0.0000
496.0000	384.0000	 -0.0013	 -0.0019	  0.0000
 16.0000	368.0000	  2.4548	 -2.5083	  0.0000
 32.0000	368.0000	  2.7435	 -2.7333	  0.0000
 48.0000	368.0000	  3.1614	 -3.1866	  0.0000
 64.0000	368.0000	  3.5246	 -3.5507	  0.0000
 80.0000	368.0000	  3.9057	 -3.8781	  0.0000
 96.0000	368.0000	  4.2164	 -4.1721	  0.0000
112.0000	368.0000	  4.1992	 -4.2449	  0.0000
128.0000	368.0000	  4.3210	 -4.3299	  0.0000
144.0000	368.0000	  4.4074	 -4.3685	  0.0000
160.0000	368.0000	  4.3592	 -4.3086	  0.0000
176.0000	368.0000	  4.2622	 -4.2083	  0.0000
192.0000	368.0000	  4.0859	 -4.0512	  0.0000
208.0000	368.0000	  3.8558	 -3.8354	  0.0000
224.0000	368.0000	  3.5764	 -3.5704	  0.0000
240.0000	368.0000	  3.2138	 -3.2448	  0.0000
256.0000	368.0000	  2.7804	 -2.7884	  0.0000
272.0000	368.0000	  2.2509	 -2.2254	  0.0000
288.0000	368.0000	  1.6663	 -1.6418	  0.0000
304.0000	368.0000	  0.9942	 -0.9783	  0.0000
320.0000	368.0000	  0.3909	 -0.3804	  0.0000
336.0000	368.0000	  0.0210	 -0.0286	  0.0000
352.0000	368.0000	 -0.1206	  0.1297	  0.0000
368.0000	368.0000	  0.0047	 -0.0059	  0.0000
384.0000	368.0000	 -0.0036	  0.0182	  0.0000
400.0000	368.0000	 -0.0694	  0.0874	  0.0000
416.0000	368.0000	 -0.0340	  0.0342	  0.0000
432.0000	368.0000	 -0.0206	  0.0061	  0.0000
448.0000	368.0000	 -0.0113	  0.0001	  0.0000
464.0000	368.0000	 -0.0087	  0.0090	  0.0000
480.0000	368.0000	 -0.0080	  0.0023	  0.0000
496.0000	368.0000	 -0.0029	  0.0005	  0.0000
 16.0000	352.0000	  1.8074	 -1.8128	  0.0000
 32.0000	352.0000	  2.3549	 -2.3500	  0.0000
 48.0000	352.0000	  2.6249	 -2.6471	  0.0000
 64.0000	352.0000	  3.2051	 -3.2095	  0.0000
 80.0000	352.0000	  3.6793	 -3.6553	  0.0000
 96.0000	352.0000	  4.0295	 -4.0180	  0.0000
112.0000	352.0000	  4.1661	 -4.1822	  0.0000
128.0000	352.0000	  4.2679	 -4.2770	  0.0000
144.0000	352.0000	  4.3710	 -4.3472	  0.0000
160.0000	352.0000	  4.3586	 -4.3113	  0.0000
176.0000	352.0000	  4.3512	 -4.3398	  0.0000
192.0000	352.0000	  4.2403	 -4.1590	  0.0000
208.0000	352.0000	  4.0663	 -4.0285	  0.0000
224.0000	352.0000	  3.8239	 -3.8291	  0.0000
240.0000	352.0000	  3.5655	 -3.5645	  0.0000
256.0000	352.0000	  3.2176	 -3.2164	  0.0000
272.0000	352.0000	  2.7724	 -2.7676	  0.0000
288.0000	352.0000	  2.2438	 -2.2373	  0.0000
304.0000	352.0000	  1.6868	 -1.6789	  0.0000
320.0000	352.0000	  0.9379	 -0.9060	  0.0000
336.0000	352.0000	  0.4009	 -0.3296	  0.0000
352.0000	352.0000	 -0.0088	 -0.0203	  0.0000
368.0000	352.0000	 -0.1256	  0.1409	  0.0000
384.0000	352.0000	 -0.0354	  0.0615	  0.0000
400.0000	352.0000	  0.0062	 -0.0145	  0.0000
416.0000	352.0000	 -0.0862	  0.1089	  0.0000
432.0000	352.0000	  0.0044	  0.0380	  0.0000
448.0000	352.0000	 -0.0144	  0.0123	  0.0000
464.0000	352.0000	  0.0097	 -0.0109	  0.0000
480.0000	352.0000	 -0.0088	  0.0082	  0.0000
496.0000	352.0000	  0.0003	  0.0004	  0.0000
 16.0000	336.0000	  0.9145	 -0.9989	  0.0000
 32.0000	336.0000	  1.9975	 -1.9954	  0.0000
 48.0000	336.0000	  2.0755	 -2.0939	  0.0000
 64.0000	336.0000	  2.7406	 -2.6799	  0.0000
 80.0000	336.0000	  3.2697	 -3.2037	  0.0000
 96.0000	336.0000	  3.6773	 -3.6569	  0.0000
112.0000	336.0000	  3.9312	 -3.9096	  0.0000
128.0000	336.0000	  4.0485	 -4.0389	  0.0000
144.0000	336.0000	  4.2678	 -4.2582	  0.0000
160.0000	336.0000	  4.3328	 -4.3373	  0.0000
176.0000	336.0000	  4.3994	 -4.3739	  0.0000
192.0000	336.0000	  4.2656	 -4.3315	  0.0000
208.0000	336.0000	  4.1053	 -4.1046	  0.0000
224.0000	336.0000	  3.9931	 -4.0026	  0.0000
240.0000	336.0000	  3.8408	 -3.8463	  0.0000
256.0000	336.0000	  3.5956	 -3.5887	  0.0000
272.0000	336.0000	  3.2516	 -3.2479	  0.0000
288.0000	336.0000	  2.7885	 -2.7999	  0.0000
304.0000	336.0000	  2.2614	 -2.2903	  0.0000
320.0000	336.0000	  1.7332	 -1.7326	  0.0000
336.0000	336.0000	  0.9665	 -0.9205	  0.0000
352.0000	336.0000	  0.3692	 -0.3713	  0.0000
368.0000	336.0000	  0.0400	  0.0031	  0.0000
384.0000	336.0000	  0.0016	  0.0514	  0.0000
400.0000	336.0000	 -0.0019	  0.0807	  0.0000
416.0000	336.0000	 -0.1092	  0.0720	  0.0000
432.0000	336.0000	 -0.0370	  0.0335	  0.0000
448.0000	336.0000	  0.0233	 -0.0236	  0.0000
464.0000	336.0000	  0.0322	 -0.0326	  0.0000
480.0000	336.0000	 -0.0097	  0.0082	  0.0000
496.0000	336.0000	  0.0080	 -0.0064	  0.0000
 16.0000	320.0000	  0.2760	 -0.5103	  0.0000
 32.0000	320.0000	  1.4974	 -1.5063	  0.0000
 48.0000	320.0000	  1.6082	 -1.6123	  0.0000
 64.0000	320.0000	  2.2245	 -2.2290	  0.0000
 80.0000	320.0000	  2.7786	 -2.7747	  0.0000
 96.0000	320.0000	  3.2907	 -3.2739	  0.0000
112.0000	320.0000	  3.6242	 -3.6063	  0.0000
128.0000	320.0000	  3.8301	 -3.8077	  0.0000
144.0000	320.0000	  4.0994	 -4.0994	  0.0000
160.0000	320.0000	  4.2697	 -4.3022	  0.0000
176.0000	320.0000	  4.3811	 -4.3862	  0.0000
192.0000	320.0000	  4.2975	 -4.3559	  0.0000
208.0000	320.0000	  4.3292	 -4.3509	  0.0000
224.0000	320.0000	  4.2202	 -4.2332	  0.0000
240.0000	320.0000	  4.0852	 -4.0953	  0.0000
256.0000	320.0000	  3.8842	 -3.8839	  0.0000
272.0000	320.0000	  3.5724	 -3.5571	  0.0000
288.0000	320.0000	  3.2176	 -3.2181	  0.0000
304.0000	320.0000	  2.7627	 -2.7747	  0.0000
320.0000	320.0000	  2.2491	 -2.3100	  0.0000
336.0000	320.0000	  1.7045	 -1.7026	  0.0000
352.0000	320.0000	  1.0530	 -1.0638	  0.0000
368.0000	320.0000	  0.5501	 -0.5324	  0.0000
384.0000	320.0000	  0.1265	 -0.0492	  0.0000
400.0000	320.0000	 -0.0035	  0.0080	  0.0000
416.0000	320.0000	 -0.0731	  0.0472	  0.0000
432.0000	320.0000	 -0.0428	  0.0410	  0.0000
448.0000	320.0000	  0.0396	 -0.0380	  0.0000
464.0000	320.0000	  0.0542	 -0.0465	  0.0000
480.0000	320.0000	  0.0033	 -0.0019	  0.0000
496.0000	320.0000	  0.0172	 -0.0125	  0.0000
 16.0000	304.0000	 -0.2869	  0.0518	  0.0000
 32.0000	304.0000	  0.7636	 -0.7653	  0.0000
 48.0000	304.0000	  0.8999	 -0.9076	  0.0000
 64.0000	304.0000	  1.7156	 -1.6590	  0.0000
 80.0000	304.0000	  2.3906	 -2.3950	  0.0000
 96.0000	304.0000	  2.8277	 -2.8186	  0.0000
112.0000	304.0000	  3.2706	 -3.3011	  0.0000
128.0000	304.0000	  3.5770	 -3.6052	  0.0000
144.0000	304.0000	  3.9230	 -3.8884	  0.0000
160.0000	304.0000	  4.0260	 -3.9966	  0.0000
176.0000	304.0000	  4.2637	 -4.2349	  0.0000
192.0000	304.0000	  4.3196	 -4.3194	  0.0000
208.0000	304.0000	  4.4526	 -4.4915	  0.0000
224.0000	304.0000	  4.3742	 -4.3885	  0.0000
240.0000	304.0000	  4.2629	 -4.2701	  0.0000
256.0000	304.0000	  4.0740	 -4.0992	  0.0000
272.0000	304.0000	  3.8846	 -3.8887	  0.0000
288.0000	304.0000	  3.5888	 -3.5896	  0.0000
304.0000	304.0000	  3.2166	 -3.2067	  0.0000
320.0000	304.0000	  2.7749	 -2.7831	  0.0000
336.0000	304.0000	  2.3169	 -2.3007	  0.0000
352.0000	304.0000	  1.7118	 -1.7257	  0.0000
368.0000	304.0000	  1.1937	 -1.1627	  0.0000
384.0000	304.0000	  0.6933	 -0.6690	  0.0000
400.0000	304.0000	  0.2721	 -0.2755	  0.0000
416.0000	304.0000	  0.0378	 -0.0492	  0.0000
432.0000	304.0000	 -0.0279	  0.0244	  0.0000
448.0000	304.0000	  0.0207	 -0.0186	  0.0000
464.0000	304.0000	  0.0336	 -0.0376	  0.0000
480.0000	304.0000	 -0.0019	 -0.0006	  0.0000
496.0000	304.0000	 -0.0025	 -0.0041	  0.0000
 16.0000	288.0000	 -0.2270	 -0.2878	  0.0000
 32.0000	288.0000	  0.3204	 -0.3595	  0.0000
 48.0000	288.0000	  0.4900	 -0.5389	  0.0000
 64.0000	288.0000	  1.2167	 -1.2362	  0.0000
 80.0000	288.0000	  1.7878	 -1.8569	  0.0000
 96.0000	288.0000	  2.3248	 -2.3499	  0.0000
112.0000	288.0000	  2.8849	 -2.9354	  0.0000
128.0000	288.0000	  3.3533	 -3.2578	  0.0000
144.0000	288.0000	  3.6431	 -3.6146	  0.0000
160.0000	288.0000	  4.0015	 -3.9121	  0.0000
176.0000	288.0000	  4.2490	 -4.2204	  0.0000
192.0000	288.0000	  4.3818	 -4.3809	  0.0000
208.0000	288.0000	  4.2568	 -4.2514	  0.0000
224.0000	288.0000	  4.4605	 -4.4727	  0.0000
240.0000	288.0000	  4.3646	 -4.3592	  0.0000
256.0000	288.0000	  4.2508	 -4.2437	  0.0000
272.0000	288.0000	  4.0812	 -4.0782	  0.0000
288.0000	288.0000	  3.8763	 -3.8732	  0.0000
304.0000	288.0000	  3.5826	 -3.5608	  0.0000
320.0000	288.0000	  3.2323	 -3.2025	  0.0000
336.0000	288.0000	  2.8390	 -2.8399	  0.0000
352.0000	288.0000	  2.3282	 -2.3295	  0.0000
368.0000	288.0000	  1.7242	 -1.7252	  0.0000
384.0000	288.0000	  1.1154	 -1.1140	  0.0000
400.0000	288.0000	  0.5731	 -0.5758	  0.0000
416.0000	288.0000	  0.2041	 -0.2078	  0.0000
432.0000	288.0000	  0.0405	 -0.0426	  0.0000
448.0000	288.0000	 -0.0106	  0.0194	  0.0000
464.0000	288.0000	 -0.0021	  0.0069	  0.0000
480.0000	288.0000	 -0.0038	  0.0042	  0.0000
496.0000	288.0000	 -0.0090	  0.0181	  0.0000
 16.0000	272.0000	 -0.0219	 -0.0604	  0.0000
 32.0000	272.0000	 -0.0417	 -0.0076	  0.0000
 48.0000	272.0000	  0.1305	 -0.1991	  0.0000
 64.0000	272.0000	  0.5677	 -0.6210	  0.0000
 80.0000	272.0000	  1.0796	 -1.0934	  0.0000
 96.0000	272.0000	  1.7440	 -1.7165	  0.0000
112.0000	272.0000	  2.3579	 -2.3437	  0.0000
128.0000	272.0000	  2.8970	 -2.9063	  0.0000
144.0000	272.0000	  3.2647	 -3.2766	  0.0000
160.0000	272.0000	  3.7337	 -3.6580	  0.0000
176.0000	272.0000	  4.1970	 -4.0589	  0.0000
192.0000	272.0000	  4.0152	 -3.9958	  0.0000
208.0000	272.0000	  4.1649	 -4.1557	  0.0000
224.0000	272.0000	  4.4134	 -4.4072	  0.0000
240.0000	272.0000	  4.3395	 -4.3328	  0.0000
256.0000	272.0000	  4.3501	 -4.3515	  0.0000
272.0000	272.0000	  4.2489	 -4.2446	  0.0000
288.0000	272.0000	  4.1062	 -4.0971	  0.0000
304.0000	272.0000	  3.8944	 -3.8881	  0.0000
320.0000	272.0000	  3.6004	 -3.5782	  0.0000
336.0000	272.0000	  3.2212	 -3.1803	  0.0000
352.0000	272.0000	  2.7713	 -2.7640	  0.0000
368.0000	272.0000	  2.3103	 -2.3190	  0.0000
384.0000	272.0000	  1.6867	 -1.6921	  0.0000
400.0000	272.0000	  1.1061	 -1.1074	  0.0000
416.0000	272.0000	  0.6276	 -0.6251	  0.0000
432.0000	272.0000	  0.1708	 -0.1808	  0.0000
448.0000	272.0000	  0.0108	 -0.0111	  0.0000
464.0000	272.0000	 -0.0348	  0.0368	  0.0000
480.0000	272.0000	  0.0370	 -0.0321	  0.0000
496.0000	272.0000	  0.0036	  0.0225	  0.0000
 16.0000	256.0000	  0.0326	 -0.0397	  0.0000
 32.0000	256.0000	  0.0586	 -0.0101	  0.0000
 48.0000	256.0000	  0.0301	 -0.0284	  0.0000
 64.0000	256.0000	  0.3521	 -0.4053	  0.0000
 80.0000	256.0000	  0.5814	 -0.5907	  0.0000
 96.0000	256.0000	  1.1990	 -1.1971	  0.0000
112.0000	256.0000	  1.7745	 -1.7464	  0.0000
128.0000	256.0000	  2.2573	 -2.2436	  0.0000
144.0000	256.0000	  2.7022	 -2.7022	  0.0000
160.0000	256.0000	  3.3695	 -3.3221	  0.0000
176.0000	256.0000	  3.8040	 -3.7737	  0.0000
192.0000	256.0000	  3.9389	 -3.9283	  0.0000
208.0000	256.0000	  4.2108	 -4.1880	  0.0000
224.0000	256.0000	  4.3026	 -4.2960	  0.0000
240.0000	256.0000	  4.3354	 -4.3378	  0.0000
256.0000	256.0000	  4.3868	 -4.3791	  0.0000
272.0000	256.0000	  4.3560	 -4.3402	  0.0000
288.0000	256.0000	  4.2652	 -4.2697	  0.0000
304.0000	256.0000	  4.1129	 -4.1182	  0.0000
320.0000	256.0000	  3.8780	 -3.8711	  0.0000
336.0000	256.0000	  3.5680	 -3.5536	  0.0000
352.0000	256.0000	  3.2103	 -3.2335	  0.0000
368.0000	256.0000	  2.8254	 -2.8038	  0.0000
384.0000	256.0000	  2.2942	 -2.2888	  0.0000
400.0000	256.0000	  1.7287	 -1.7289	  0.0000
416.0000	256.0000	  1.1571	 -1.1547	  0.0000
432.0000	256.0000	  0.4607	 -0.4534	  0.0000
448.0000	256.0000	  0.1412	 -0.1457	  0.0000
464.0000	256.0000	 -0.0298	  0.0298	  0.0000
480.0000	256.0000	  0.0213	  0.0032	  0.0000
496.0000	256.0000	 -0.0365	  0.0535	  0.0000
 16.0000	240.0000	 -0.0384	  0.0255	  0.0000
 32.0000	240.0000	  0.0075	  0.0091	  0.0000
 48.0000	240.0000	  0.1224	 -0.1506	  0.0000
 64.0000	240.0000	 -0.1061	  0.1400	  0.0000
 80.0000	240.0000	  0.1768	 -0.2364	  0.0000
 96.0000	240.0000	  0.6372	 -0.6423	  0.0000
112.0000	240.0000	  1.0569	 -0.9967	  0.0000
128.0000	240.0000	  1.6922	 -1.5441	  0.0000
144.0000	240.0000	  2.0258	 -2.0328	  0.0000
160.0000	240.0000	  2.7232	 -2.7148	  0.0000
176.0000	240.0000	  3.2178	 -3.2221	  0.0000
192.0000	240.0000	  3.4382	 -3.4564	  0.0000
208.0000	240.0000	  3.9451	 -3.9412	  0.0000
224.0000	240.0000	  4.1202	 -4.1087	  0.0000
240.0000	240.0000	  4.2935	 -4.3000	  0.0000
256.0000	240.0000	  4.3577	 -4.3616	  0.0000
272.0000	240.0000	  4.3647	 -4.3758	  0.0000
288.0000	240.0000	  4.3509	 -4.3628	  0.0000
304.0000	240.0000	  4.2353	 -4.2315	  0.0000
320.0000	240.0000	  4.0627	 -4.0692	  0.0000
336.0000	240.0000	  3.8132	 -3.8292	  0.0000
352.0000	240.0000	  3.5826	 -3.6194	  0.0000
368.0000	240.0000	  3.2708	 -3.2487	  0.0000
384.0000	240.0000	  2.7972	 -2.7931	  0.0000
400.0000	240.0000	  2.3091	 -2.3035	  0.0000
416.0000	240.0000	  1.7859	 -1.7750	  0.0000
432.0000	240.0000	  1.0915	 -1.1159	  0.0000
448.0000	240.0000	  0.5918	 -0.6145	  0.0000
464.0000	240.0000	  0.1529	 -0.2097	  0.0000
480.0000	240.0000	 -0.0037	  0.0374	  0.0000
496.0000	240.0000	 -0.0607	  0.0933	  0.0000
 16.0000	224.0000	  0.0116	 -0.0109	  0.0000
 32.0000	224.0000	 -0.0329	  0.0289	  0.0000
 48.0000	224.0000	  0.0240	 -0.0264	  0.0000
 64.0000	224.0000	  0.0064	 -0.0337	  0.0000
 80.0000	224.0000	 -0.0158	  0.0118	  0.0000
 96.0000	224.0000	  0.0098	 -0.0085	  0.0000
112.0000	224.0000	  0.3247	 -0.3874	  0.0000
128.0000	224.0000	  1.0070	 -1.0361	  0.0000
144.0000	224.0000	  1.4199	 -1.7201	  0.0000
160.0000	224.0000	  2.0498	 -2.2938	  0.0000
176.0000	224.0000	  2.8713	 -2.9457	  0.0000
192.0000	224.0000	  3.1886	 -3.3300	  0.0000
208.0000	224.0000	  3.5241	 -3.5010	  0.0000
224.0000	224.0000	  3.7917	 -3.7570	  0.0000
240.0000	224.0000	  4.0635	 -4.0600	  0.0000
256.0000	224.0000	  4.2593	 -4.2478	  0.0000
272.0000	224.0000	  4.3573	 -4.3542	  0.0000
288.0000	224.0000	  4.3870	 -4.3856	  0.0000
304.0000	224.0000	  4.4008	 -4.4262	  0.0000
320.0000	224.0000	  4.3400	 -4.2247	  0.0000
336.0000	224.0000	  4.1900	 -4.0863	  0.0000
352.0000	224.0000	  3.8923	 -3.8908	  0.0000
368.0000	224.0000	  3.6227	 -3.6119	  0.0000
384.0000	224.0000	  3.2380	 -3.2322	  0.0000
400.0000	224.0000	  2.7895	 -2.8005	  0.0000
416.0000	224.0000	  2.3185	 -2.3282	  0.0000
432.0000	224.0000	  1.7396	 -1.7830	  0.0000
448.0000	224.0000	  1.2074	 -1.2239	  0.0000
464.0000	224.0000	  0.5510	 -0.6685	  0.0000
480.0000	224.0000	  0.2066	 -0.2112	  0.0000
496.0000	224.0000	 -0.0200	  0.0174	  0.0000
 16.0000	208.0000	  0.0027	  0.0034	  0.0000
 32.0000	208.0000	  0.0094	  0.0049	  0.0000
 48.0000	208.0000	 -0.0123	  0.0225	  0.0000
 64.0000	208.0000	 -0.0349	  0.0167	  0.0000
 80.0000	208.0000	 -0.0236	  0.0211	  0.0000
 96.0000	208.0000	 -0.0097	  0.0209	  0.0000
112.0000	208.0000	  0.1152	 -0.1245	  0.0000
128.0000	208.0000	  0.4524	 -0.4384	  0.0000
144.0000	208.0000	  0.8836	 -0.9066	  0.0000
160.0000	208.0000	  1.5398	 -1.6733	  0.0000
176.0000	208.0000	  2.2204	 -2.1519	  0.0000
192.0000	208.0000	  2.6288	 -2.6071	  0.0000
208.0000	208.0000	  3.1957	 -3.0694	  0.0000
224.0000	208.0000	  3.5891	 -3.6103	  0.0000
240.0000	208.0000	  3.8476	 -3.8175	  0.0000
256.0000	208.0000	  4.1089	 -4.1072	  0.0000
272.0000	208.0000	  4.2359	 -4.2334	  0.0000
288.0000	208.0000	  4.3302	 -4.3204	  0.0000
304.0000	208.0000	  4.4547	 -4.4247	  0.0000
320.0000	208.0000	  4.3924	 -4.3455	  0.0000
336.0000	208.0000	  4.2949	 -4.2640	  0.0000
352.0000	208.0000	  4.0698	 -4.0838	  0.0000
368.0000	208.0000	  3.8922	 -3.8924	  0.0000
384.0000	208.0000	  3.6159	 -3.6076	  0.0000
400.0000	208.0000	  3.2601	 -3.2751	  0.0000
416.0000	208.0000	  2.8621	 -2.8522	  0.0000
432.0000	208.0000	  2.3187	 -2.3573	  0.0000
448.0000	208.0000	  1.7941	 -1.8551	  0.0000
464.0000	208.0000	  1.1908	 -1.1974	  0.0000
480.0000	208.0000	  0.6859	 -0.5153	  0.0000
496.0000	208.0000	  0.0697	 -0.0531	  0.0000
 16.0000	192.0000	 -0.0009	  0.0013	  0.0000
 32.0000	192.0000	  0.0422	 -0.0428	  0.0000
 48.0000	192.0000	 -0.0240	  0.0236	  0.0000
 64.0000	192.0000	 -0.0687	  0.0699	  0.0000
 80.0000	192.0000	  0.0179	 -0.0200	  0.0000
 96.0000	192.0000	  0.0647	 -0.0026	  0.0000
112.0000	192.0000	  0.0221	 -0.0144	  0.0000
128.0000	192.0000	  0.2565	 -0.2105	  0.0000
144.0000	192.0000	  0.4717	 -0.4557	  0.0000
160.0000	192.0000	  0.9068	 -0.8870	  0.0000
176.0000	192.0000	  1.7717	 -1.7891	  0.0000
192.0000	192.0000	  2.2676	 -2.2547	  0.0000
208.0000	192.0000	  2.8287	 -2.8450	  0.0000
224.0000	192.0000	  3.2785	 -3.2554	  0.0000
240.0000	192.0000	  3.5541	 -3.5143	  0.0000
256.0000	192.0000	  3.8875	 -3.8893	  0.0000
272.0000	192.0000	  4.0852	 -4.0897	  0.0000
288.0000	192.0000	  4.2310	 -4.2317	  0.0000
304.0000	192.0000	  4.3329	 -4.3293	  0.0000
320.0000	192.0000	  4.3672	 -4.3397	  0.0000
336.0000	192.0000	  4.3534	 -4.3164	  0.0000
352.0000	192.0000	  4.2248	 -4.2359	  0.0000
368.0000	192.0000	  4.0773	 -4.0815	  0.0000
384.0000	192.0000	  3.9200	 -3.9088	  0.0000
400.0000	192.0000	  3.5541	 -3.5613	  0.0000
416.0000	192.0000	  3.2291	 -3.2940	  0.0000
432.0000	192.0000	  2.8257	 -2.9168	  0.0000
448.0000	192.0000	  2.3265	 -2.3502	  0.0000
464.0000	192.0000	  1.8242	 -1.8477	  0.0000
480.0000	192.0000	  0.9995	 -1.1604	  0.0000
496.0000	192.0000	  0.4237	 -0.3437	  0.0000
 16.0000	176.0000	  0.0010	  0.0076	  0.0000
 32.0000	176.0000	  0.0379	 -0.0323	  0.0000
 48.0000	176.0000	 -0.0319	  0.0430	  0.0000
 64.0000	176.0000	 -0.0483	  0.0491	  0.0000
 80.0000	176.0000	  0.0185	 -0.0331	  0.0000
 96.0000	176.0000	  0.0328	 -0.0689	  0.0000
112.0000	176.0000	  0.0131	 -0.0069	  0.0000
128.0000	176.0000	  0.0155	  0.0099	  0.0000
144.0000	176.0000	  0.1318	 -0.1325	  0.0000
160.0000	176.0000	  0.3571	 -0.3033	  0.0000
176.0000	176.0000	  0.8611	 -0.6774	  0.0000
192.0000	176.0000	  1.6639	 -1.3848	  0.0000
208.0000	176.0000	  2.2817	 -2.0854	  0.0000
224.0000	176.0000	  2.7378	 -2.6972	  0.0000
240.0000	176.0000	  3.2421	 -3.2600	  0.0000
256.0000	176.0000	  3.5634	 -3.5600	  0.0000
272.0000	176.0000	  3.8852	 -3.8745	  0.0000
288.0000	176.0000	  4.0944	 -4.0899	  0.0000
304.0000	176.0000	  4.2456	 -4.2591	  0.0000
320.0000	176.0000	  4.3359	 -4.3379	  0.0000
336.0000	176.0000	  4.3140	 -4.3813	  0.0000
352.0000	176.0000	  4.3408	 -4.3482	  0.0000
368.0000	176.0000	  4.2653	 -4.2630	  0.0000
384.0000	176.0000	  4.1319	 -4.1197	  0.0000
400.0000	176.0000	  3.8483	 -3.8552	  0.0000
416.0000	176.0000	  3.5683	 -3.6001	  0.0000
432.0000	176.0000	  3.2658	 -3.2705	  0.0000
448.0000	176.0000	  2.7775	 -2.7872	  0.0000
464.0000	176.0000	  2.3323	 -2.3348	  0.0000
480.0000	176.0000	  1.8493	 -1.7488	  0.0000
496.0000	176.0000	  1.2548	 -0.8973	  0.0000
 16.0000	160.0000	 -0.0234	  0.0235	  0.0000
 32.0000	160.0000	  0.0154	 -0.0153	  0.0000
 48.0000	160.0000	 -0.0509	  0.0525	  0.0000
 64.0000	160.0000	 -0.0429	  0.0433	  0.0000
 80.0000	160.0000	 -0.0027	 -0.0000	  0.0000
 96.0000	160.0000	  0.0185	 -0.0226	  0.0000
112.0000	160.0000	 -0.0096	 -0.0013	  0.0000
128.0000	160.0000	  0.0172	 -0.0296	  0.0000
144.0000	160.0000	 -0.0183	  0.0323	  0.0000
160.0000	160.0000	 -0.0165	  0.0134	  0.0000
176.0000	160.0000	  0.2423	 -0.2417	  0.0000
192.0000	160.0000	  1.0570	 -1.0335	  0.0000
208.0000	160.0000	  1.7118	 -1.6768	  0.0000
224.0000	160.0000	  2.2139	 -2.2097	  0.0000
240.0000	160.0000	  2.8791	 -2.8998	  0.0000
256.0000	160.0000	  3.2365	 -3.2348	  0.0000
272.0000	160.0000	  3.6223	 -3.6443	  0.0000
288.0000	160.0000	  3.8876	 -3.8985	  0.0000
304.0000	160.0000	  4.0979	 -4.1195	  0.0000
320.0000	160.0000	  4.2253	 -4.2454	  0.0000
336.0000	160.0000	  4.2829	 -4.3518	  0.0000
352.0000	160.0000	  4.3697	 -4.3677	  0.0000
368.0000	160.0000	  4.3539	 -4.3510	  0.0000
384.0000	160.0000	  4.2867	 -4.2744	  0.0000
400.0000	160.0000	  4.1493	 -4.1645	  0.0000
416.0000	160.0000	  3.9004	 -3.9630	  0.0000
432.0000	160.0000	  3.5776	 -3.5581	  0.0000
448.0000	160.0000	  3.1653	 -3.1529	  0.0000
464.0000	160.0000	  2.8381	 -2.8284	  0.0000
480.0000	160.0000	  2.5796	 -2.4736	  0.0000
496.0000	160.0000	  1.6968	 -2.5446	  0.0000
 16.0000	144.0000	  0.0118	 -0.0023	  0.0000
 32.0000	144.0000	  0.0360	 -0.0469	  0.0000
 48.0000	144.0000	 -0.0312	  0.0332	  0.0000
 64.0000	144.0000	  0.0265	 -0.0376	  0.0000
 80.0000	144.0000	 -0.0244	 -0.0603	  0.0000
 96.0000	144.0000	  0.0211	 -0.0698	  0.0000
112.0000	144.0000	 -0.0123	  0.0122	  0.0000
128.0000	144.0000	  0.0073	 -0.0166	  0.0000
144.0000	144.0000	 -0.0625	  0.0670	  0.0000
160.0000	144.0000	 -0.1155	  0.1117	  0.0000
176.0000	144.0000	  0.0228	 -0.0300	  0.0000
192.0000	144.0000	  0.5279	 -0.5029	  0.0000
208.0000	144.0000	  1.1629	 -1.1393	  0.0000
224.0000	144.0000	  1.7356	 -1.7212	  0.0000
240.0000	144.0000	  2.3593	 -2.3596	  0.0000
256.0000	144.0000	  2.7434	 -2.8300	  0.0000
272.0000	144.0000	  3.2494	 -3.2643	  0.0000
288.0000	144.0000	  3.5647	 -3.5693	  0.0000
304.0000	144.0000	  3.8673	 -3.8740	  0.0000
320.0000	144.0000	  4.0603	 -4.0801	  0.0000
336.0000	144.0000	  4.2396	 -4.2529	  0.0000
352.0000	144.0000	  4.3012	 -4.3142	  0.0000
368.0000	144.0000	  4.3676	 -4.3459	  0.0000
384.0000	144.0000	  4.3369	 -4.3019	  0.0000
400.0000	144.0000	  4.2452	 -4.2367	  0.0000
416.0000	144.0000	  4.1029	 -4.1224	  0.0000
432.0000	144.0000	  3.9227	 -3.8766	  0.0000
448.0000	144.0000	  3.5712	 -3.5431	  0.0000
464.0000	144.0000	  3.3107	 -3.2980	  0.0000
480.0000	144.0000	  3.1952	 -3.1062	  0.0000
496.0000	144.0000	  2.1577	 -2.1598	  0.0000
 16.0000	128.0000	  0.0139	 -0.0145	  0.0000
 32.0000	128.0000	 -0.0050	  0.0040	  0.0000
 48.0000	128.0000	 -0.0064	  0.0010	  0.0000
 64.0000	128.0000	  0.0077	 -0.0066	  0.0000
 80.0000	128.0000	  0.0482	 -0.0540	  0.0000
 96.0000	128.0000	  0.0658	 -0.0519	  0.0000
112.0000	128.0000	  0.0080	  0.0088	  0.0000
128.0000	128.0000	 -0.0029	  0.0077	  0.0000
144.0000	128.0000	 -0.0447	  0.0704	  0.0000
160.0000	128.0000	 -0.0105	  0.0131	  0.0000
176.0000	128.0000	 -0.0768	  0.1249	  0.0000
192.0000	128.0000	  0.1262	 -0.1246	  0.0000
208.0000	128.0000	  0.5781	 -0.6148	  0.0000
224.0000	128.0000	  1.2650	 -1.2664	  0.0000
240.0000	128.0000	  1.8167	 -1.8148	  0.0000
256.0000	128.0000	  2.2848	 -2.2835	  0.0000
272.0000	128.0000	  2.8124	 -2.8820	  0.0000
288.0000	128.0000	  3.1699	 -3.2281	  0.0000
304.0000	128.0000	  3.5590	 -3.5641	  0.0000
320.0000	128.0000	  3.8596	 -3.8517	  0.0000
336.0000	128.0000	  4.0926	 -4.0884	  0.0000
352.0000	128.0000	  4.2211	 -4.2172	  0.0000
368.0000	128.0000	  4.3428	 -4.3015	  0.0000
384.0000	128.0000	  4.3647	 -4.3059	  0.0000
400.0000	128.0000	  4.3371	 -4.3227	  0.0000
416.0000	128.0000	  4.2742	 -4.2643	  0.0000
432.0000	128.0000	  4.0248	 -4.0479	  0.0000
448.0000	128.0000	  3.8515	 -3.8387	  0.0000
464.0000	128.0000	  3.6450	 -3.6495	  0.0000
480.0000	128.0000	  3.4454	 -3.5017	  0.0000
496.0000	128.0000	  3.1265	 -3.2519	  0.0000
 16.0000	112.0000	 -0.0058	  0.0062	  0.0000
 32.0000	112.0000	  0.0000	 -0.0012	  0.0000
 48.0000	112.0000	 -0.0216	  0.0167	  0.0000
 64.0000	112.0000	 -0.0152	  0.0199	  0.0000
 80.0000	112.0000	  0.0104	 -0.0175	  0.0000
 96.0000	112.0000	  0.0177	 -0.0049	  0.0000
112.0000	112.0000	 -0.0034	  0.0114	  0.0000
128.0000	112.0000	 -0.0046	  0.0098	  0.0000
144.0000	112.0000	 -0.0091	  0.0280	  0.0000
160.0000	112.0000	  0.0306	 -0.0266	  0.0000
176.0000	112.0000	 -0.0808	  0.0833	  0.0000
192.0000	112.0000	 -0.0678	  0.0263	  0.0000
208.0000	112.0000	  0.2450	 -0.2921	  0.0000
224.0000	112.0000	  0.6488	 -0.6449	  0.0000
240.0000	112.0000	  1.3352	 -1.3547	  0.0000
256.0000	112.0000	  1.7417	 -1.8568	  0.0000
272.0000	112.0000	  2.3388	 -2.3346	  0.0000
288.0000	112.0000	  2.7812	 -2.7627	  0.0000
304.0000	112.0000	  3.2189	 -3.2277	  0.0000
320.0000	112.0000	  3.5891	 -3.5791	  0.0000
336.0000	112.0000	  3.8984	 -3.8892	  0.0000
352.0000	112.0000	  4.0704	 -4.0734	  0.0000
368.0000	112.0000	  4.2252	 -4.2457	  0.0000
384.0000	112.0000	  4.3394	 -4.3199	  0.0000
400.0000	112.0000	  4.3660	 -4.3252	  0.0000
416.0000	112.0000	  4.3431	 -4.2775	  0.0000
432.0000	112.0000	  4.2973	 -4.1945	  0.0000
448.0000	112.0000	  4.1255	 -4.0626	  0.0000
464.0000	112.0000	  3.8668	 -3.8601	  0.0000
480.0000	112.0000	  3.5941	 -3.6383	  0.0000
496.0000	112.0000	  3.5608	 -3.5242	  0.0000
 16.0000	 96.0000	 -0.0002	  0.0020	  0.0000
 32.0000	 96.0000	 -0.0061	 -0.0088	  0.0000
 48.0000	 96.0000	 -0.0023	  0.0081	  0.0000
 64.0000	 96.0000	 -0.0003	  0.0023	  0.0000
 80.0000	 96.0000	  0.0069	 -0.0135	  0.0000
 96.0000	 96.0000	  0.0016	 -0.0176	  0.0000
112.0000	 96.0000	  0.0039	 -0.0029	  0.0000
128.0000	 96.0000	 -0.0063	  0.0161	  0.0000
144.0000	 96.0000	 -0.0103	  0.0237	  0.0000
160.0000	 96.0000	 -0.0099	  0.0242	  0.0000
176.0000	 96.0000	  0.0225	  0.0231	  0.0000
192.0000	 96.0000	  0.0014	 -0.0066	  0.0000
208.0000	 96.0000	  0.2795	 -0.1798	  0.0000
224.0000	 96.0000	  0.0983	 -0.0648	  0.0000
240.0000	 96.0000	  0.7707	 -0.5490	  0.0000
256.0000	 96.0000	  1.1875	 -1.1007	  0.0000
272.0000	 96.0000	  1.7603	 -1.7575	  0.0000
288.0000	 96.0000	  2.3224	 -2.2812	  0.0000
304.0000	 96.0000	  2.8000	 -2.7996	  0.0000
320.0000	 96.0000	  3.2004	 -3.2001	  0.0000
336.0000	 96.0000	  3.6006	 -3.5940	  0.0000
352.0000	 96.0000	  3.8395	 -3.8470	  0.0000
368.0000	 96.0000	  4.0779	 -4.0855	  0.0000
384.0000	 96.0000	  4.2693	 -4.2444	  0.0000
400.0000	 96.0000	  4.3409	 -4.3579	  0.0000
416.0000	 96.0000	  4.4033	 -4.4082	  0.0000
432.0000	 96.0000	  4.3086	 -4.3645	  0.0000
448.0000	 96.0000	  4.2416	 -4.2621	  0.0000
464.0000	 96.0000	  4.0221	 -4.0544	  0.0000
480.0000	 96.0000	  3.7445	 -3.7667	  0.0000
496.0000	 96.0000	  3.7176	 -3.7120	  0.0000
 16.0000	 80.0000	  0.0002	  0.0010	  0.0000
 32.0000	 80.0000	 -0.0166	  0.0114	  0.0000
 48.0000	 80.0000	  0.0047	 -0.0005	  0.0000
 64.0000	 80.0000	  0.0103	 -0.0104	  0.0000
 80.0000	 80.0000	  0.0016	 -0.0015	  0.0000
 96.0000	 80.0000	 -0.0211	  0.0139	  0.0000
112.0000	 80.0000	 -0.0028	  0.0154	  0.0000
128.0000	 80.0000	  0.0114	 -0.0009	  0.0000
144.0000	 80.0000	  0.0059	  0.0095	  0.0000
160.0000	 80.0000	  0.0015	  0.0105	  0.0000
176.0000	 80.0000	 -0.0033	  0.0043	  0.0000
192.0000	 80.0000	 -0.0072	 -0.0173	  0.0000
208.0000	 80.0000	  0.1020	 -0.0904	  0.0000
224.0000	 80.0000	  0.2011	 -0.2015	  0.0000
240.0000	 80.0000	  0.3438	 -0.3820	  0.0000
256.0000	 80.0000	  0.5740	 -0.6415	  0.0000
272.0000	 80.0000	  1.0865	 -1.1452	  0.0000
288.0000	 80.0000	  1.7588	 -1.7574	  0.0000
304.0000	 80.0000	  2.3556	 -2.3254	  0.0000
320.0000	 80.0000	  2.7622	 -2.7541	  0.0000
336.0000	 80.0000	  3.2759	 -3.2737	  0.0000
352.0000	 80.0000	  3.5588	 -3.5580	  0.0000
368.0000	 80.0000	  3.8303	 -3.8476	  0.0000
384.0000	 80.0000	  4.0690	 -4.1105	  0.0000
400.0000	 80.0000	  4.2301	 -4.2264	  0.0000
416.0000	 80.0000	  4.3343	 -4.2977	  0.0000
432.0000	 80.0000	  4.3586	 -4.3112	  0.0000
448.0000	 80.0000	  4.3143	 -4.2700	  0.0000
464.0000	 80.0000	  4.2043	 -4.1669	  0.0000
480.0000	 80.0000	  3.9934	 -3.9406	  0.0000
496.0000	 80.0000	  3.9771	 -3.9352	  0.0000
 16.0000	 64.0000	  0.0117	 -0.0086	  0.0000
 32.0000	 64.0000	 -0.0023	  0.0028	  0.0000
 48.0000	 64.0000	  0.0101	 -0.0109	  0.0000
 64.0000	 64.0000	  0.0262	 -0.0248	  0.0000
 80.0000	 64.0000	  0.0025	  0.0008	  0.0000
 96.0000	 64.0000	 -0.0158	  0.0149	  0.0000
112.0000	 64.0000	 -0.0078	  0.0085	  0.0000
128.0000	 64.0000	  0.0137	 -0.0090	  0.0000
144.0000	 64.0000	  0.0197	 -0.0154	  0.0000
160.0000	 64.0000	  0.0039	 -0.0033	  0.0000
176.0000	 64.0000	 -0.0168	  0.0106	  0.0000
192.0000	 64.0000	 -0.0140	  0.0184	  0.0000
208.0000	 64.0000	 -0.0202	  0.0504	  0.0000
224.0000	 64.0000	 -0.0557	  0.0327	  0.0000
240.0000	 64.0000	 -0.0480	  0.0409	  0.0000
256.0000	 64.0000	 -0.0560	  0.0525	  0.0000
272.0000	 64.0000	  0.4485	 -0.4408	  0.0000
288.0000	 64.0000	  1.1403	 -1.0988	  0.0000
304.0000	 64.0000	  1.7772	 -1.7406	  0.0000
320.0000	 64.0000	  2.2823	 -2.2738	  0.0000
336.0000	 64.0000	  2.8252	 -2.8458	  0.0000
352.0000	 64.0000	  3.2048	 -3.2119	  0.0000
368.0000	 64.0000	  3.5517	 -3.5482	  0.0000
384.0000	 64.0000	  3.8260	 -3.8461	  0.0000
400.0000	 64.0000	  4.0550	 -4.0563	  0.0000
416.0000	 64.0000	  4.2496	 -4.2272	  0.0000
432.0000	 64.0000	  4.3491	 -4.3350	  0.0000
448.0000	 64.0000	  4.3636	 -4.3695	  0.0000
464.0000	 64.0000	  4.3664	 -4.3347	  0.0000
480.0000	 64.0000	  4.2937	 -4.2778	  0.0000
496.0000	 64.0000	  4.2358	 -4.0904	  0.0000
 16.0000	 48.0000	  0.0147	 -0.0140	  0.0000
 32.0000	 48.0000	  0.0217	 -0.0197	  0.0000
 48.0000	 48.0000	  0.0246	 -0.0194	  0.0000
 64.0000	 48.0000	  0.0363	 -0.0377	  0.0000
 80.0000	 48.0000	 -0.0032	  0.0054	  0.0000
 96.0000	 48.0000	 -0.0132	  0.0129	  0.0000
112.0000	 48.0000	 -0.0030	  0.0035	  0.0000
128.0000	 48.0000	  0.0157	 -0.0165	  0.0000
144.0000	 48.0000	  0.0099	 -0.0104	  0.0000
160.0000	 48.0000	  0.0127	 -0.0094	  0.0000
176.0000	 48.0000	 -0.0114	  0.0140	  0.0000
192.0000	 48.0000	 -0.0361	  0.0413	  0.0000
208.0000	 48.0000	 -0.0657	  0.0906	  0.0000
224.0000	 48.0000	 -0.1091	  0.1318	  0.0000
240.0000	 48.0000	 -0.2176	  0.3106	  0.0000
256.0000	 48.0000	 -0.2904	  0.3385	  0.0000
272.0000	 48.0000	  0.1112	 -0.0755	  0.0000
288.0000	 48.0000	  0.4583	 -0.5154	  0.0000
304.0000	 48.0000	  1.2655	 -1.2254	  0.0000
320.0000	 48.0000	  1.7857	 -1.7837	  0.0000
336.0000	 48.0000	  2.2909	 -2.2968	  0.0000
352.0000	 48.0000	  2.7972	 -2.7989	  0.0000
368.0000	 48.0000	  3.2172	 -3.2079	  0.0000
384.0000	 48.0000	  3.5523	 -3.5804	  0.0000
400.0000	 48.0000	  3.8093	 -3.8580	  0.0000
416.0000	 48.0000	  4.0714	 -4.0985	  0.0000
432.0000	 48.0000	  4.2519	 -4.2932	  0.0000
448.0000	 48.0000	  4.3808	 -4.2989	  0.0000
464.0000	 48.0000	  4.4349	 -4.3318	  0.0000
480.0000	 48.0000	  4.4574	 -4.2278	  0.0000
496.0000	 48.0000	  5.1232	 -4.1369	  0.0000
 16.0000	 32.0000	 -0.0037	  0.0041	  0.0000
 32.0000	 32.0000	  0.0036	 -0.0003	  0.0000
 48.0000	 32.0000	  0.0220	 -0.0158	  0.0000
 64.0000	 32.0000	  0.0140	 -0.0131	  0.0000
 80.0000	 32.0000	 -0.0089	  0.0057	  0.0000
 96.0000	 32.0000	 -0.0173	  0.0153	  0.0000
112.0000	 32.0000	 -0.0170	  0.0165	  0.0000
128.0000	 32.0000	 -0.0001	  0.0005	  0.0000
144.0000	 32.0000	  0.0163	 -0.0089	  0.0000
160.0000	 32.0000	  0.0039	 -0.0045	  0.0000
176.0000	 32.0000	  0.0186	 -0.0183	  0.0000
192.0000	 32.0000	  0.0129	 -0.0068	  0.0000
208.0000	 32.0000	 -0.0337	  0.0339	  0.0000
224.0000	 32.0000	 -0.0379	  0.0041	  0.0000
240.0000	 32.0000	 -0.0138	  0.0127	  0.0000
256.0000	 32.0000	 -0.1686	  0.1621	  0.0000
272.0000	 32.0000	  0.2052	 -0.2262	  0.0000
288.0000	 32.0000	  0.4312	 -0.4944	  0.0000
304.0000	 32.0000	  0.9465	 -0.6962	  0.0000
320.0000	 32.0000	  1.1577	 -1.1608	  0.0000
336.0000	 32.0000	  1.6875	 -1.6751	  0.0000
352.0000	 32.0000	  2.2754	 -2.2647	  0.0000
368.0000	 32.0000	  2.7962	 -2.7912	  0.0000
384.0000	 32.0000	  3.2031	 -3.2079	  0.0000
400.0000	 32.0000	  3.5190	 -3.5956	  0.0000
416.0000	 32.0000	  3.7989	 -3.7741	  0.0000
432.0000	 32.0000	  4.0438	 -4.0596	  0.0000
448.0000	 32.0000	  4.2541	 -4.2333	  0.0000
464.0000	 32.0000	  4.3690	 -4.3828	  0.0000
480.0000	 32.0000	  4.3823	 -4.3594	  0.0000
496.0000	 32.0000	  4.8335	 -4.2398	  0.0000
 16.0000	 16.0000	  0.0078	 -0.0004	  0.0000
 32.0000	 16.0000	  0.0081	 -0.0008	  0.0000
 48.0000	 16.0000	  0.0129	 -0.0119	  0.0000
 64.0000	 16.0000	  0.0114	 -0.0120	  0.0000
 80.0000	 16.0000	 -0.0188	  0.0188	  0.0000
 96.0000	 16.0000	 -0.0139	  0.0137	  0.0000
112.0000	 16.0000	 -0.0095	  0.0039	  0.0000
128.0000	 16.0000	  0.0058	 -0.0046	  0.0000
144.0000	 16.0000	  0.0092	 -0.0018	  0.0000
160.0000	 16.0000	  0.0019	 -0.0026	  0.0000
176.0000	 16.0000	 -0.0047	  0.0055	  0.0000
192.0000	 16.0000	  0.0013	  0.0079	  0.0000
208.0000	 16.0000	 -0.0232	  0.0168	  0.0000
224.0000	 16.0000	 -0.0717	  0.0539	  0.0000
240.0000	 16.0000	 -0.0064	  0.0093	  0.0000
256.0000	 16.0000	 -0.1048	  0.1216	  0.0000
272.0000	 16.0000	  0.1518	 -0.1443	  0.0000
288.0000	 16.0000	  0.2667	 -0.0860	  0.0000
304.0000	 16.0000	  0.0893	 -0.0708	  0.0000
320.0000	 16.0000	  0.9925	 -1.1266	  0.0000
336.0000	 16.0000	  1.5750	 -1.6261	  0.0000
352.0000	 16.0000	  2.0842	 -1.9078	  0.0000
368.0000	 16.0000	  2.1305	 -1.9614	  0.0000
384.0000	 16.0000	  3.1381	 -3.0826	  0.0000
400.0000	 16.0000	  3.2776	 -3.2655	  0.0000
416.0000	 16.0000	  3.3959	 -3.6964	  0.0000
432.0000	 16.0000	  3.8489	 -4.0264	  0.0000
448.0000	 16.0000	  4.2965	 -4.2689	  0.0000
464.0000	 16.0000	  4.3894	 -4.4019	  0.0000
480.0000	 16.0000	  4.3243	 -4.2581	  0.0000
496.0000	 16.0000	  4.3872	 -4.3442	  0.0000
