 16.0000	496.0000	  4.3313	 -4.3330	     nan
 32.0000	496.0000	  4.3808	 -4.3796	     nan
 48.0000	496.0000	  4.2104	 -4.2050	     nan
 64.0000	496.0000	  3.9969	 -4.0459	     nan
 80.0000	496.0000	  3.6326	 -3.7003	     nan
 96.0000	496.0000	  3.3978	 -3.5693	     nan
112.0000	496.0000	  3.1661	 -3.0047	     nan
128.0000	496.0000	  2.6872	 -2.6234	     nan
144.0000	496.0000	  2.2209	 -2.1975	     nan
160.0000	496.0000	  1.8590	 -1.8364	     nan
176.0000	496.0000	  0.7007	 -0.7784	     nan
192.0000	496.0000	  0.2668	 -0.2869	     nan
208.0000	496.0000	  0.0076	 -0.0600	     nan
224.0000	496.0000	  0.1023	 -0.0301	     nan
240.0000	496.0000	  0.0574	 -0.0620	     nan
256.0000	496.0000	 -0.0107	  0.0138	     nan
272.0000	496.0000	 -0.0392	 -0.0209	     nan
288.0000	496.0000	 -0.0063	  0.0213	     nan
304.0000	496.0000	  0.0314	 -0.0400	     nan
320.0000	496.0000	  0.0125	 -0.0154	     nan
336.0000	496.0000	  0.0179	 -0.0173	     nan
352.0000	496.0000	 -0.0189	  0.0191	     nan
368.0000	496.0000	 -0.0065	  0.0058	     nan
384.0000	496.0000	 -0.0016	  0.0009	     nan
400.0000	496.0000	  0.0187	  0.0016	     nan
416.0000	496.0000	 -0.0208	  0.0096	     nan
432.0000	496.0000	 -0.0044	  0.0079	     nan
448.0000	496.0000	 -0.0041	  0.0038	     nan
464.0000	496.0000	  0.0153	 -0.0139	     nan
480.0000	496.0000	 -0.0010	  0.0002	     nan
496.0000	496.0000	 -0.0004	  0.0024	     nan
 16.0000	480.0000	  4.3321	 -4.3210	     nan
 32.0000	480.0000	  4.4662	 -4.4281	     nan
 48.0000	480.0000	  4.3037	 -4.2737	     nan
 64.0000	480.0000	  4.1604	 -4.2101	     nan
 80.0000	480.0000	  3.9244	 -4.0483	     nan
 96.0000	480.0000	  3.5793	 -3.5558	     nan
112.0000	480.0000	  3.5109	 -3.5536	     nan
128.0000	480.0000	  3.3969	 -3.3562	     nan
144.0000	480.0000	  3.0346	 -2.9781	     nan
160.0000	480.0000	  2.5914	 -2.5732	     nan
176.0000	480.0000	  1.8887	 -1.8863	     nan
192.0000	480.0000	  0.9090	 -0.9253	     nan
208.0000	480.0000	  0.3344	 -0.3257	     nan
224.0000	480.0000	  0.2948	 -0.2257	     nan
240.0000	480.0000	  0.0556	 -0.0584	     nan
256.0000	480.0000	 -0.0126	  0.0176	     nan
272.0000	480.0000	 -0.4230	  0.1816	     nan
288.0000	480.0000	 -0.3479	  0.2959	     nan
304.0000	480.0000	 -0.1958	  0.1827	     nan
320.0000	480.0000	 -0.0978	  0.1086	     nan
336.0000	480.0000	 -0.0978	  0.1052	     nan
352.0000	480.0000	 -0.0174	  0.0175	     nan
368.0000	480.0000	 -0.0146	  0.0126	     nan
384.0000	480.0000	  0.0471	 -0.0269	     nan
400.0000	480.0000	  0.0759	 -0.0483	     nan
416.0000	480.0000	 -0.0043	  0.0056	     nan
432.0000	480.0000	 -0.0018	  0.0090	     nan
448.0000	480.0000	 -0.0026	  0.0024	     nan
464.0000	480.0000	 -0.0054	  0.0043	     nan
480.0000	480.0000	 -0.0072	  0.0061	     nan
496.0000	480.0000	  0.0043	 -0.0031	     nan
 16.0000	464.0000	  4.2634	 -4.3245	     nan
 32.0000	464.0000	  4.4138	 -4.4119	     nan
 48.0000	464.0000	  4.3238	 -4.3399	     nan
 64.0000	464.0000	  4.3458	 -4.3820	     nan
 80.0000	464.0000	  4.2427	 -4.2327	     nan
 96.0000	464.0000	  4.2242	 -4.1169	     nan
112.0000	464.0000	  3.8163	 -3.8433	     nan
128.0000	464.0000	  3.4793	 -3.4417	     nan
144.0000	464.0000	  2.9356	 -2.9055	     nan
160.0000	464.0000	  2.7622	 -2.6235	     nan
176.0000	464.0000	  2.1078	 -2.0797	     nan
192.0000	464.0000	  1.6269	 -1.5043	     nan
208.0000	464.0000	  1.0454	 -1.0058	     nan
224.0000	464.0000	  0.7294	 -0.7257	     nan
240.0000	464.0000	  0.3957	 -0.4133	     nan
256.0000	464.0000	  0.2936	 -0.2631	     nan
272.0000	464.0000	  0.0162	 -0.0861	     nan
288.0000	464.0000	  0.1616	 -0.1434	     nan
304.0000	464.0000	  0.1025	 -0.1299	     nan
320.0000	464.0000	  0.0692	 -0.0717	     nan
336.0000	464.0000	  0.0355	 -0.0179	     nan
352.0000	464.0000	  0.0367	 -0.0295	     nan
368.0000	464.0000	 -0.0430	  0.0263	     nan
384.0000	464.0000	 -0.0405	  0.0364	     nan
400.0000	464.0000	 -0.0782	  0.0655	     nan
416.0000	464.0000	 -0.0953	  0.1081	     nan
432.0000	464.0000	 -0.0375	  0.0323	     nan
448.0000	464.0000	  0.0279	 -0.0289	     nan
464.0000	464.0000	  0.0518	 -0.0518	     nan
480.0000	464.0000	 -0.0001	  0.0008	     nan
496.0000	464.0000	  0.0066	 -0.0037	     nan
 16.0000	448.0000	  4.0630	 -4.1313	     nan
 32.0000	448.0000	  4.1013	 -4.1540	     nan
 48.0000	448.0000	  4.3287	 -4.3276	     nan
 64.0000	448.0000	  4.3468	 -4.3578	     nan
 80.0000	448.0000	  4.3769	 -4.3599	     nan
 96.0000	448.0000	  4.3905	 -4.3091	     nan
112.0000	448.0000	  4.1202	 -4.0969	     nan
128.0000	448.0000	  3.7792	 -3.7357	     nan
144.0000	448.0000	  3.4205	 -3.3028	     nan
160.0000	448.0000	  3.2651	 -3.2704	     nan
176.0000	448.0000	  2.8166	 -2.8208	     nan
192.0000	448.0000	  2.2239	 -2.2510	     nan
208.0000	448.0000	  1.7113	 -1.7367	     nan
224.0000	448.0000	  1.2163	 -1.2492	     nan
240.0000	448.0000	  0.4524	 -0.4879	     nan
256.0000	448.0000	  0.1307	 -0.0875	     nan
272.0000	448.0000	  0.0170	 -0.0274	     nan
288.0000	448.0000	  0.1387	 -0.1522	     nan
304.0000	448.0000	  0.1232	 -0.1297	     nan
320.0000	448.0000	  0.0516	 -0.0497	     nan
336.0000	448.0000	  0.0210	 -0.0192	     nan
352.0000	448.0000	  0.0528	  0.0390	     nan
368.0000	448.0000	  0.0425	  0.0312	     nan
384.0000	448.0000	  0.0069	  0.0293	     nan
400.0000	448.0000	 -0.0038	  0.0528	     nan
416.0000	448.0000	 -0.0532	  0.0513	     nan
432.0000	448.0000	 -0.0323	  0.0282	     nan
448.0000	448.0000	 -0.0068	  0.0038	     nan
464.0000	448.0000	 -0.0330	  0.0219	     nan
480.0000	448.0000	 -0.0195	  0.0193	     nan
496.0000	448.0000	  0.0039	 -0.0034	     nan
 16.0000	432.0000	  3.9507	 -3.9665	     nan
 32.0000	432.0000	  4.0096	 -4.0321	     nan
 48.0000	432.0000	  4.1448	 -4.1377	     nan
 64.0000	432.0000	  4.2574	 -4.2987	     nan
 80.0000	432.0000	  4.3418	 -4.3190	     nan
 96.0000	432.0000	  4.4385	 -4.4376	     nan
112.0000	432.0000	  4.2695	 -4.2815	     nan
128.0000	432.0000	  3.9681	 -3.9627	     nan
144.0000	432.0000	  3.7717	 -3.7238	     nan
160.0000	432.0000	  4.0771	 -3.5161	     nan
176.0000	432.0000	  3.4991	 -3.1789	     nan
192.0000	432.0000	  2.8934	 -2.7810	     nan
208.0000	432.0000	  2.3633	 -2.2948	     nan
224.0000	432.0000	  1.7435	 -1.7494	     nan
240.0000	432.0000	  0.8591	 -0.8127	     nan
256.0000	432.0000	  0.4347	 -0.3910	     nan
272.0000	432.0000	  0.0903	 -0.0609	     nan
288.0000	432.0000	 -0.0790	  0.0714	     nan
304.0000	432.0000	 -0.0994	  0.0981	     nan
320.0000	432.0000	 -0.1565	  0.1327	     nan
336.0000	432.0000	 -0.1694	  0.1767	     nan
352.0000	432.0000	 -0.0603	  0.0699	     nan
368.0000	432.0000	 -0.0363	  0.0447	     nan
384.0000	432.0000	 -0.0103	  0.0210	     nan
400.0000	432.0000	  0.0762	 -0.0130	     nan
416.0000	432.0000	  0.0838	 -0.0446	     nan
432.0000	432.0000	 -0.0231	  0.0190	     nan
448.0000	432.0000	  0.0386	 -0.0084	     nan
464.0000	432.0000	 -0.0048	  0.0173	     nan
480.0000	432.0000	 -0.0109	  0.0091	     nan
496.0000	432.0000	 -0.0041	  0.0034	     nan
 16.0000	416.0000	  3.8473	 -3.8684	     nan
 32.0000	416.0000	  3.9582	 -3.9479	     nan
 48.0000	416.0000	  3.9743	 -3.9662	     nan
 64.0000	416.0000	  4.1540	 -4.2260	     nan
 80.0000	416.0000	  4.3933	 -4.3730	     nan
 96.0000	416.0000	  4.4432	 -4.4411	     nan
112.0000	416.0000	  4.3574	 -4.3632	     nan
128.0000	416.0000	  4.2715	 -4.2570	     nan
144.0000	416.0000	  4.2315	 -4.1984	     nan
160.0000	416.0000	  4.4449	 -4.0059	     nan
176.0000	416.0000	  3.6353	 -3.5941	     nan
192.0000	416.0000	  3.1772	 -3.1520	     nan
208.0000	416.0000	  2.6928	 -2.6346	     nan
224.0000	416.0000	  2.2975	 -2.2918	     nan
240.0000	416.0000	  1.7115	 -1.7208	     nan
256.0000	416.0000	  1.0053	 -1.0676	     nan
272.0000	416.0000	  0.4132	 -0.4668	     nan
288.0000	416.0000	 -0.0658	  0.0381	     nan
304.0000	416.0000	 -0.1100	  0.1314	     nan
320.0000	416.0000	 -0.1329	  0.0995	     nan
336.0000	416.0000	 -0.0375	  0.0440	     nan
352.0000	416.0000	 -0.1077	  0.1272	     nan
368.0000	416.0000	  0.0062	  0.0048	     nan
384.0000	416.0000	  0.0616	 -0.0476	     nan
400.0000	416.0000	  0.1426	 -0.0946	     nan
416.0000	416.0000	  0.1228	 -0.0747	     nan
432.0000	416.0000	  0.0439	 -0.0414	     nan
448.0000	416.0000	  0.0254	 -0.0220	     nan
464.0000	416.0000	 -0.0679	  0.0553	     nan
480.0000	416.0000	 -0.0162	  0.0151	     nan
496.0000	416.0000	 -0.0106	  0.0095	     nan
 16.0000	400.0000	  3.2204	 -3.1928	     nan
 32.0000	400.0000	  3.5990	 -3.5844	     nan
 48.0000	400.0000	  3.8088	 -3.7945	     nan
 64.0000	400.0000	  4.1092	 -4.1079	     nan
 80.0000	400.0000	  4.3006	 -4.2813	     nan
 96.0000	400.0000	  4.3786	 -4.3577	     nan
112.0000	400.0000	  4.3522	 -4.3389	     nan
128.0000	400.0000	  4.3566	 -4.3413	     nan
144.0000	400.0000	  4.1990	 -4.1235	     nan
160.0000	400.0000	  4.0537	 -3.9897	     nan
176.0000	400.0000	  4.0411	 -4.0369	     nan
192.0000	400.0000	  3.6286	 -3.6810	     nan
208.0000	400.0000	  3.2583	 -3.2989	     nan
224.0000	400.0000	  2.8574	 -2.8630	     nan
240.0000	400.0000	  2.3526	 -2.3234	     nan
256.0000	400.0000	  1.6071	 -1.7054	     nan
272.0000	400.0000	  1.1040	 -1.0987	     nan
288.0000	400.0000	  0.4792	 -0.4762	     nan
304.0000	400.0000	  0.1015	 -0.1059	     nan
320.0000	400.0000	  0.0407	 -0.0459	     nan
336.0000	400.0000	  0.0712	 -0.0735	     nan
352.0000	400.0000	 -0.0476	  0.0490	     nan
368.0000	400.0000	  0.0516	 -0.0506	     nan
384.0000	400.0000	 -0.0467	  0.0243	     nan
400.0000	400.0000	  0.0005	 -0.0134	     nan
416.0000	400.0000	 -0.0455	 -0.0007	     nan
432.0000	400.0000	  0.0381	 -0.0243	     nan
448.0000	400.0000	 -0.0919	  0.0773	     nan
464.0000	400.0000	 -0.1357	  0.1168	     nan
480.0000	400.0000	  0.0826	 -0.0677	     nan
496.0000	400.0000	 -0.0072	  0.0102	     nan
 16.0000	384.0000	  2.8974	 -2.9018	     nan
 32.0000	384.0000	  3.1835	 -3.1579	     nan
 48.0000	384.0000	  3.5579	 -3.5670	     nan
 64.0000	384.0000	  3.8023	 -3.7695	     nan
 80.0000	384.0000	  4.0892	 -4.0894	     nan
 96.0000	384.0000	  4.2543	 -4.2338	     nan
112.0000	384.0000	  4.3062	 -4.2854	     nan
128.0000	384.0000	  4.3702	 -4.2991	     nan
144.0000	384.0000	  4.4093	 -4.2744	     nan
160.0000	384.0000	  4.5015	 -4.3506	     nan
176.0000	384.0000	  4.2878	 -4.3522	     nan
192.0000	384.0000	  3.9029	 -4.2678	     nan
208.0000	384.0000	  3.6949	 -3.8116	     nan
224.0000	384.0000	  3.2799	 -3.2773	     nan
240.0000	384.0000	  2.7678	 -2.7475	     nan
256.0000	384.0000	  2.1802	 -2.2003	     nan
272.0000	384.0000	  1.8289	 -1.8184	     nan
288.0000	384.0000	  1.1921	 -1.1825	     nan
304.0000	384.0000	  0.5602	 -0.5722	     nan
320.0000	384.0000	  0.2546	 -0.2813	     nan
336.0000	384.0000	  0.0964	 -0.0741	     nan
352.0000	384.0000	 -0.0575	  0.0617	     nan
368.0000	384.0000	 -0.0126	  0.0257	     nan
384.0000	384.0000	  0.0579	 -0.0433	     nan
400.0000	384.0000	  0.0194	 -0.0179	     nan
416.0000	384.0000	  0.0586	 -0.0553	     nan
432.0000	384.0000	  0.0269	 -0.0075	     nan
448.0000	384.0000	  0.0226	 -0.0188	     nan
464.0000	384.0000	  0.0363	 -0.0062	     nan
480.0000	384.0000	 -0.0022	 -0.0060	     nan
496.0000	384.0000	  0.0039	 -0.0027	     nan
 16.0000	368.0000	  2.5505	 -2.3411	     nan
 32.0000	368.0000	  2.8416	 -2.8098	     nan
 48.0000	368.0000	  3.2665	 -3.2553	     nan
 64.0000	368.0000	  3.5064	 -3.4723	     nan
 80.0000	368.0000	  3.8622	 -3.8860	     nan
 96.0000	368.0000	  4.0088	 -4.0106	     nan
112.0000	368.0000	  4.2198	 -4.1973	     nan
128.0000	368.0000	  4.3196	 -4.2604	     nan
144.0000	368.0000	  4.3931	 -4.3398	     nan
160.0000	368.0000	  4.3965	 -4.3941	     nan
176.0000	368.0000	  4.2433	 -4.4220	     nan
192.0000	368.0000	  4.2701	 -4.2398	     nan
208.0000	368.0000	  3.9485	 -3.9433	     nan
224.0000	368.0000	  3.5449	 -3.5608	     nan
240.0000	368.0000	  3.2300	 -3.2253	     nan
256.0000	368.0000	  2.7879	 -2.7889	     nan
272.0000	368.0000	  2.3247	 -2.3512	     nan
288.0000	368.0000	  1.7375	 -1.6122	     nan
304.0000	368.0000	  1.2362	 -1.1472	     nan
320.0000	368.0000	  0.5596	 -0.5648	     nan
336.0000	368.0000	  0.3042	 -0.2469	     nan
352.0000	368.0000	  0.0552	 -0.0625	     nan
368.0000	368.0000	  0.0596	 -0.0503	     nan
384.0000	368.0000	  0.0093	 -0.0104	     nan
400.0000	368.0000	  0.0058	 -0.0099	     nan
416.0000	368.0000	 -0.0839	  0.0622	     nan
432.0000	368.0000	  0.0446	 -0.0399	     nan
448.0000	368.0000	  0.1115	 -0.1197	     nan
464.0000	368.0000	  0.1877	 -0.1352	     nan
480.0000	368.0000	  0.0071	 -0.0154	     nan
496.0000	368.0000	  0.0051	 -0.0003	     nan
 16.0000	352.0000	  1.8802	 -1.8496	     nan
 32.0000	352.0000	  2.2803	 -2.2792	     nan
 48.0000	352.0000	  2.9301	 -2.9282	     nan
 64.0000	352.0000	  3.2744	 -3.3085	     nan
 80.0000	352.0000	  3.5208	 -3.5383	     nan
 96.0000	352.0000	  3.8185	 -3.7939	     nan
112.0000	352.0000	  4.0724	 -4.1051	     nan
128.0000	352.0000	  4.2113	 -4.2050	     nan
144.0000	352.0000	  4.2799	 -4.3594	     nan
160.0000	352.0000	  4.4257	 -4.4026	     nan
176.0000	352.0000	  4.3632	 -4.3610	     nan
192.0000	352.0000	  4.2715	 -4.2741	     nan
208.0000	352.0000	  4.0530	 -4.0861	     nan
224.0000	352.0000	  3.8363	 -3.8369	     nan
240.0000	352.0000	  3.4956	 -3.5382	     nan
256.0000	352.0000	  3.2372	 -3.2407	     nan
272.0000	352.0000	  2.7569	 -2.7493	     nan
288.0000	352.0000	  2.1610	 -2.1838	     nan
304.0000	352.0000	  1.6911	 -1.6710	     nan
320.0000	352.0000	  1.1556	 -1.1265	     nan
336.0000	352.0000	  0.5124	 -0.4929	     nan
352.0000	352.0000	  0.2354	 -0.1511	     nan
368.0000	352.0000	  0.0449	 -0.0565	     nan
384.0000	352.0000	 -0.0776	  0.0799	     nan
400.0000	352.0000	 -0.1346	  0.1374	     nan
416.0000	352.0000	 -0.1582	  0.2143	     nan
432.0000	352.0000	  0.1475	 -0.0301	     nan
448.0000	352.0000	  0.1914	 -0.0656	     nan
464.0000	352.0000	  0.1547	 -0.1272	     nan
480.0000	352.0000	 -0.2565	  0.1952	     nan
496.0000	352.0000	  0.0079	 -0.0042	     nan
 16.0000	336.0000	  1.3343	 -1.3369	     nan
 32.0000	336.0000	  1.4955	 -1.4409	     nan
 48.0000	336.0000	  2.3913	 -2.4247	     nan
 64.0000	336.0000	  2.9986	 -3.0010	     nan
 80.0000	336.0000	  3.1959	 -3.2096	     nan
 96.0000	336.0000	  3.4844	 -3.5206	     nan
112.0000	336.0000	  3.8312	 -3.8377	     nan
128.0000	336.0000	  4.0723	 -3.9954	     nan
144.0000	336.0000	  4.2210	 -4.2168	     nan
160.0000	336.0000	  4.3432	 -4.3598	     nan
176.0000	336.0000	  4.2820	 -4.3484	     nan
192.0000	336.0000	  4.3309	 -4.3174	     nan
208.0000	336.0000	  4.2276	 -4.2245	     nan
224.0000	336.0000	  4.0785	 -4.0766	     nan
240.0000	336.0000	  3.7975	 -3.8092	     nan
256.0000	336.0000	  3.6196	 -3.6095	     nan
272.0000	336.0000	  3.2999	 -3.3174	     nan
288.0000	336.0000	  2.8049	 -2.8237	     nan
304.0000	336.0000	  2.3581	 -2.3482	     nan
320.0000	336.0000	  1.7914	 -1.7888	     nan
336.0000	336.0000	  1.1073	 -1.1011	     nan
352.0000	336.0000	  0.6003	 -0.5550	     nan
368.0000	336.0000	  0.0905	 -0.0956	     nan
384.0000	336.0000	 -0.1357	 -0.0409	     nan
400.0000	336.0000	  0.1081	  0.0929	     nan
416.0000	336.0000	 -0.1604	  0.0796	     nan
432.0000	336.0000	  0.1252	 -0.0555	     nan
448.0000	336.0000	  0.1717	 -0.1532	     nan
464.0000	336.0000	  0.1569	 -0.1782	     nan
480.0000	336.0000	 -0.0841	  0.0701	     nan
496.0000	336.0000	  0.0234	 -0.0166	     nan
 16.0000	320.0000	  0.7830	 -0.7432	     nan
 32.0000	320.0000	  0.8535	 -0.8125	     nan
 48.0000	320.0000	  1.9046	 -1.9556	     nan
 64.0000	320.0000	  2.4781	 -2.4951	     nan
 80.0000	320.0000	  2.8181	 -2.8542	     nan
 96.0000	320.0000	  3.1456	 -3.1563	     nan
112.0000	320.0000	  3.5361	 -3.5212	     nan
128.0000	320.0000	  3.7598	 -3.7551	     nan
144.0000	320.0000	  4.0154	 -4.0081	     nan
160.0000	320.0000	  4.2226	 -4.2091	     nan
176.0000	320.0000	  4.2814	 -4.3187	     nan
192.0000	320.0000	  4.3983	 -4.4145	     nan
208.0000	320.0000	  4.3698	 -4.3873	     nan
224.0000	320.0000	  4.2663	 -4.2735	     nan
240.0000	320.0000	  4.0874	 -4.1085	     nan
256.0000	320.0000	  3.9118	 -3.9181	     nan
272.0000	320.0000	  3.6387	 -3.6176	     nan
288.0000	320.0000	  3.1876	 -3.2618	     nan
304.0000	320.0000	  2.9685	 -2.8874	     nan
320.0000	320.0000	  2.3429	 -2.3463	     nan
336.0000	320.0000	  1.8297	 -1.7581	     nan
352.0000	320.0000	  1.1397	 -1.1359	     nan
368.0000	320.0000	  0.5410	 -0.5356	     nan
384.0000	320.0000	  0.0339	 -0.1562	     nan
400.0000	320.0000	 -0.0676	  0.0928	     nan
416.0000	320.0000	 -0.2230	  0.1963	     nan
432.0000	320.0000	  0.0231	  0.0061	     nan
448.0000	320.0000	  0.1489	 -0.1404	     nan
464.0000	320.0000	  0.2411	 -0.1222	     nan
480.0000	320.0000	 -0.0479	  0.0692	     nan
496.0000	320.0000	  0.0255	 -0.0187	     nan
 16.0000	304.0000	  0.2942	 -0.2472	     nan
 32.0000	304.0000	  0.3864	 -0.3111	     nan
 48.0000	304.0000	  1.1888	 -1.1841	     nan
 64.0000	304.0000	  1.7637	 -1.7790	     nan
 80.0000	304.0000	  2.3185	 -2.3565	     nan
 96.0000	304.0000	  2.7688	 -2.7963	     nan
112.0000	304.0000	  3.1881	 -3.1768	     nan
128.0000	304.0000	  3.6041	 -3.6174	     nan
144.0000	304.0000	  3.8695	 -3.8686	     nan
160.0000	304.0000	  4.0824	 -4.0682	     nan
176.0000	304.0000	  4.2510	 -4.2505	     nan
192.0000	304.0000	  4.3656	 -4.3788	     nan
208.0000	304.0000	  4.3940	 -4.4010	     nan
224.0000	304.0000	  4.3534	 -4.3443	     nan
240.0000	304.0000	  4.2414	 -4.2387	     nan
256.0000	304.0000	  4.1228	 -4.1111	     nan
272.0000	304.0000	  3.9400	 -3.9062	     nan
288.0000	304.0000	  3.6080	 -3.6048	     nan
304.0000	304.0000	  3.3631	 -3.3916	     nan
320.0000	304.0000	  2.8505	 -2.9405	     nan
336.0000	304.0000	  2.3961	 -2.2942	     nan
352.0000	304.0000	  1.7461	 -1.7546	     nan
368.0000	304.0000	  1.0708	 -1.1039	     nan
384.0000	304.0000	  0.4252	 -0.4338	     nan
400.0000	304.0000	  0.0705	 -0.0604	     nan
416.0000	304.0000	  0.0656	 -0.0902	     nan
432.0000	304.0000	  0.0839	 -0.0805	     nan
448.0000	304.0000	  0.0433	 -0.0405	     nan
464.0000	304.0000	  0.0790	  0.0431	     nan
480.0000	304.0000	 -0.0887	  0.0985	     nan
496.0000	304.0000	  0.0213	 -0.0189	     nan
 16.0000	288.0000	 -0.0362	  0.0447	     nan
 32.0000	288.0000	 -0.0212	  0.0578	     nan
 48.0000	288.0000	  0.4942	 -0.4828	     nan
 64.0000	288.0000	  1.0306	 -1.0715	     nan
 80.0000	288.0000	  1.8177	 -1.8083	     nan
 96.0000	288.0000	  2.3733	 -2.4100	     nan
112.0000	288.0000	  2.9463	 -2.9551	     nan
128.0000	288.0000	  3.3596	 -3.4471	     nan
144.0000	288.0000	  3.6380	 -3.6710	     nan
160.0000	288.0000	  3.8683	 -3.8541	     nan
176.0000	288.0000	  4.0997	 -4.0896	     nan
192.0000	288.0000	  4.2356	 -4.2241	     nan
208.0000	288.0000	  4.3680	 -4.3603	     nan
224.0000	288.0000	  4.3271	 -4.3154	     nan
240.0000	288.0000	  4.3488	 -4.3146	     nan
256.0000	288.0000	  4.3095	 -4.2887	     nan
272.0000	288.0000	  4.0916	 -4.1159	     nan
288.0000	288.0000	  3.8254	 -3.8628	     nan
304.0000	288.0000	  3.5597	 -3.5770	     nan
320.0000	288.0000	  3.2360	 -3.2413	     nan
336.0000	288.0000	  2.8544	 -2.8820	     nan
352.0000	288.0000	  2.3699	 -2.3681	     nan
368.0000	288.0000	  1.7673	 -1.7664	     nan
384.0000	288.0000	  1.1209	 -1.1380	     nan
400.0000	288.0000	  0.6056	 -0.5776	     nan
416.0000	288.0000	 -0.0389	  0.0284	     nan
432.0000	288.0000	 -0.0073	  0.2091	     nan
448.0000	288.0000	 -0.1349	  0.1372	     nan
464.0000	288.0000	 -0.1050	  0.1504	     nan
480.0000	288.0000	 -0.0009	 -0.0006	     nan
496.0000	288.0000	 -0.0058	  0.0037	     nan
 16.0000	272.0000	 -0.0714	 -0.0037	     nan
 32.0000	272.0000	  0.1879	 -0.1529	     nan
 48.0000	272.0000	 -0.0167	  0.0634	     nan
 64.0000	272.0000	  0.3857	 -0.3816	     nan
 80.0000	272.0000	  1.1717	 -1.1100	     nan
 96.0000	272.0000	  1.7475	 -1.7646	     nan
112.0000	272.0000	  2.3400	 -2.3269	     nan
128.0000	272.0000	  2.8136	 -2.8185	     nan
144.0000	272.0000	  3.1687	 -3.1343	     nan
160.0000	272.0000	  3.6079	 -3.5986	     nan
176.0000	272.0000	  3.7965	 -3.7645	     nan
192.0000	272.0000	  3.9635	 -3.9788	     nan
208.0000	272.0000	  4.1641	 -4.1433	     nan
224.0000	272.0000	  4.2276	 -4.2760	     nan
240.0000	272.0000	  4.3503	 -4.3502	     nan
256.0000	272.0000	  4.3334	 -4.3581	     nan
272.0000	272.0000	  4.2692	 -4.2775	     nan
288.0000	272.0000	  4.1143	 -4.1081	     nan
304.0000	272.0000	  3.7579	 -3.8070	     nan
320.0000	272.0000	  3.5233	 -3.5318	     nan
336.0000	272.0000	  3.2362	 -3.2382	     nan
352.0000	272.0000	  2.8322	 -2.8597	     nan
368.0000	272.0000	  2.3028	 -2.3573	     nan
384.0000	272.0000	  1.7329	 -1.7542	     nan
400.0000	272.0000	  1.1691	 -1.0274	     nan
416.0000	272.0000	  0.4514	 -0.4763	     nan
432.0000	272.0000	  0.1082	  0.0302	     nan
448.0000	272.0000	 -0.0146	  0.0135	     nan
464.0000	272.0000	 -0.0076	 -0.0370	     nan
480.0000	272.0000	 -0.0837	  0.0573	     nan
496.0000	272.0000	 -0.0432	  0.0335	     nan
 16.0000	256.0000	  0.0533	 -0.0014	     nan
 32.0000	256.0000	  0.1281	 -0.1427	     nan
 48.0000	256.0000	 -0.1412	  0.1779	     nan
 64.0000	256.0000	  0.0249	 -0.0275	     nan
 80.0000	256.0000	  0.5453	 -0.5332	     nan
 96.0000	256.0000	  1.2185	 -1.2144	     nan
112.0000	256.0000	  1.8147	 -1.8296	     nan
128.0000	256.0000	  2.3666	 -2.4433	     nan
144.0000	256.0000	  2.8065	 -2.8401	     nan
160.0000	256.0000	  3.2208	 -3.2275	     nan
176.0000	256.0000	  3.5452	 -3.4911	     nan
192.0000	256.0000	  3.8224	 -3.7950	     nan
208.0000	256.0000	  4.0807	 -4.1075	     nan
224.0000	256.0000	  4.1568	 -4.1621	     nan
240.0000	256.0000	  4.3142	 -4.2892	     nan
256.0000	256.0000	  4.2949	 -4.3564	     nan
272.0000	256.0000	  4.2940	 -4.3164	     nan
288.0000	256.0000	  4.1795	 -4.2025	     nan
304.0000	256.0000	  3.9288	 -3.9660	     nan
320.0000	256.0000	  3.7924	 -3.7882	     nan
336.0000	256.0000	  3.5260	 -3.5267	     nan
352.0000	256.0000	  3.2225	 -3.2190	     nan
368.0000	256.0000	  2.8165	 -2.8057	     nan
384.0000	256.0000	  2.3374	 -2.3368	     nan
400.0000	256.0000	  1.7854	 -1.7487	     nan
416.0000	256.0000	  1.1626	 -1.1385	     nan
432.0000	256.0000	  0.4466	 -0.3612	     nan
448.0000	256.0000	  0.0484	 -0.0329	     nan
464.0000	256.0000	 -0.0238	  0.1134	     nan
480.0000	256.0000	 -0.1563	  0.1428	     nan
496.0000	256.0000	 -0.2240	  0.1595	     nan
 16.0000	240.0000	 -0.0369	  0.0657	     nan
 32.0000	240.0000	  0.0392	 -0.0588	     nan
 48.0000	240.0000	 -0.0398	  0.0983	     nan
 64.0000	240.0000	 -0.0560	  0.0014	     nan
 80.0000	240.0000	  0.2492	 -0.4235	     nan
 96.0000	240.0000	  0.9490	 -0.9991	     nan
112.0000	240.0000	  1.1868	 -1.1934	     nan
128.0000	240.0000	  1.6820	 -1.6686	     nan
144.0000	240.0000	  2.2718	 -2.2824	     nan
160.0000	240.0000	  2.7771	 -2.7821	     nan
176.0000	240.0000	  3.2063	 -3.2107	     nan
192.0000	240.0000	  3.5802	 -3.5943	     nan
208.0000	240.0000	  3.8973	 -3.9328	     nan
224.0000	240.0000	  4.0654	 -4.0662	     nan
240.0000	240.0000	  4.2293	 -4.2234	     nan
256.0000	240.0000	  4.2858	 -4.2908	     nan
272.0000	240.0000	  4.3344	 -4.3062	     nan
288.0000	240.0000	  4.2504	 -4.2830	     nan
304.0000	240.0000	  4.2168	 -4.2186	     nan
320.0000	240.0000	  4.0442	 -4.0268	     nan
336.0000	240.0000	  3.8739	 -3.8555	     nan
352.0000	240.0000	  3.5591	 -3.5678	     nan
368.0000	240.0000	  3.1950	 -3.2210	     nan
384.0000	240.0000	  2.8072	 -2.8161	     nan
400.0000	240.0000	  2.3022	 -2.2860	     nan
416.0000	240.0000	  1.7558	 -1.7384	     nan
432.0000	240.0000	  1.0149	 -0.9582	     nan
448.0000	240.0000	  0.4396	 -0.4616	     nan
464.0000	240.0000	  0.0769	 -0.0723	     nan
480.0000	240.0000	  0.2261	 -0.1612	     nan
496.0000	240.0000	  0.1230	 -0.0752	     nan
 16.0000	224.0000	 -0.0197	  0.0227	     nan
 32.0000	224.0000	 -0.0090	  0.0216	     nan
 48.0000	224.0000	  0.0168	  0.0341	     nan
 64.0000	224.0000	  0.0018	  0.0042	     nan
 80.0000	224.0000	  0.1211	 -0.1395	     nan
 96.0000	224.0000	  0.3648	 -0.3650	     nan
112.0000	224.0000	  0.5626	 -0.5645	     nan
128.0000	224.0000	  0.9960	 -0.9735	     nan
144.0000	224.0000	  1.6863	 -1.6940	     nan
160.0000	224.0000	  2.3169	 -2.3243	     nan
176.0000	224.0000	  2.8512	 -2.8503	     nan
192.0000	224.0000	  3.3030	 -3.3125	     nan
208.0000	224.0000	  3.6338	 -3.6221	     nan
224.0000	224.0000	  3.9371	 -3.9254	     nan
240.0000	224.0000	  4.1306	 -4.1245	     nan
256.0000	224.0000	  4.2380	 -4.2422	     nan
272.0000	224.0000	  4.2923	 -4.2876	     nan
288.0000	224.0000	  4.2639	 -4.3081	     nan
304.0000	224.0000	  4.3342	 -4.3262	     nan
320.0000	224.0000	  4.2634	 -4.2551	     nan
336.0000	224.0000	  4.1327	 -4.0880	     nan
352.0000	224.0000	  3.8639	 -3.8460	     nan
368.0000	224.0000	  3.5241	 -3.5360	     nan
384.0000	224.0000	  3.1925	 -3.2204	     nan
400.0000	224.0000	  2.7139	 -2.7557	     nan
416.0000	224.0000	  2.3770	 -2.3684	     nan
432.0000	224.0000	  1.6867	 -1.7130	     nan
448.0000	224.0000	  1.0750	 -1.1073	     nan
464.0000	224.0000	  0.5098	 -0.5175	     nan
480.0000	224.0000	  0.3234	 -0.3118	     nan
496.0000	224.0000	  0.0844	 -0.1922	     nan
 16.0000	208.0000	  0.0105	 -0.0058	     nan
 32.0000	208.0000	  0.0100	 -0.0075	     nan
 48.0000	208.0000	  0.1186	 -0.1245	     nan
 64.0000	208.0000	  0.0338	 -0.0237	     nan
 80.0000	208.0000	 -0.0511	  0.0541	     nan
 96.0000	208.0000	 -0.0781	  0.0773	     nan
112.0000	208.0000	  0.0561	 -0.0519	     nan
128.0000	208.0000	  0.5882	 -0.5939	     nan
144.0000	208.0000	  1.1886	 -1.1840	     nan
160.0000	208.0000	  1.6677	 -1.6770	     nan
176.0000	208.0000	  2.3175	 -2.3087	     nan
192.0000	208.0000	  2.8820	 -2.8665	     nan
208.0000	208.0000	  3.2585	 -3.2150	     nan
224.0000	208.0000	  3.6245	 -3.5791	     nan
240.0000	208.0000	  3.8851	 -3.9071	     nan
256.0000	208.0000	  4.1129	 -4.1413	     nan
272.0000	208.0000	  4.2531	 -4.2619	     nan
288.0000	208.0000	  4.3114	 -4.3310	     nan
304.0000	208.0000	  4.3911	 -4.3760	     nan
320.0000	208.0000	  4.3436	 -4.3521	     nan
336.0000	208.0000	  4.2783	 -4.2542	     nan
352.0000	208.0000	  4.0638	 -4.0688	     nan
368.0000	208.0000	  3.8042	 -3.7678	     nan
384.0000	208.0000	  3.5348	 -3.5386	     nan
400.0000	208.0000	  3.2333	 -3.2711	     nan
416.0000	208.0000	  2.8552	 -2.8818	     nan
432.0000	208.0000	  2.2966	 -2.3399	     nan
448.0000	208.0000	  1.7373	 -1.7796	     nan
464.0000	208.0000	  0.7586	 -0.8827	     nan
480.0000	208.0000	  0.6754	 -0.6148	     nan
496.0000	208.0000	  0.9442	  0.0711	     nan
 16.0000	192.0000	  0.0257	 -0.0265	     nan
 32.0000	192.0000	  0.0403	 -0.0439	     nan
 48.0000	192.0000	  0.2012	 -0.1803	     nan
 64.0000	192.0000	  0.0670	 -0.0560	     nan
 80.0000	192.0000	 -0.0998	  0.1797	     nan
 96.0000	192.0000	 -0.1740	  0.2525	     nan
112.0000	192.0000	  0.0965	  0.0048	     nan
128.0000	192.0000	  0.2809	 -0.2512	     nan
144.0000	192.0000	  0.6549	 -0.6555	     nan
160.0000	192.0000	  1.1492	 -1.1626	     nan
176.0000	192.0000	  1.7497	 -1.7393	     nan
192.0000	192.0000	  2.3675	 -2.3435	     nan
208.0000	192.0000	  2.7845	 -2.7995	     nan
224.0000	192.0000	  3.1881	 -3.2046	     nan
240.0000	192.0000	  3.5706	 -3.5806	     nan
256.0000	192.0000	  3.9065	 -3.9166	     nan
272.0000	192.0000	  4.1449	 -4.1572	     nan
288.0000	192.0000	  4.2734	 -4.2893	     nan
304.0000	192.0000	  4.3409	 -4.3488	     nan
320.0000	192.0000	  4.3423	 -4.3638	     nan
336.0000	192.0000	  4.3281	 -4.2942	     nan
352.0000	192.0000	  4.2212	 -4.1791	     nan
368.0000	192.0000	  3.9725	 -4.0139	     nan
384.0000	192.0000	  3.7675	 -3.7810	     nan
400.0000	192.0000	  3.5711	 -3.5776	     nan
416.0000	192.0000	  3.2611	 -3.2427	     nan
432.0000	192.0000	  2.7879	 -2.7976	     nan
448.0000	192.0000	  2.2264	 -2.2735	     nan
464.0000	192.0000	  1.5900	 -1.6573	     nan
480.0000	192.0000	  1.4356	 -1.1914	     nan
496.0000	192.0000	  0.7754	 -0.3374	     nan
 16.0000	176.0000	  0.0344	 -0.0355	     nan
 32.0000	176.0000	  0.0905	 -0.0974	     nan
 48.0000	176.0000	  0.1863	 -0.2328	     nan
 64.0000	176.0000	  0.0358	 -0.0468	     nan
 80.0000	176.0000	 -0.2405	  0.2675	     nan
 96.0000	176.0000	 -0.0070	  0.0078	     nan
112.0000	176.0000	 -0.1052	  0.0845	     nan
128.0000	176.0000	  0.1392	 -0.1381	     nan
144.0000	176.0000	  0.2598	 -0.2242	     nan
160.0000	176.0000	  0.3179	 -0.3130	     nan
176.0000	176.0000	  1.1077	 -1.1279	     nan
192.0000	176.0000	  1.7663	 -1.7554	     nan
208.0000	176.0000	  2.3362	 -2.3185	     nan
224.0000	176.0000	  2.7719	 -2.7967	     nan
240.0000	176.0000	  3.2042	 -3.2360	     nan
256.0000	176.0000	  3.5971	 -3.6085	     nan
272.0000	176.0000	  3.8871	 -3.9236	     nan
288.0000	176.0000	  4.1571	 -4.1160	     nan
304.0000	176.0000	  4.2763	 -4.2567	     nan
320.0000	176.0000	  4.3344	 -4.2910	     nan
336.0000	176.0000	  4.3610	 -4.3382	     nan
352.0000	176.0000	  4.3619	 -4.3343	     nan
368.0000	176.0000	  4.1627	 -4.2098	     nan
384.0000	176.0000	  3.9837	 -3.9817	     nan
400.0000	176.0000	  3.8278	 -3.8350	     nan
416.0000	176.0000	  3.5977	 -3.5838	     nan
432.0000	176.0000	  3.2121	 -3.1902	     nan
448.0000	176.0000	  2.7558	 -2.7650	     nan
464.0000	176.0000	  2.3589	 -2.3267	     nan
480.0000	176.0000	  2.0485	 -1.9289	     nan
496.0000	176.0000	  0.6601	 -1.0697	     nan
 16.0000	160.0000	  0.0237	 -0.0209	     nan
 32.0000	160.0000	 -0.0023	  0.0033	     nan
 48.0000	160.0000	  0.1038	 -0.1153	     nan
 64.0000	160.0000	 -0.0018	  0.0024	     nan
 80.0000	160.0000	 -0.1926	  0.2107	     nan
 96.0000	160.0000	 -0.1326	  0.1216	     nan
112.0000	160.0000	 -0.1393	  0.1815	     nan
128.0000	160.0000	  0.0406	  0.0031	     nan
144.0000	160.0000	 -0.0424	  0.0742	     nan
160.0000	160.0000	  0.0099	 -0.0328	     nan
176.0000	160.0000	  0.4980	 -0.5010	     nan
192.0000	160.0000	  1.2065	 -1.2103	     nan
208.0000	160.0000	  1.7690	 -1.7621	     nan
224.0000	160.0000	  2.2639	 -2.2748	     nan
240.0000	160.0000	  2.7728	 -2.7848	     nan
256.0000	160.0000	  3.2303	 -3.2154	     nan
272.0000	160.0000	  3.5647	 -3.5922	     nan
288.0000	160.0000	  3.8605	 -3.8572	     nan
304.0000	160.0000	  4.0808	 -4.0847	     nan
320.0000	160.0000	  4.2246	 -4.2500	     nan
336.0000	160.0000	  4.3480	 -4.3460	     nan
352.0000	160.0000	  4.3842	 -4.3662	     nan
368.0000	160.0000	  4.3276	 -4.3341	     nan
384.0000	160.0000	  4.2270	 -4.2301	     nan
400.0000	160.0000	  4.0476	 -4.0685	     nan
416.0000	160.0000	  3.8784	 -3.8794	     nan
432.0000	160.0000	  3.5549	 -3.5270	     nan
448.0000	160.0000	  3.2400	 -3.2195	     nan
464.0000	160.0000	  2.7824	 -2.7549	     nan
480.0000	160.0000	  2.4643	 -2.4723	     nan
496.0000	160.0000	  2.2185	 -2.2993	     nan
 16.0000	144.0000	  0.0018	 -0.0054	     nan
 32.0000	144.0000	 -0.0238	  0.0325	     nan
 48.0000	144.0000	  0.0081	 -0.0089	     nan
 64.0000	144.0000	 -0.0150	  0.0104	     nan
 80.0000	144.0000	 -0.0835	  0.0920	     nan
 96.0000	144.0000	 -0.1026	  0.1117	     nan
112.0000	144.0000	 -0.0494	  0.0532	     nan
128.0000	144.0000	  0.0033	  0.0526	     nan
144.0000	144.0000	 -0.0095	  0.0496	     nan
160.0000	144.0000	 -0.0933	  0.0999	     nan
176.0000	144.0000	  0.0757	 -0.0746	     nan
192.0000	144.0000	  0.5109	 -0.4743	     nan
208.0000	144.0000	  1.1255	 -1.1169	     nan
224.0000	144.0000	  1.7749	 -1.7464	     nan
240.0000	144.0000	  2.2915	 -2.2958	     nan
256.0000	144.0000	  2.8223	 -2.8132	     nan
272.0000	144.0000	  3.2673	 -3.2456	     nan
288.0000	144.0000	  3.5694	 -3.5743	     nan
304.0000	144.0000	  3.8402	 -3.8586	     nan
320.0000	144.0000	  4.0636	 -4.0910	     nan
336.0000	144.0000	  4.2393	 -4.2450	     nan
352.0000	144.0000	  4.3466	 -4.3402	     nan
368.0000	144.0000	  4.3937	 -4.3714	     nan
384.0000	144.0000	  4.3298	 -4.3151	     nan
400.0000	144.0000	  4.2284	 -4.2477	     nan
416.0000	144.0000	  4.1060	 -4.1135	     nan
432.0000	144.0000	  3.8924	 -3.8825	     nan
448.0000	144.0000	  3.5144	 -3.5299	     nan
464.0000	144.0000	  3.1732	 -3.2180	     nan
480.0000	144.0000	  2.6837	 -2.7455	     nan
496.0000	144.0000	  2.4477	 -2.3497	     nan
 16.0000	128.0000	 -0.0091	  0.0096	     nan
 32.0000	128.0000	 -0.0179	  0.0140	     nan
 48.0000	128.0000	 -0.0738	  0.0550	     nan
 64.0000	128.0000	 -0.0625	  0.0546	     nan
 80.0000	128.0000	  0.0256	 -0.0163	     nan
 96.0000	128.0000	  0.0755	 -0.0647	     nan
112.0000	128.0000	  0.0028	 -0.0113	     nan
128.0000	128.0000	 -0.0788	  0.0548	     nan
144.0000	128.0000	 -0.0281	 -0.0108	     nan
160.0000	128.0000	 -0.0712	  0.0550	     nan
176.0000	128.0000	 -0.1223	  0.1109	     nan
192.0000	128.0000	  0.0438	 -0.0318	     nan
208.0000	128.0000	  0.4479	 -0.4678	     nan
224.0000	128.0000	  1.0867	 -1.0957	     nan
240.0000	128.0000	  1.7623	 -1.7544	     nan
256.0000	128.0000	  2.3328	 -2.3393	     nan
272.0000	128.0000	  2.9348	 -2.8873	     nan
288.0000	128.0000	  3.2397	 -3.2480	     nan
304.0000	128.0000	  3.5625	 -3.5582	     nan
320.0000	128.0000	  3.8526	 -3.8585	     nan
336.0000	128.0000	  4.0792	 -4.0679	     nan
352.0000	128.0000	  4.2528	 -4.2082	     nan
368.0000	128.0000	  4.3683	 -4.3365	     nan
384.0000	128.0000	  4.3759	 -4.3870	     nan
400.0000	128.0000	  4.3390	 -4.3614	     nan
416.0000	128.0000	  4.2715	 -4.2723	     nan
432.0000	128.0000	  4.1451	 -4.1675	     nan
448.0000	128.0000	  3.9166	 -3.9391	     nan
464.0000	128.0000	  3.6264	 -3.6694	     nan
480.0000	128.0000	  3.0429	 -3.0510	     nan
496.0000	128.0000	  2.8342	 -2.7433	     nan
 16.0000	112.0000	 -0.0113	  0.0080	     nan
 32.0000	112.0000	  0.0334	 -0.0380	     nan
 48.0000	112.0000	 -0.1031	  0.0755	     nan
 64.0000	112.0000	 -0.0512	  0.0481	     nan
 80.0000	112.0000	  0.1895	 -0.2025	     nan
 96.0000	112.0000	 -0.0034	 -0.0101	     nan
112.0000	112.0000	  0.0841	 -0.0462	     nan
128.0000	112.0000	  0.0472	 -0.0699	     nan
144.0000	112.0000	  0.0236	 -0.0393	     nan
160.0000	112.0000	 -0.0570	  0.0815	     nan
176.0000	112.0000	 -0.2294	  0.1466	     nan
192.0000	112.0000	 -0.0500	  0.0333	     nan
208.0000	112.0000	  0.0340	 -0.0337	     nan
224.0000	112.0000	  0.5463	 -0.5379	     nan
240.0000	112.0000	  1.1619	 -1.1677	     nan
256.0000	112.0000	  1.8071	 -1.8312	     nan
272.0000	112.0000	  2.3896	 -2.3533	     nan
288.0000	112.0000	  2.8226	 -2.8296	     nan
304.0000	112.0000	  3.2561	 -3.2660	     nan
320.0000	112.0000	  3.6084	 -3.6099	     nan
336.0000	112.0000	  3.8812	 -3.8663	     nan
352.0000	112.0000	  4.0590	 -4.0449	     nan
368.0000	112.0000	  4.1950	 -4.2132	     nan
384.0000	112.0000	  4.3379	 -4.3116	     nan
400.0000	112.0000	  4.3656	 -4.3611	     nan
416.0000	112.0000	  4.3574	 -4.3621	     nan
432.0000	112.0000	  4.2992	 -4.3188	     nan
448.0000	112.0000	  4.1430	 -4.1667	     nan
464.0000	112.0000	  3.8548	 -3.9093	     nan
480.0000	112.0000	  3.4290	 -3.4087	     nan
496.0000	112.0000	  3.3433	 -3.3518	     nan
 16.0000	 96.0000	 -0.0295	  0.0195	     nan
 32.0000	 96.0000	  0.0555	 -0.0573	     nan
 48.0000	 96.0000	 -0.0981	  0.0862	     nan
 64.0000	 96.0000	 -0.0726	  0.0584	     nan
 80.0000	 96.0000	  0.2393	 -0.2601	     nan
 96.0000	 96.0000	  0.0549	 -0.0885	     nan
112.0000	 96.0000	  0.0307	 -0.1543	     nan
128.0000	 96.0000	  0.0767	 -0.1422	     nan
144.0000	 96.0000	 -0.0471	  0.0509	     nan
160.0000	 96.0000	  0.0572	 -0.0651	     nan
176.0000	 96.0000	 -0.1547	  0.0769	     nan
192.0000	 96.0000	 -0.1752	  0.1999	     nan
208.0000	 96.0000	 -0.1340	  0.1282	     nan
224.0000	 96.0000	  0.1978	 -0.1995	     nan
240.0000	 96.0000	  0.5922	 -0.5536	     nan
256.0000	 96.0000	  1.1674	 -1.1790	     nan
272.0000	 96.0000	  1.7925	 -1.7672	     nan
288.0000	 96.0000	  2.2698	 -2.2643	     nan
304.0000	 96.0000	  2.9330	 -2.9141	     nan
320.0000	 96.0000	  3.3171	 -3.2961	     nan
336.0000	 96.0000	  3.5871	 -3.5804	     nan
352.0000	 96.0000	  3.8640	 -3.8643	     nan
368.0000	 96.0000	  4.0804	 -4.0904	     nan
384.0000	 96.0000	  4.2217	 -4.2097	     nan
400.0000	 96.0000	  4.3253	 -4.3155	     nan
416.0000	 96.0000	  4.3877	 -4.3861	     nan
432.0000	 96.0000	  4.3353	 -4.3256	     nan
448.0000	 96.0000	  4.2030	 -4.1635	     nan
464.0000	 96.0000	  3.9736	 -4.1205	     nan
480.0000	 96.0000	  3.7963	 -3.7819	     nan
496.0000	 96.0000	  3.7372	 -3.7336	     nan
 16.0000	 80.0000	 -0.0223	  0.0203	     nan
 32.0000	 80.0000	  0.0388	 -0.0363	     nan
 48.0000	 80.0000	  0.0394	 -0.0431	     nan
 64.0000	 80.0000	 -0.1134	  0.1007	     nan
 80.0000	 80.0000	  0.0819	 -0.0897	     nan
 96.0000	 80.0000	  0.2443	 -0.2442	     nan
112.0000	 80.0000	  0.1709	 -0.1763	     nan
128.0000	 80.0000	  0.0603	 -0.0279	     nan
144.0000	 80.0000	 -0.0416	  0.0454	     nan
160.0000	 80.0000	  0.0634	 -0.1097	     nan
176.0000	 80.0000	  0.0254	 -0.0503	     nan
192.0000	 80.0000	 -0.0702	  0.0317	     nan
208.0000	 80.0000	 -0.0421	  0.0374	     nan
224.0000	 80.0000	  0.0414	 -0.0356	     nan
240.0000	 80.0000	  0.1643	 -0.1023	     nan
256.0000	 80.0000	  0.7018	 -0.6451	     nan
272.0000	 80.0000	  1.1737	 -1.1479	     nan
288.0000	 80.0000	  1.6892	 -1.6867	     nan
304.0000	 80.0000	  2.2544	 -2.2253	     nan
320.0000	 80.0000	  2.7642	 -2.7335	     nan
336.0000	 80.0000	  3.1984	 -3.1694	     nan
352.0000	 80.0000	  3.5497	 -3.5491	     nan
368.0000	 80.0000	  3.8866	 -3.8631	     nan
384.0000	 80.0000	  4.1216	 -4.0937	     nan
400.0000	 80.0000	  4.2765	 -4.2603	     nan
416.0000	 80.0000	  4.3440	 -4.3420	     nan
432.0000	 80.0000	  4.4059	 -4.3923	     nan
448.0000	 80.0000	  4.3006	 -4.2802	     nan
464.0000	 80.0000	  4.1060	 -4.1202	     nan
480.0000	 80.0000	  4.0562	 -4.0357	     nan
496.0000	 80.0000	  4.0205	 -4.0072	     nan
 16.0000	 64.0000	  0.0049	 -0.0043	     nan
 32.0000	 64.0000	  0.0014	 -0.0028	     nan
 48.0000	 64.0000	  0.0045	 -0.0261	     nan
 64.0000	 64.0000	  0.0063	 -0.0265	     nan
 80.0000	 64.0000	 -0.0139	  0.0003	     nan
 96.0000	 64.0000	 -0.0876	  0.1029	     nan
112.0000	 64.0000	 -0.1072	  0.1093	     nan
128.0000	 64.0000	 -0.0393	  0.0565	     nan
144.0000	 64.0000	 -0.0049	 -0.0050	     nan
160.0000	 64.0000	  0.0017	  0.0035	     nan
176.0000	 64.0000	  0.0015	 -0.0076	     nan
192.0000	 64.0000	  0.0888	 -0.0731	     nan
208.0000	 64.0000	  0.0239	 -0.0218	     nan
224.0000	 64.0000	  0.0696	 -0.0488	     nan
240.0000	 64.0000	  0.0486	 -0.0160	     nan
256.0000	 64.0000	  0.1262	 -0.0850	     nan
272.0000	 64.0000	  0.4378	 -0.4161	     nan
288.0000	 64.0000	  0.9576	 -0.9551	     nan
304.0000	 64.0000	  1.5329	 -1.4328	     nan
320.0000	 64.0000	  2.1484	 -2.1459	     nan
336.0000	 64.0000	  2.7723	 -2.7818	     nan
352.0000	 64.0000	  3.2045	 -3.1990	     nan
368.0000	 64.0000	  3.6378	 -3.6326	     nan
384.0000	 64.0000	  3.9114	 -3.9156	     nan
400.0000	 64.0000	  4.1259	 -4.1412	     nan
416.0000	 64.0000	  4.2880	 -4.3136	     nan
432.0000	 64.0000	  4.3948	 -4.4020	     nan
448.0000	 64.0000	  4.3560	 -4.3362	     nan
464.0000	 64.0000	  4.2178	 -4.2048	     nan
480.0000	 64.0000	  4.2685	 -4.2403	     nan
496.0000	 64.0000	  4.1840	 -4.1849	     nan
 16.0000	 48.0000	  0.0333	 -0.0338	     nan
 32.0000	 48.0000	  0.0281	 -0.0264	     nan
 48.0000	 48.0000	  0.0641	 -0.0696	     nan
 64.0000	 48.0000	  0.0229	 -0.0286	     nan
 80.0000	 48.0000	 -0.1044	  0.1074	     nan
 96.0000	 48.0000	 -0.1219	  0.1152	     nan
112.0000	 48.0000	 -0.0871	  0.0832	     nan
128.0000	 48.0000	 -0.0647	  0.0724	     nan
144.0000	 48.0000	 -0.0049	  0.0040	     nan
160.0000	 48.0000	  0.0046	 -0.0095	     nan
176.0000	 48.0000	  0.1080	 -0.1316	     nan
192.0000	 48.0000	  0.1945	 -0.2036	     nan
208.0000	 48.0000	  0.1020	 -0.1069	     nan
224.0000	 48.0000	  0.0395	 -0.0444	     nan
240.0000	 48.0000	 -0.0977	  0.0981	     nan
256.0000	 48.0000	 -0.1512	  0.1649	     nan
272.0000	 48.0000	 -0.1692	  0.1755	     nan
288.0000	 48.0000	  0.2054	 -0.2381	     nan
304.0000	 48.0000	  0.9887	 -1.0253	     nan
320.0000	 48.0000	  1.7718	 -1.7808	     nan
336.0000	 48.0000	  2.3809	 -2.3845	     nan
352.0000	 48.0000	  2.8306	 -2.8484	     nan
368.0000	 48.0000	  3.2504	 -3.3049	     nan
384.0000	 48.0000	  3.9200	 -3.7063	     nan
400.0000	 48.0000	  3.8010	 -3.8854	     nan
416.0000	 48.0000	  4.2013	 -4.2099	     nan
432.0000	 48.0000	  4.2363	 -4.2602	     nan
448.0000	 48.0000	  4.2391	 -4.2508	     nan
464.0000	 48.0000	  4.2516	 -4.2913	     nan
480.0000	 48.0000	  4.3925	 -4.3737	     nan
496.0000	 48.0000	  4.2580	 -4.2674	     nan
 16.0000	 32.0000	 -0.0282	  0.0242	     nan
 32.0000	 32.0000	 -0.0218	  0.0180	     nan
 48.0000	 32.0000	 -0.0129	  0.0094	     nan
 64.0000	 32.0000	 -0.0219	  0.0156	     nan
 80.0000	 32.0000	  0.0219	 -0.0275	     nan
 96.0000	 32.0000	  0.0677	 -0.0823	     nan
112.0000	 32.0000	  0.0724	 -0.0848	     nan
128.0000	 32.0000	  0.0446	 -0.0556	     nan
144.0000	 32.0000	  0.0085	 -0.0122	     nan
160.0000	 32.0000	 -0.0187	  0.0149	     nan
176.0000	 32.0000	 -0.0564	  0.0558	     nan
192.0000	 32.0000	 -0.0372	  0.0342	     nan
208.0000	 32.0000	  0.0077	 -0.0158	     nan
224.0000	 32.0000	  0.0051	 -0.0092	     nan
240.0000	 32.0000	  0.0531	 -0.0426	     nan
256.0000	 32.0000	  0.0275	 -0.0331	     nan
272.0000	 32.0000	  0.0867	 -0.0390	     nan
288.0000	 32.0000	  0.3226	 -0.3435	     nan
304.0000	 32.0000	  0.9940	 -1.0754	     nan
320.0000	 32.0000	  1.5410	 -1.6470	     nan
336.0000	 32.0000	  1.3923	 -1.4016	     nan
352.0000	 32.0000	  2.2846	 -2.1913	     nan
368.0000	 32.0000	  2.4334	 -2.4882	     nan
384.0000	 32.0000	  3.0797	 -3.0760	     nan
400.0000	 32.0000	  3.2757	 -3.3666	     nan
416.0000	 32.0000	  3.9412	 -3.9570	     nan
432.0000	 32.0000	  4.1437	 -4.1481	     nan
448.0000	 32.0000	  4.1935	 -4.2267	     nan
464.0000	 32.0000	  4.2762	 -4.2162	     nan
480.0000	 32.0000	  4.4446	 -4.3239	     nan
496.0000	 32.0000	  4.2992	 -4.3268	     nan
 16.0000	 16.0000	  0.0004	 -0.0003	     nan
 32.0000	 16.0000	  0.0004	 -0.0002	     nan
 48.0000	 16.0000	  0.0142	 -0.0140	     nan
 64.0000	 16.0000	 -0.0081	  0.0119	     nan
 80.0000	 16.0000	  0.0062	 -0.0066	     nan
 96.0000	 16.0000	 -0.0212	  0.0195	     nan
112.0000	 16.0000	 -0.0260	  0.0384	     nan
128.0000	 16.0000	 -0.0381	  0.0377	     nan
144.0000	 16.0000	 -0.0018	  0.0007	     nan
160.0000	 16.0000	 -0.0009	  0.0057	     nan
176.0000	 16.0000	  0.0052	  0.0156	     nan
192.0000	 16.0000	  0.0179	 -0.0167	     nan
208.0000	 16.0000	  0.0324	 -0.0387	     nan
224.0000	 16.0000	  0.0179	 -0.0264	     nan
240.0000	 16.0000	  0.0107	  0.0121	     nan
256.0000	 16.0000	 -0.1084	  0.1066	     nan
272.0000	 16.0000	  0.2098	 -0.0745	     nan
288.0000	 16.0000	 -0.0830	 -0.3865	     nan
304.0000	 16.0000	  0.4990	 -0.9045	     nan
320.0000	 16.0000	  0.6936	 -0.6985	     nan
336.0000	 16.0000	  1.0625	 -1.0718	     nan
352.0000	 16.0000	  1.9406	 -2.0897	     nan
368.0000	 16.0000	  2.2561	 -2.3253	     nan
384.0000	 16.0000	  2.5690	 -2.9679	     nan
400.0000	 16.0000	  3.2487	 -3.4782	     nan
416.0000	 16.0000	  3.6053	 -3.6768	     nan
432.0000	 16.0000	  3.9756	 -4.0477	     nan
448.0000	 16.0000	  4.0621	 -4.1330	     nan
464.0000	 16.0000	  4.3204	 -4.3077	     nan
480.0000	 16.0000	  4.2774	 -4.3112	     nan
496.0000	 16.0000	  4.6040	 -4.3419	     nan
