 16.0000	496.0000	 -0.0839	 -0.0056	     nan
 32.0000	496.0000	 -0.1185	 -0.0069	     nan
 48.0000	496.0000	 -0.1245	 -0.0078	     nan
 64.0000	496.0000	 -0.1833	  0.0048	     nan
 80.0000	496.0000	 -0.2103	  0.0128	     nan
 96.0000	496.0000	 -0.1408	 -0.0074	     nan
112.0000	496.0000	 -0.0263	 -0.0522	     nan
128.0000	496.0000	  0.1145	 -0.0624	     nan
144.0000	496.0000	  0.1216	 -0.0204	     nan
160.0000	496.0000	  0.0599	  0.0029	     nan
176.0000	496.0000	 -0.0429	  0.0169	     nan
192.0000	496.0000	 -0.0508	  0.0105	     nan
208.0000	496.0000	  0.0754	 -0.0043	     nan
224.0000	496.0000	  0.0752	  0.0038	     nan
240.0000	496.0000	 -0.0613	  0.0100	     nan
256.0000	496.0000	 -0.1279	  0.0141	     nan
272.0000	496.0000	 -0.0778	  0.0114	     nan
288.0000	496.0000	 -0.1108	  0.0084	     nan
304.0000	496.0000	 -0.1325	 -0.0037	     nan
320.0000	496.0000	 -0.0843	 -0.0032	     nan
336.0000	496.0000	  0.0057	  0.0021	     nan
352.0000	496.0000	  0.0301	  0.0030	     nan
368.0000	496.0000	 -0.0185	  0.0044	     nan
384.0000	496.0000	 -0.1311	  0.0051	     nan
400.0000	496.0000	 -0.2235	  0.0028	     nan
416.0000	496.0000	 -0.2654	  0.0073	     nan
432.0000	496.0000	 -0.2170	 -0.0032	     nan
448.0000	496.0000	 -0.1477	 -0.0209	     nan
464.0000	496.0000	 -0.1276	 -0.0428	     nan
480.0000	496.0000	 -0.0679	 -0.0247	     nan
496.0000	496.0000	 -0.0312	 -0.0066	     nan
 16.0000	480.0000	  0.1386	 -0.0121	     nan
 32.0000	480.0000	  0.1116	 -0.0082	     nan
 48.0000	480.0000	  0.0578	 -0.0095	     nan
 64.0000	480.0000	 -0.0141	 -0.0013	     nan
 80.0000	480.0000	 -0.0223	  0.0047	     nan
 96.0000	480.0000	  0.0558	 -0.0163	     nan
112.0000	480.0000	  0.2209	 -0.0599	     nan
128.0000	480.0000	  0.4044	 -0.0704	     nan
144.0000	480.0000	  0.4482	 -0.0330	     nan
160.0000	480.0000	  0.3290	  0.0024	     nan
176.0000	480.0000	  0.1617	  0.0225	     nan
192.0000	480.0000	  0.1122	  0.0170	     nan
208.0000	480.0000	  0.2560	 -0.0067	     nan
224.0000	480.0000	  0.3341	 -0.0101	     nan
240.0000	480.0000	  0.2039	 -0.0006	     nan
256.0000	480.0000	  0.0740	  0.0119	     nan
272.0000	480.0000	  0.0695	  0.0124	     nan
288.0000	480.0000	  0.0534	  0.0068	     nan
304.0000	480.0000	  0.0371	  0.0002	     nan
320.0000	480.0000	  0.0920	  0.0039	     nan
336.0000	480.0000	  0.1962	  0.0096	     nan
352.0000	480.0000	  0.2301	  0.0064	     nan
368.0000	480.0000	  0.2170	  0.0096	     nan
384.0000	480.0000	  0.1290	  0.0130	     nan
400.0000	480.0000	  0.0549	  0.0101	     nan
416.0000	480.0000	  0.0097	  0.0034	     nan
432.0000	480.0000	  0.0123	 -0.0178	     nan
448.0000	480.0000	  0.0273	 -0.0385	     nan
464.0000	480.0000	  0.0403	 -0.0506	     nan
480.0000	480.0000	  0.1252	 -0.0283	     nan
496.0000	480.0000	  0.1891	 -0.0135	     nan
 16.0000	464.0000	  0.7723	 -0.0147	     nan
 32.0000	464.0000	  0.8184	 -0.0151	     nan
 48.0000	464.0000	  0.7555	 -0.0176	     nan
 64.0000	464.0000	  0.6532	 -0.0136	     nan
 80.0000	464.0000	  0.6622	 -0.0097	     nan
 96.0000	464.0000	  0.7522	 -0.0256	     nan
112.0000	464.0000	  0.8974	 -0.0635	     nan
128.0000	464.0000	  1.0512	 -0.0767	     nan
144.0000	464.0000	  1.0258	 -0.0719	     nan
160.0000	464.0000	  0.8429	 -0.0321	     nan
176.0000	464.0000	  0.6756	 -0.0101	     nan
192.0000	464.0000	  0.6079	 -0.0162	     nan
208.0000	464.0000	  0.6361	 -0.0166	     nan
224.0000	464.0000	  0.6968	 -0.0161	     nan
240.0000	464.0000	  0.6752	 -0.0042	     nan
256.0000	464.0000	  0.6823	  0.0074	     nan
272.0000	464.0000	  0.7607	  0.0068	     nan
288.0000	464.0000	  0.8351	  0.0004	     nan
304.0000	464.0000	  0.8452	 -0.0024	     nan
320.0000	464.0000	  0.8833	 -0.0002	     nan
336.0000	464.0000	  0.9763	 -0.0009	     nan
352.0000	464.0000	  0.9954	 -0.0090	     nan
368.0000	464.0000	  0.9767	 -0.0152	     nan
384.0000	464.0000	  0.8964	 -0.0183	     nan
400.0000	464.0000	  0.8534	 -0.0177	     nan
416.0000	464.0000	  0.8372	 -0.0051	     nan
432.0000	464.0000	  0.7196	 -0.0141	     nan
448.0000	464.0000	  0.6846	 -0.0305	     nan
464.0000	464.0000	  0.7486	 -0.0374	     nan
480.0000	464.0000	  0.8964	 -0.0203	     nan
496.0000	464.0000	  0.9932	 -0.0114	     nan
 16.0000	448.0000	  2.3803	 -0.0174	     nan
 32.0000	448.0000	  2.4467	 -0.0133	     nan
 48.0000	448.0000	  2.4402	 -0.0072	     nan
 64.0000	448.0000	  2.4209	 -0.0038	     nan
 80.0000	448.0000	  2.4066	 -0.0075	     nan
 96.0000	448.0000	  2.4326	 -0.0183	     nan
112.0000	448.0000	  2.4704	 -0.0497	     nan
128.0000	448.0000	  2.6013	 -0.0320	     nan
144.0000	448.0000	  2.5417	 -0.0565	     nan
160.0000	448.0000	  2.3970	 -0.0315	     nan
176.0000	448.0000	  2.1836	 -0.0313	     nan
192.0000	448.0000	  2.1478	 -0.0504	     nan
208.0000	448.0000	  2.2609	 -0.0174	     nan
224.0000	448.0000	  2.3969	 -0.0110	     nan
240.0000	448.0000	  2.4299	  0.0021	     nan
256.0000	448.0000	  2.4319	  0.0045	     nan
272.0000	448.0000	  2.4415	  0.0010	     nan
288.0000	448.0000	  2.5382	  0.0023	     nan
304.0000	448.0000	  2.5688	  0.0041	     nan
320.0000	448.0000	  2.5541	  0.0013	     nan
336.0000	448.0000	  2.6324	 -0.0022	     nan
352.0000	448.0000	  2.6094	 -0.0151	     nan
368.0000	448.0000	  2.6074	 -0.0199	     nan
384.0000	448.0000	  2.6190	 -0.0089	     nan
400.0000	448.0000	  2.6584	 -0.0050	     nan
416.0000	448.0000	  2.6535	  0.0032	     nan
432.0000	448.0000	  2.5417	 -0.0045	     nan
448.0000	448.0000	  2.4861	 -0.0094	     nan
464.0000	448.0000	  2.4114	 -0.0096	     nan
480.0000	448.0000	  2.5766	 -0.0023	     nan
496.0000	448.0000	  2.7141	  0.0030	     nan
 16.0000	432.0000	  4.5245	 -0.0116	     nan
 32.0000	432.0000	  4.5773	 -0.0024	     nan
 48.0000	432.0000	  4.6089	  0.0092	     nan
 64.0000	432.0000	  4.6235	  0.0105	     nan
 80.0000	432.0000	  4.5785	 -0.0016	     nan
 96.0000	432.0000	  4.5951	 -0.0120	     nan
112.0000	432.0000	  4.5945	 -0.0357	     nan
128.0000	432.0000	  4.6977	 -0.0194	     nan
144.0000	432.0000	  4.6283	 -0.0307	     nan
160.0000	432.0000	  4.5358	 -0.0182	     nan
176.0000	432.0000	  4.3724	 -0.0347	     nan
192.0000	432.0000	  4.3371	 -0.0668	     nan
208.0000	432.0000	  4.4859	 -0.0201	     nan
224.0000	432.0000	  4.6354	 -0.0163	     nan
240.0000	432.0000	  4.7146	  0.0050	     nan
256.0000	432.0000	  4.6609	  0.0034	     nan
272.0000	432.0000	  4.5547	 -0.0120	     nan
288.0000	432.0000	  4.5861	  0.0027	     nan
304.0000	432.0000	  4.5871	  0.0053	     nan
320.0000	432.0000	  4.5909	 -0.0010	     nan
336.0000	432.0000	  4.6627	 -0.0028	     nan
352.0000	432.0000	  4.6168	 -0.0059	     nan
368.0000	432.0000	  4.6628	 -0.0105	     nan
384.0000	432.0000	  4.7792	 -0.0075	     nan
400.0000	432.0000	  4.9318	 -0.0098	     nan
416.0000	432.0000	  4.9366	 -0.0132	     nan
432.0000	432.0000	  4.8253	 -0.0198	     nan
448.0000	432.0000	  4.6767	 -0.0031	     nan
464.0000	432.0000	  4.5119	  0.0037	     nan
480.0000	432.0000	  4.6823	  0.0005	     nan
496.0000	432.0000	  4.8041	 -0.0001	     nan
 16.0000	416.0000	  6.6491	 -0.0017	     nan
 32.0000	416.0000	  6.6830	  0.0027	     nan
 48.0000	416.0000	  6.7127	  0.0117	     nan
 64.0000	416.0000	  6.6957	  0.0106	     nan
 80.0000	416.0000	  6.6459	 -0.0016	     nan
 96.0000	416.0000	  6.6426	 -0.0103	     nan
112.0000	416.0000	  6.6727	 -0.0154	     nan
128.0000	416.0000	  6.7271	 -0.0125	     nan
144.0000	416.0000	  6.6881	 -0.0122	     nan
160.0000	416.0000	  6.6048	 -0.0073	     nan
176.0000	416.0000	  6.5052	 -0.0195	     nan
192.0000	416.0000	  6.5201	 -0.0379	     nan
208.0000	416.0000	  6.6145	 -0.0186	     nan
224.0000	416.0000	  6.7690	 -0.0053	     nan
240.0000	416.0000	  6.8300	  0.0100	     nan
256.0000	416.0000	  6.7443	  0.0048	     nan
272.0000	416.0000	  6.6087	 -0.0051	     nan
288.0000	416.0000	  6.5941	 -0.0028	     nan
304.0000	416.0000	  6.5932	 -0.0011	     nan
320.0000	416.0000	  6.6277	 -0.0005	     nan
336.0000	416.0000	  6.6503	 -0.0040	     nan
352.0000	416.0000	  6.6177	  0.0029	     nan
368.0000	416.0000	  6.6592	  0.0066	     nan
384.0000	416.0000	  6.8021	  0.0070	     nan
400.0000	416.0000	  6.9917	  0.0004	     nan
416.0000	416.0000	  6.9013	 -0.0031	     nan
432.0000	416.0000	  6.7741	 -0.0040	     nan
448.0000	416.0000	  6.6133	 -0.0035	     nan
464.0000	416.0000	  6.5154	 -0.0050	     nan
480.0000	416.0000	  6.6939	 -0.0157	     nan
496.0000	416.0000	  6.7678	 -0.0179	     nan
 16.0000	400.0000	  8.4534	  0.0046	     nan
 32.0000	400.0000	  8.4543	  0.0065	     nan
 48.0000	400.0000	  8.4597	  0.0127	     nan
 64.0000	400.0000	  8.4393	  0.0106	     nan
 80.0000	400.0000	  8.4236	  0.0037	     nan
 96.0000	400.0000	  8.4156	 -0.0034	     nan
112.0000	400.0000	  8.4185	 -0.0047	     nan
128.0000	400.0000	  8.4793	 -0.0025	     nan
144.0000	400.0000	  8.5022	  0.0048	     nan
160.0000	400.0000	  8.4580	  0.0135	     nan
176.0000	400.0000	  8.3946	  0.0062	     nan
192.0000	400.0000	  8.4009	 -0.0050	     nan
208.0000	400.0000	  8.4310	  0.0000	     nan
224.0000	400.0000	  8.5037	  0.0102	     nan
240.0000	400.0000	  8.5430	  0.0283	     nan
256.0000	400.0000	  8.5098	  0.0194	     nan
272.0000	400.0000	  8.4072	  0.0150	     nan
288.0000	400.0000	  8.3951	  0.0151	     nan
304.0000	400.0000	  8.3952	  0.0107	     nan
320.0000	400.0000	  8.3671	  0.0054	     nan
336.0000	400.0000	  8.3787	 -0.0003	     nan
352.0000	400.0000	  8.4137	  0.0024	     nan
368.0000	400.0000	  8.4519	  0.0092	     nan
384.0000	400.0000	  8.5365	  0.0128	     nan
400.0000	400.0000	  8.6545	  0.0088	     nan
416.0000	400.0000	  8.5451	  0.0059	     nan
432.0000	400.0000	  8.4513	  0.0078	     nan
448.0000	400.0000	  8.3981	  0.0102	     nan
464.0000	400.0000	  8.3726	  0.0067	     nan
480.0000	400.0000	  8.4643	 -0.0056	     nan
496.0000	400.0000	  8.4950	 -0.0110	     nan
 16.0000	384.0000	  9.9527	  0.0028	     nan
 32.0000	384.0000	  9.9353	  0.0042	     nan
 48.0000	384.0000	  9.9241	  0.0110	     nan
 64.0000	384.0000	  9.9095	  0.0116	     nan
 80.0000	384.0000	  9.9247	  0.0080	     nan
 96.0000	384.0000	  9.9331	  0.0015	     nan
112.0000	384.0000	  9.9308	  0.0020	     nan
128.0000	384.0000	  9.9630	  0.0054	     nan
144.0000	384.0000	  9.9918	  0.0121	     nan
160.0000	384.0000	  9.9827	  0.0216	     nan
176.0000	384.0000	  9.9537	  0.0176	     nan
192.0000	384.0000	  9.9593	  0.0100	     nan
208.0000	384.0000	  9.9507	  0.0103	     nan
224.0000	384.0000	  9.9407	  0.0207	     nan
240.0000	384.0000	  9.9549	  0.0511	     nan
256.0000	384.0000	  9.9953	  0.0389	     nan
272.0000	384.0000	  9.9537	  0.0332	     nan
288.0000	384.0000	  9.9550	  0.0337	     nan
304.0000	384.0000	  9.9608	  0.0251	     nan
320.0000	384.0000	  9.9354	  0.0144	     nan
336.0000	384.0000	  9.9408	  0.0070	     nan
352.0000	384.0000	  9.9411	  0.0045	     nan
368.0000	384.0000	  9.9450	  0.0082	     nan
384.0000	384.0000	  9.9777	  0.0137	     nan
400.0000	384.0000	 10.0098	  0.0203	     nan
416.0000	384.0000	  9.9085	  0.0399	     nan
432.0000	384.0000	  9.8683	  0.0395	     nan
448.0000	384.0000	  9.9273	  0.0308	     nan
464.0000	384.0000	  9.9604	  0.0215	     nan
480.0000	384.0000	  9.9810	  0.0154	     nan
496.0000	384.0000	 10.0183	  0.0160	     nan
 16.0000	368.0000	 11.2805	 -0.0031	     nan
 32.0000	368.0000	 11.2627	 -0.0018	     nan
 48.0000	368.0000	 11.2211	  0.0066	     nan
 64.0000	368.0000	 11.1889	  0.0106	     nan
 80.0000	368.0000	 11.2076	  0.0096	     nan
 96.0000	368.0000	 11.2234	  0.0055	     nan
112.0000	368.0000	 11.2312	  0.0052	     nan
128.0000	368.0000	 11.2509	  0.0059	     nan
144.0000	368.0000	 11.2709	  0.0066	     nan
160.0000	368.0000	 11.2615	  0.0133	     nan
176.0000	368.0000	 11.2456	  0.0137	     nan
192.0000	368.0000	 11.2394	  0.0100	     nan
208.0000	368.0000	 11.2261	  0.0096	     nan
224.0000	368.0000	 11.2303	  0.0149	     nan
240.0000	368.0000	 11.2529	  0.0344	     nan
256.0000	368.0000	 11.3004	  0.0486	     nan
272.0000	368.0000	 11.2810	  0.0400	     nan
288.0000	368.0000	 11.3025	  0.0289	     nan
304.0000	368.0000	 11.3356	  0.0278	     nan
320.0000	368.0000	 11.3076	  0.0196	     nan
336.0000	368.0000	 11.3053	  0.0123	     nan
352.0000	368.0000	 11.2651	  0.0069	     nan
368.0000	368.0000	 11.2319	  0.0071	     nan
384.0000	368.0000	 11.2326	  0.0119	     nan
400.0000	368.0000	 11.2334	  0.0162	     nan
416.0000	368.0000	 11.1997	  0.0259	     nan
432.0000	368.0000	 11.2029	  0.0292	     nan
448.0000	368.0000	 11.2760	  0.0278	     nan
464.0000	368.0000	 11.3016	  0.0186	     nan
480.0000	368.0000	 11.3027	  0.0269	     nan
496.0000	368.0000	 11.3309	  0.0491	     nan
 16.0000	352.0000	 12.4279	 -0.0114	     nan
 32.0000	352.0000	 12.4080	 -0.0082	     nan
 48.0000	352.0000	 12.3559	  0.0007	     nan
 64.0000	352.0000	 12.3200	  0.0057	     nan
 80.0000	352.0000	 12.3179	  0.0072	     nan
 96.0000	352.0000	 12.3332	  0.0091	     nan
112.0000	352.0000	 12.3536	  0.0111	     nan
128.0000	352.0000	 12.3733	  0.0088	     nan
144.0000	352.0000	 12.3727	  0.0030	     nan
160.0000	352.0000	 12.3494	  0.0063	     nan
176.0000	352.0000	 12.3200	  0.0084	     nan
192.0000	352.0000	 12.3036	  0.0084	     nan
208.0000	352.0000	 12.3205	  0.0073	     nan
224.0000	352.0000	 12.3706	  0.0087	     nan
240.0000	352.0000	 12.4124	  0.0192	     nan
256.0000	352.0000	 12.4346	  0.0378	     nan
272.0000	352.0000	 12.4088	  0.0318	     nan
288.0000	352.0000	 12.4192	  0.0188	     nan
304.0000	352.0000	 12.4662	  0.0201	     nan
320.0000	352.0000	 12.4634	  0.0176	     nan
336.0000	352.0000	 12.4515	  0.0115	     nan
352.0000	352.0000	 12.3936	  0.0055	     nan
368.0000	352.0000	 12.3466	  0.0051	     nan
384.0000	352.0000	 12.3330	  0.0111	     nan
400.0000	352.0000	 12.3418	  0.0171	     nan
416.0000	352.0000	 12.3565	  0.0199	     nan
432.0000	352.0000	 12.3686	  0.0184	     nan
448.0000	352.0000	 12.4185	  0.0154	     nan
464.0000	352.0000	 12.4352	  0.0090	     nan
480.0000	352.0000	 12.4324	  0.0176	     nan
496.0000	352.0000	 12.4660	  0.0367	     nan
 16.0000	336.0000	 13.3333	 -0.0077	     nan
 32.0000	336.0000	 13.3153	 -0.0043	     nan
 48.0000	336.0000	 13.2823	 -0.0009	     nan
 64.0000	336.0000	 13.2604	  0.0031	     nan
 80.0000	336.0000	 13.2666	  0.0086	     nan
 96.0000	336.0000	 13.2960	  0.0148	     nan
112.0000	336.0000	 13.3249	  0.0176	     nan
128.0000	336.0000	 13.3388	  0.0122	     nan
144.0000	336.0000	 13.3262	  0.0049	     nan
160.0000	336.0000	 13.2964	  0.0040	     nan
176.0000	336.0000	 13.2735	  0.0035	     nan
192.0000	336.0000	 13.2512	  0.0053	     nan
208.0000	336.0000	 13.2719	  0.0034	     nan
224.0000	336.0000	 13.3279	 -0.0003	     nan
240.0000	336.0000	 13.3586	  0.0039	     nan
256.0000	336.0000	 13.3585	  0.0132	     nan
272.0000	336.0000	 13.3385	  0.0117	     nan
288.0000	336.0000	 13.3240	  0.0067	     nan
304.0000	336.0000	 13.3539	  0.0086	     nan
320.0000	336.0000	 13.3732	  0.0098	     nan
336.0000	336.0000	 13.3567	  0.0032	     nan
352.0000	336.0000	 13.3154	 -0.0028	     nan
368.0000	336.0000	 13.2892	 -0.0040	     nan
384.0000	336.0000	 13.2868	  0.0049	     nan
400.0000	336.0000	 13.3005	  0.0140	     nan
416.0000	336.0000	 13.3203	  0.0136	     nan
432.0000	336.0000	 13.3086	  0.0059	     nan
448.0000	336.0000	 13.2985	 -0.0012	     nan
464.0000	336.0000	 13.3044	 -0.0021	     nan
480.0000	336.0000	 13.3375	  0.0152	     nan
496.0000	336.0000	 13.3968	  0.0404	     nan
 16.0000	320.0000	 14.0709	 -0.0011	     nan
 32.0000	320.0000	 14.0562	 -0.0006	     nan
 48.0000	320.0000	 14.0368	 -0.0019	     nan
 64.0000	320.0000	 14.0362	  0.0007	     nan
 80.0000	320.0000	 14.0701	  0.0067	     nan
 96.0000	320.0000	 14.1016	  0.0111	     nan
112.0000	320.0000	 14.1244	  0.0119	     nan
128.0000	320.0000	 14.1250	  0.0086	     nan
144.0000	320.0000	 14.1046	  0.0051	     nan
160.0000	320.0000	 14.0881	  0.0022	     nan
176.0000	320.0000	 14.0896	  0.0012	     nan
192.0000	320.0000	 14.0780	  0.0019	     nan
208.0000	320.0000	 14.0817	  0.0015	     nan
224.0000	320.0000	 14.0942	 -0.0006	     nan
240.0000	320.0000	 14.0942	  0.0014	     nan
256.0000	320.0000	 14.0637	  0.0027	     nan
272.0000	320.0000	 14.0105	 -0.0035	     nan
288.0000	320.0000	 13.9878	 -0.0104	     nan
304.0000	320.0000	 14.0323	 -0.0111	     nan
320.0000	320.0000	 14.0754	 -0.0077	     nan
336.0000	320.0000	 14.0766	 -0.0091	     nan
352.0000	320.0000	 14.0594	 -0.0105	     nan
368.0000	320.0000	 14.0550	 -0.0087	     nan
384.0000	320.0000	 14.0562	  0.0010	     nan
400.0000	320.0000	 14.0711	  0.0081	     nan
416.0000	320.0000	 14.0895	  0.0042	     nan
432.0000	320.0000	 14.0764	 -0.0052	     nan
448.0000	320.0000	 14.0364	 -0.0103	     nan
464.0000	320.0000	 14.0392	 -0.0045	     nan
480.0000	320.0000	 14.0771	  0.0278	     nan
496.0000	320.0000	 14.1304	  0.0783	     nan
 16.0000	304.0000	 14.6961	  0.0059	     nan
 32.0000	304.0000	 14.6818	  0.0048	     nan
 48.0000	304.0000	 14.6610	 -0.0009	     nan
 64.0000	304.0000	 14.6611	 -0.0034	     nan
 80.0000	304.0000	 14.6955	 -0.0005	     nan
 96.0000	304.0000	 14.7197	  0.0033	     nan
112.0000	304.0000	 14.7262	  0.0043	     nan
128.0000	304.0000	 14.7194	  0.0034	     nan
144.0000	304.0000	 14.7010	  0.0025	     nan
160.0000	304.0000	 14.6967	  0.0000	     nan
176.0000	304.0000	 14.7087	 -0.0016	     nan
192.0000	304.0000	 14.7105	 -0.0029	     nan
208.0000	304.0000	 14.7129	 -0.0031	     nan
224.0000	304.0000	 14.7009	 -0.0027	     nan
240.0000	304.0000	 14.6808	 -0.0004	     nan
256.0000	304.0000	 14.6443	 -0.0011	     nan
272.0000	304.0000	 14.6080	 -0.0078	     nan
288.0000	304.0000	 14.6013	 -0.0143	     nan
304.0000	304.0000	 14.6357	 -0.0167	     nan
320.0000	304.0000	 14.6691	 -0.0126	     nan
336.0000	304.0000	 14.6818	 -0.0104	     nan
352.0000	304.0000	 14.6756	 -0.0096	     nan
368.0000	304.0000	 14.6754	 -0.0066	     nan
384.0000	304.0000	 14.6613	 -0.0005	     nan
400.0000	304.0000	 14.6640	  0.0015	     nan
416.0000	304.0000	 14.6802	 -0.0073	     nan
432.0000	304.0000	 14.6795	 -0.0150	     nan
448.0000	304.0000	 14.6633	 -0.0131	     nan
464.0000	304.0000	 14.6789	 -0.0026	     nan
480.0000	304.0000	 14.7042	  0.0329	     nan
496.0000	304.0000	 14.7381	  0.0863	     nan
 16.0000	288.0000	 15.1459	  0.0056	     nan
 32.0000	288.0000	 15.1486	  0.0041	     nan
 48.0000	288.0000	 15.1440	  0.0006	     nan
 64.0000	288.0000	 15.1255	 -0.0065	     nan
 80.0000	288.0000	 15.1330	 -0.0073	     nan
 96.0000	288.0000	 15.1487	 -0.0036	     nan
112.0000	288.0000	 15.1417	 -0.0033	     nan
128.0000	288.0000	 15.1315	 -0.0022	     nan
144.0000	288.0000	 15.1266	  0.0002	     nan
160.0000	288.0000	 15.1346	 -0.0004	     nan
176.0000	288.0000	 15.1434	 -0.0034	     nan
192.0000	288.0000	 15.1493	 -0.0067	     nan
208.0000	288.0000	 15.1546	 -0.0094	     nan
224.0000	288.0000	 15.1479	 -0.0092	     nan
240.0000	288.0000	 15.1300	 -0.0075	     nan
256.0000	288.0000	 15.1079	 -0.0062	     nan
272.0000	288.0000	 15.0891	 -0.0073	     nan
288.0000	288.0000	 15.0855	 -0.0089	     nan
304.0000	288.0000	 15.0893	 -0.0080	     nan
320.0000	288.0000	 15.1119	 -0.0043	     nan
336.0000	288.0000	 15.1314	 -0.0020	     nan
352.0000	288.0000	 15.1295	 -0.0021	     nan
368.0000	288.0000	 15.1246	 -0.0029	     nan
384.0000	288.0000	 15.1086	 -0.0033	     nan
400.0000	288.0000	 15.1077	 -0.0057	     nan
416.0000	288.0000	 15.1201	 -0.0136	     nan
432.0000	288.0000	 15.1229	 -0.0163	     nan
448.0000	288.0000	 15.1245	 -0.0115	     nan
464.0000	288.0000	 15.1346	 -0.0016	     nan
480.0000	288.0000	 15.1435	  0.0219	     nan
496.0000	288.0000	 15.1578	  0.0452	     nan
 16.0000	272.0000	 15.4063	  0.0030	     nan
 32.0000	272.0000	 15.4114	  0.0032	     nan
 48.0000	272.0000	 15.4110	  0.0015	     nan
 64.0000	272.0000	 15.3938	 -0.0057	     nan
 80.0000	272.0000	 15.3886	 -0.0083	     nan
 96.0000	272.0000	 15.4026	 -0.0052	     nan
112.0000	272.0000	 15.4000	 -0.0049	     nan
128.0000	272.0000	 15.3920	 -0.0020	     nan
144.0000	272.0000	 15.3869	  0.0022	     nan
160.0000	272.0000	 15.3904	  0.0012	     nan
176.0000	272.0000	 15.3952	 -0.0032	     nan
192.0000	272.0000	 15.4056	 -0.0084	     nan
208.0000	272.0000	 15.4237	 -0.0155	     nan
224.0000	272.0000	 15.4284	 -0.0188	     nan
240.0000	272.0000	 15.4194	 -0.0190	     nan
256.0000	272.0000	 15.4094	 -0.0159	     nan
272.0000	272.0000	 15.3942	 -0.0098	     nan
288.0000	272.0000	 15.3853	 -0.0048	     nan
304.0000	272.0000	 15.3878	 -0.0007	     nan
320.0000	272.0000	 15.3992	  0.0018	     nan
336.0000	272.0000	 15.4023	  0.0042	     nan
352.0000	272.0000	 15.3924	  0.0038	     nan
368.0000	272.0000	 15.3902	  0.0017	     nan
384.0000	272.0000	 15.3907	 -0.0017	     nan
400.0000	272.0000	 15.3900	 -0.0060	     nan
416.0000	272.0000	 15.3906	 -0.0102	     nan
432.0000	272.0000	 15.3953	 -0.0094	     nan
448.0000	272.0000	 15.4056	 -0.0055	     nan
464.0000	272.0000	 15.4075	 -0.0004	     nan
480.0000	272.0000	 15.4010	  0.0115	     nan
496.0000	272.0000	 15.4105	  0.0190	     nan
 16.0000	256.0000	 15.4811	  0.0027	     nan
 32.0000	256.0000	 15.4843	  0.0029	     nan
 48.0000	256.0000	 15.4825	  0.0010	     nan
 64.0000	256.0000	 15.4810	 -0.0030	     nan
 80.0000	256.0000	 15.4801	 -0.0052	     nan
 96.0000	256.0000	 15.4930	 -0.0051	     nan
112.0000	256.0000	 15.4905	 -0.0044	     nan
128.0000	256.0000	 15.4789	 -0.0014	     nan
144.0000	256.0000	 15.4706	  0.0017	     nan
160.0000	256.0000	 15.4737	  0.0008	     nan
176.0000	256.0000	 15.4765	 -0.0023	     nan
192.0000	256.0000	 15.4793	 -0.0066	     nan
208.0000	256.0000	 15.4982	 -0.0146	     nan
224.0000	256.0000	 15.5053	 -0.0197	     nan
240.0000	256.0000	 15.5026	 -0.0196	     nan
256.0000	256.0000	 15.4953	 -0.0159	     nan
272.0000	256.0000	 15.4792	 -0.0107	     nan
288.0000	256.0000	 15.4795	 -0.0030	     nan
304.0000	256.0000	 15.4921	  0.0025	     nan
320.0000	256.0000	 15.5041	  0.0037	     nan
336.0000	256.0000	 15.4948	  0.0043	     nan
352.0000	256.0000	 15.4737	  0.0038	     nan
368.0000	256.0000	 15.4753	  0.0041	     nan
384.0000	256.0000	 15.4888	  0.0022	     nan
400.0000	256.0000	 15.4933	 -0.0008	     nan
416.0000	256.0000	 15.4922	 -0.0030	     nan
432.0000	256.0000	 15.4980	 -0.0027	     nan
448.0000	256.0000	 15.5054	 -0.0020	     nan
464.0000	256.0000	 15.4930	 -0.0008	     nan
480.0000	256.0000	 15.4802	  0.0045	     nan
496.0000	256.0000	 15.4945	  0.0068	     nan
 16.0000	240.0000	 15.4064	  0.0009	     nan
 32.0000	240.0000	 15.4051	  0.0007	     nan
 48.0000	240.0000	 15.3934	 -0.0017	     nan
 64.0000	240.0000	 15.3969	 -0.0030	     nan
 80.0000	240.0000	 15.4129	 -0.0026	     nan
 96.0000	240.0000	 15.4305	 -0.0025	     nan
112.0000	240.0000	 15.4215	 -0.0029	     nan
128.0000	240.0000	 15.4077	 -0.0024	     nan
144.0000	240.0000	 15.4053	 -0.0020	     nan
160.0000	240.0000	 15.4072	 -0.0025	     nan
176.0000	240.0000	 15.4001	 -0.0033	     nan
192.0000	240.0000	 15.3926	 -0.0048	     nan
208.0000	240.0000	 15.3960	 -0.0088	     nan
224.0000	240.0000	 15.3950	 -0.0125	     nan
240.0000	240.0000	 15.3956	 -0.0132	     nan
256.0000	240.0000	 15.3907	 -0.0107	     nan
272.0000	240.0000	 15.3812	 -0.0068	     nan
288.0000	240.0000	 15.3871	 -0.0006	     nan
304.0000	240.0000	 15.4015	  0.0035	     nan
320.0000	240.0000	 15.4132	  0.0033	     nan
336.0000	240.0000	 15.4007	  0.0020	     nan
352.0000	240.0000	 15.3807	  0.0016	     nan
368.0000	240.0000	 15.3820	  0.0039	     nan
384.0000	240.0000	 15.3983	  0.0041	     nan
400.0000	240.0000	 15.4015	  0.0045	     nan
416.0000	240.0000	 15.4094	  0.0060	     nan
432.0000	240.0000	 15.4159	  0.0049	     nan
448.0000	240.0000	 15.4228	  0.0021	     nan
464.0000	240.0000	 15.4135	 -0.0005	     nan
480.0000	240.0000	 15.4086	 -0.0001	     nan
496.0000	240.0000	 15.4290	  0.0001	     nan
 16.0000	224.0000	 15.1546	 -0.0014	     nan
 32.0000	224.0000	 15.1460	 -0.0018	     nan
 48.0000	224.0000	 15.1194	 -0.0045	     nan
 64.0000	224.0000	 15.1195	 -0.0045	     nan
 80.0000	224.0000	 15.1562	 -0.0025	     nan
 96.0000	224.0000	 15.1955	 -0.0018	     nan
112.0000	224.0000	 15.2028	 -0.0032	     nan
128.0000	224.0000	 15.1915	 -0.0052	     nan
144.0000	224.0000	 15.1795	 -0.0058	     nan
160.0000	224.0000	 15.1673	 -0.0046	     nan
176.0000	224.0000	 15.1505	 -0.0047	     nan
192.0000	224.0000	 15.1458	 -0.0046	     nan
208.0000	224.0000	 15.1371	 -0.0034	     nan
224.0000	224.0000	 15.1278	 -0.0027	     nan
240.0000	224.0000	 15.1241	 -0.0014	     nan
256.0000	224.0000	 15.1189	  0.0004	     nan
272.0000	224.0000	 15.1076	  0.0034	     nan
288.0000	224.0000	 15.1165	  0.0052	     nan
304.0000	224.0000	 15.1378	  0.0043	     nan
320.0000	224.0000	 15.1438	  0.0022	     nan
336.0000	224.0000	 15.1235	  0.0005	     nan
352.0000	224.0000	 15.1099	 -0.0008	     nan
368.0000	224.0000	 15.1123	  0.0007	     nan
384.0000	224.0000	 15.1259	  0.0014	     nan
400.0000	224.0000	 15.1294	  0.0019	     nan
416.0000	224.0000	 15.1409	  0.0043	     nan
432.0000	224.0000	 15.1464	  0.0064	     nan
448.0000	224.0000	 15.1523	  0.0040	     nan
464.0000	224.0000	 15.1527	 -0.0007	     nan
480.0000	224.0000	 15.1532	 -0.0022	     nan
496.0000	224.0000	 15.1703	 -0.0019	     nan
 16.0000	208.0000	 14.6951	 -0.0056	     nan
 32.0000	208.0000	 14.6922	 -0.0042	     nan
 48.0000	208.0000	 14.6576	 -0.0049	     nan
 64.0000	208.0000	 14.6467	 -0.0057	     nan
 80.0000	208.0000	 14.6978	 -0.0036	     nan
 96.0000	208.0000	 14.7577	 -0.0017	     nan
112.0000	208.0000	 14.7724	 -0.0022	     nan
128.0000	208.0000	 14.7542	 -0.0054	     nan
144.0000	208.0000	 14.7292	 -0.0059	     nan
160.0000	208.0000	 14.7135	 -0.0035	     nan
176.0000	208.0000	 14.7011	 -0.0054	     nan
192.0000	208.0000	 14.7114	 -0.0044	     nan
208.0000	208.0000	 14.7078	 -0.0002	     nan
224.0000	208.0000	 14.6867	  0.0045	     nan
240.0000	208.0000	 14.6598	  0.0110	     nan
256.0000	208.0000	 14.6491	  0.0157	     nan
272.0000	208.0000	 14.6606	  0.0188	     nan
288.0000	208.0000	 14.6898	  0.0151	     nan
304.0000	208.0000	 14.7272	  0.0066	     nan
320.0000	208.0000	 14.7320	  0.0009	     nan
336.0000	208.0000	 14.7008	 -0.0013	     nan
352.0000	208.0000	 14.6769	 -0.0009	     nan
368.0000	208.0000	 14.6743	 -0.0015	     nan
384.0000	208.0000	 14.6845	 -0.0024	     nan
400.0000	208.0000	 14.6932	 -0.0036	     nan
416.0000	208.0000	 14.7054	 -0.0045	     nan
432.0000	208.0000	 14.7046	 -0.0033	     nan
448.0000	208.0000	 14.7001	 -0.0022	     nan
464.0000	208.0000	 14.7005	 -0.0026	     nan
480.0000	208.0000	 14.7146	 -0.0016	     nan
496.0000	208.0000	 14.7492	 -0.0001	     nan
 16.0000	192.0000	 14.0799	 -0.0071	     nan
 32.0000	192.0000	 14.0753	 -0.0046	     nan
 48.0000	192.0000	 14.0351	 -0.0058	     nan
 64.0000	192.0000	 14.0332	 -0.0073	     nan
 80.0000	192.0000	 14.0760	 -0.0043	     nan
 96.0000	192.0000	 14.1289	 -0.0007	     nan
112.0000	192.0000	 14.1403	  0.0001	     nan
128.0000	192.0000	 14.1129	 -0.0026	     nan
144.0000	192.0000	 14.0802	 -0.0023	     nan
160.0000	192.0000	 14.0655	 -0.0015	     nan
176.0000	192.0000	 14.0670	 -0.0043	     nan
192.0000	192.0000	 14.0857	 -0.0025	     nan
208.0000	192.0000	 14.0998	  0.0015	     nan
224.0000	192.0000	 14.0830	  0.0052	     nan
240.0000	192.0000	 14.0392	  0.0116	     nan
256.0000	192.0000	 14.0128	  0.0158	     nan
272.0000	192.0000	 14.0308	  0.0162	     nan
288.0000	192.0000	 14.0824	  0.0125	     nan
304.0000	192.0000	 14.1244	  0.0044	     nan
320.0000	192.0000	 14.1261	 -0.0016	     nan
336.0000	192.0000	 14.1047	 -0.0036	     nan
352.0000	192.0000	 14.0803	 -0.0036	     nan
368.0000	192.0000	 14.0700	 -0.0036	     nan
384.0000	192.0000	 14.0746	 -0.0030	     nan
400.0000	192.0000	 14.0913	 -0.0034	     nan
416.0000	192.0000	 14.1110	 -0.0078	     nan
432.0000	192.0000	 14.1078	 -0.0092	     nan
448.0000	192.0000	 14.0897	 -0.0067	     nan
464.0000	192.0000	 14.0794	 -0.0056	     nan
480.0000	192.0000	 14.1131	 -0.0027	     nan
496.0000	192.0000	 14.2067	 -0.0004	     nan
 16.0000	176.0000	 13.3143	 -0.0029	     nan
 32.0000	176.0000	 13.3098	 -0.0024	     nan
 48.0000	176.0000	 13.2889	 -0.0076	     nan
 64.0000	176.0000	 13.2763	 -0.0105	     nan
 80.0000	176.0000	 13.2799	 -0.0052	     nan
 96.0000	176.0000	 13.3008	  0.0004	     nan
112.0000	176.0000	 13.3108	  0.0020	     nan
128.0000	176.0000	 13.2905	 -0.0003	     nan
144.0000	176.0000	 13.2841	 -0.0031	     nan
160.0000	176.0000	 13.2935	 -0.0045	     nan
176.0000	176.0000	 13.3050	 -0.0052	     nan
192.0000	176.0000	 13.3232	  0.0030	     nan
208.0000	176.0000	 13.3539	  0.0067	     nan
224.0000	176.0000	 13.3520	  0.0026	     nan
240.0000	176.0000	 13.3057	  0.0032	     nan
256.0000	176.0000	 13.2487	  0.0038	     nan
272.0000	176.0000	 13.2441	  0.0028	     nan
288.0000	176.0000	 13.2891	  0.0018	     nan
304.0000	176.0000	 13.3191	 -0.0020	     nan
320.0000	176.0000	 13.3261	 -0.0053	     nan
336.0000	176.0000	 13.3300	 -0.0074	     nan
352.0000	176.0000	 13.3234	 -0.0101	     nan
368.0000	176.0000	 13.3047	 -0.0087	     nan
384.0000	176.0000	 13.3134	 -0.0014	     nan
400.0000	176.0000	 13.3419	  0.0059	     nan
416.0000	176.0000	 13.3724	  0.0021	     nan
432.0000	176.0000	 13.3754	 -0.0035	     nan
448.0000	176.0000	 13.3433	 -0.0051	     nan
464.0000	176.0000	 13.3047	 -0.0079	     nan
480.0000	176.0000	 13.3212	 -0.0066	     nan
496.0000	176.0000	 13.4099	 -0.0043	     nan
 16.0000	160.0000	 12.3518	  0.0000	     nan
 32.0000	160.0000	 12.3695	 -0.0008	     nan
 48.0000	160.0000	 12.3931	 -0.0076	     nan
 64.0000	160.0000	 12.3841	 -0.0091	     nan
 80.0000	160.0000	 12.3395	 -0.0026	     nan
 96.0000	160.0000	 12.3231	  0.0023	     nan
112.0000	160.0000	 12.3350	  0.0035	     nan
128.0000	160.0000	 12.3260	 -0.0007	     nan
144.0000	160.0000	 12.3387	 -0.0074	     nan
160.0000	160.0000	 12.3586	 -0.0097	     nan
176.0000	160.0000	 12.3625	 -0.0033	     nan
192.0000	160.0000	 12.3584	  0.0130	     nan
208.0000	160.0000	 12.3884	  0.0142	     nan
224.0000	160.0000	 12.4026	 -0.0033	     nan
240.0000	160.0000	 12.3895	 -0.0078	     nan
256.0000	160.0000	 12.3358	 -0.0083	     nan
272.0000	160.0000	 12.3142	 -0.0087	     nan
288.0000	160.0000	 12.3408	 -0.0055	     nan
304.0000	160.0000	 12.3659	 -0.0026	     nan
320.0000	160.0000	 12.3758	 -0.0043	     nan
336.0000	160.0000	 12.3772	 -0.0092	     nan
352.0000	160.0000	 12.3873	 -0.0148	     nan
368.0000	160.0000	 12.3633	 -0.0129	     nan
384.0000	160.0000	 12.3593	  0.0025	     nan
400.0000	160.0000	 12.3724	  0.0197	     nan
416.0000	160.0000	 12.3977	  0.0141	     nan
432.0000	160.0000	 12.4273	  0.0024	     nan
448.0000	160.0000	 12.4087	 -0.0027	     nan
464.0000	160.0000	 12.3684	 -0.0091	     nan
480.0000	160.0000	 12.3554	 -0.0079	     nan
496.0000	160.0000	 12.3791	 -0.0065	     nan
 16.0000	144.0000	 11.1713	  0.0059	     nan
 32.0000	144.0000	 11.2061	  0.0012	     nan
 48.0000	144.0000	 11.2787	  0.0013	     nan
 64.0000	144.0000	 11.2938	  0.0031	     nan
 80.0000	144.0000	 11.2293	  0.0061	     nan
 96.0000	144.0000	 11.1941	  0.0068	     nan
112.0000	144.0000	 11.2067	  0.0051	     nan
128.0000	144.0000	 11.2116	 -0.0003	     nan
144.0000	144.0000	 11.2192	 -0.0084	     nan
160.0000	144.0000	 11.2297	 -0.0120	     nan
176.0000	144.0000	 11.2250	 -0.0064	     nan
192.0000	144.0000	 11.2207	  0.0100	     nan
208.0000	144.0000	 11.2534	  0.0112	     nan
224.0000	144.0000	 11.2503	 -0.0119	     nan
240.0000	144.0000	 11.2246	 -0.0191	     nan
256.0000	144.0000	 11.2030	 -0.0134	     nan
272.0000	144.0000	 11.2099	 -0.0075	     nan
288.0000	144.0000	 11.2415	  0.0012	     nan
304.0000	144.0000	 11.2715	  0.0112	     nan
320.0000	144.0000	 11.2793	  0.0089	     nan
336.0000	144.0000	 11.2724	 -0.0042	     nan
352.0000	144.0000	 11.2700	 -0.0105	     nan
368.0000	144.0000	 11.2391	 -0.0089	     nan
384.0000	144.0000	 11.2245	  0.0043	     nan
400.0000	144.0000	 11.2443	  0.0130	     nan
416.0000	144.0000	 11.2745	  0.0061	     nan
432.0000	144.0000	 11.2978	 -0.0009	     nan
448.0000	144.0000	 11.2686	 -0.0065	     nan
464.0000	144.0000	 11.2561	 -0.0127	     nan
480.0000	144.0000	 11.2612	 -0.0100	     nan
496.0000	144.0000	 11.2739	 -0.0121	     nan
 16.0000	128.0000	  9.8660	 -0.0019	     nan
 32.0000	128.0000	  9.8789	 -0.0150	     nan
 48.0000	128.0000	  9.9602	 -0.0131	     nan
 64.0000	128.0000	  9.9679	 -0.0020	     nan
 80.0000	128.0000	  9.8809	  0.0034	     nan
 96.0000	128.0000	  9.8516	  0.0051	     nan
112.0000	128.0000	  9.8935	  0.0043	     nan
128.0000	128.0000	  9.9449	  0.0011	     nan
144.0000	128.0000	  9.9609	 -0.0082	     nan
160.0000	128.0000	  9.9559	 -0.0122	     nan
176.0000	128.0000	  9.9308	 -0.0026	     nan
192.0000	128.0000	  9.9235	  0.0049	     nan
208.0000	128.0000	  9.9561	 -0.0000	     nan
224.0000	128.0000	  9.9309	 -0.0144	     nan
240.0000	128.0000	  9.9067	 -0.0177	     nan
256.0000	128.0000	  9.8904	 -0.0131	     nan
272.0000	128.0000	  9.9149	 -0.0007	     nan
288.0000	128.0000	  9.9436	  0.0205	     nan
304.0000	128.0000	  9.9553	  0.0464	     nan
320.0000	128.0000	  9.9640	  0.0360	     nan
336.0000	128.0000	  9.9879	 -0.0038	     nan
352.0000	128.0000	  9.9667	 -0.0109	     nan
368.0000	128.0000	  9.9411	 -0.0080	     nan
384.0000	128.0000	  9.9265	 -0.0019	     nan
400.0000	128.0000	  9.9774	 -0.0008	     nan
416.0000	128.0000	 10.0023	 -0.0042	     nan
432.0000	128.0000	  9.9862	 -0.0041	     nan
448.0000	128.0000	  9.9271	 -0.0090	     nan
464.0000	128.0000	  9.9187	 -0.0148	     nan
480.0000	128.0000	  9.9530	 -0.0097	     nan
496.0000	128.0000	  9.9701	 -0.0108	     nan
 16.0000	112.0000	  8.4281	 -0.0014	     nan
 32.0000	112.0000	  8.4100	 -0.0220	     nan
 48.0000	112.0000	  8.4575	 -0.0347	     nan
 64.0000	112.0000	  8.4282	 -0.0242	     nan
 80.0000	112.0000	  8.3211	 -0.0119	     nan
 96.0000	112.0000	  8.3004	 -0.0002	     nan
112.0000	112.0000	  8.3864	  0.0032	     nan
128.0000	112.0000	  8.5078	  0.0014	     nan
144.0000	112.0000	  8.5637	 -0.0061	     nan
160.0000	112.0000	  8.5340	 -0.0074	     nan
176.0000	112.0000	  8.4605	  0.0054	     nan
192.0000	112.0000	  8.4304	  0.0093	     nan
208.0000	112.0000	  8.4479	 -0.0013	     nan
224.0000	112.0000	  8.4285	 -0.0113	     nan
240.0000	112.0000	  8.3993	 -0.0143	     nan
256.0000	112.0000	  8.3721	 -0.0151	     nan
272.0000	112.0000	  8.3802	 -0.0031	     nan
288.0000	112.0000	  8.4098	  0.0273	     nan
304.0000	112.0000	  8.4327	  0.0643	     nan
320.0000	112.0000	  8.4737	  0.0568	     nan
336.0000	112.0000	  8.5369	  0.0140	     nan
352.0000	112.0000	  8.5254	  0.0004	     nan
368.0000	112.0000	  8.4831	 -0.0041	     nan
384.0000	112.0000	  8.4756	 -0.0038	     nan
400.0000	112.0000	  8.5428	  0.0006	     nan
416.0000	112.0000	  8.5532	  0.0068	     nan
432.0000	112.0000	  8.4641	  0.0047	     nan
448.0000	112.0000	  8.3417	 -0.0076	     nan
464.0000	112.0000	  8.3086	 -0.0182	     nan
480.0000	112.0000	  8.3842	 -0.0098	     nan
496.0000	112.0000	  8.4111	 -0.0002	     nan
 16.0000	 96.0000	  6.7356	  0.0229	     nan
 32.0000	 96.0000	  6.6969	  0.0032	     nan
 48.0000	 96.0000	  6.7149	 -0.0186	     nan
 64.0000	 96.0000	  6.6660	 -0.0242	     nan
 80.0000	 96.0000	  6.5583	 -0.0171	     nan
 96.0000	 96.0000	  6.5068	 -0.0053	     nan
112.0000	 96.0000	  6.6039	  0.0006	     nan
128.0000	 96.0000	  6.7498	  0.0031	     nan
144.0000	 96.0000	  6.8501	  0.0063	     nan
160.0000	 96.0000	  6.8188	  0.0008	     nan
176.0000	 96.0000	  6.7249	  0.0065	     nan
192.0000	 96.0000	  6.6814	  0.0127	     nan
208.0000	 96.0000	  6.6779	  0.0048	     nan
224.0000	 96.0000	  6.6483	 -0.0021	     nan
240.0000	 96.0000	  6.5925	  0.0003	     nan
256.0000	 96.0000	  6.5563	 -0.0056	     nan
272.0000	 96.0000	  6.5199	 -0.0090	     nan
288.0000	 96.0000	  6.5686	  0.0100	     nan
304.0000	 96.0000	  6.6577	  0.0381	     nan
320.0000	 96.0000	  6.7233	  0.0418	     nan
336.0000	 96.0000	  6.7897	  0.0233	     nan
352.0000	 96.0000	  6.7439	  0.0090	     nan
368.0000	 96.0000	  6.7069	  0.0004	     nan
384.0000	 96.0000	  6.7452	  0.0012	     nan
400.0000	 96.0000	  6.8120	  0.0102	     nan
416.0000	 96.0000	  6.8051	  0.0212	     nan
432.0000	 96.0000	  6.6884	  0.0150	     nan
448.0000	 96.0000	  6.5206	 -0.0100	     nan
464.0000	 96.0000	  6.4689	 -0.0230	     nan
480.0000	 96.0000	  6.5455	 -0.0105	     nan
496.0000	 96.0000	  6.6011	  0.0053	     nan
 16.0000	 80.0000	  4.6953	  0.0270	     nan
 32.0000	 80.0000	  4.6578	  0.0076	     nan
 48.0000	 80.0000	  4.6956	 -0.0085	     nan
 64.0000	 80.0000	  4.6935	 -0.0202	     nan
 80.0000	 80.0000	  4.6564	 -0.0207	     nan
 96.0000	 80.0000	  4.5929	 -0.0138	     nan
112.0000	 80.0000	  4.6762	 -0.0045	     nan
128.0000	 80.0000	  4.6806	 -0.0037	     nan
144.0000	 80.0000	  4.7004	  0.0086	     nan
160.0000	 80.0000	  4.7384	 -0.0048	     nan
176.0000	 80.0000	  4.6944	 -0.0043	     nan
192.0000	 80.0000	  4.6248	  0.0160	     nan
208.0000	 80.0000	  4.6200	  0.0158	     nan
224.0000	 80.0000	  4.5777	  0.0050	     nan
240.0000	 80.0000	  4.4415	  0.0170	     nan
256.0000	 80.0000	  4.3371	 -0.0014	     nan
272.0000	 80.0000	  4.3518	 -0.0294	     nan
288.0000	 80.0000	  4.4722	 -0.0293	     nan
304.0000	 80.0000	  4.5852	  0.0022	     nan
320.0000	 80.0000	  4.6182	  0.0189	     nan
336.0000	 80.0000	  4.5736	  0.0041	     nan
352.0000	 80.0000	  4.4764	 -0.0044	     nan
368.0000	 80.0000	  4.4943	 -0.0054	     nan
384.0000	 80.0000	  4.6420	  0.0002	     nan
400.0000	 80.0000	  4.7735	  0.0108	     nan
416.0000	 80.0000	  4.7903	  0.0195	     nan
432.0000	 80.0000	  4.7053	  0.0109	     nan
448.0000	 80.0000	  4.5840	 -0.0212	     nan
464.0000	 80.0000	  4.5949	 -0.0197	     nan
480.0000	 80.0000	  4.6231	 -0.0132	     nan
496.0000	 80.0000	  4.6770	 -0.0075	     nan
 16.0000	 64.0000	  2.5498	  0.0018	     nan
 32.0000	 64.0000	  2.5586	 -0.0014	     nan
 48.0000	 64.0000	  2.6398	 -0.0018	     nan
 64.0000	 64.0000	  2.6294	 -0.0040	     nan
 80.0000	 64.0000	  2.6189	 -0.0117	     nan
 96.0000	 64.0000	  2.5423	 -0.0122	     nan
112.0000	 64.0000	  2.5436	 -0.0033	     nan
128.0000	 64.0000	  2.5092	  0.0014	     nan
144.0000	 64.0000	  2.4619	  0.0078	     nan
160.0000	 64.0000	  2.4989	  0.0037	     nan
176.0000	 64.0000	  2.5094	  0.0029	     nan
192.0000	 64.0000	  2.4903	  0.0256	     nan
208.0000	 64.0000	  2.5006	  0.0299	     nan
224.0000	 64.0000	  2.4747	  0.0235	     nan
240.0000	 64.0000	  2.3670	  0.0332	     nan
256.0000	 64.0000	  2.1899	  0.0229	     nan
272.0000	 64.0000	  2.2693	  0.0042	     nan
288.0000	 64.0000	  2.4593	 -0.0056	     nan
304.0000	 64.0000	  2.5746	  0.0052	     nan
320.0000	 64.0000	  2.5870	  0.0159	     nan
336.0000	 64.0000	  2.4350	  0.0147	     nan
352.0000	 64.0000	  2.2814	 -0.0018	     nan
368.0000	 64.0000	  2.3196	 -0.0036	     nan
384.0000	 64.0000	  2.5754	 -0.0048	     nan
400.0000	 64.0000	  2.7396	 -0.0058	     nan
416.0000	 64.0000	  2.7290	 -0.0010	     nan
432.0000	 64.0000	  2.6459	 -0.0000	     nan
448.0000	 64.0000	  2.5574	 -0.0210	     nan
464.0000	 64.0000	  2.5480	 -0.0196	     nan
480.0000	 64.0000	  2.5579	 -0.0113	     nan
496.0000	 64.0000	  2.6135	 -0.0107	     nan
 16.0000	 48.0000	  0.8678	 -0.0050	     nan
 32.0000	 48.0000	  0.9001	 -0.0005	     nan
 48.0000	 48.0000	  1.0235	  0.0106	     nan
 64.0000	 48.0000	  0.9783	  0.0106	     nan
 80.0000	 48.0000	  0.8707	 -0.0108	     nan
 96.0000	 48.0000	  0.7947	 -0.0186	     nan
112.0000	 48.0000	  0.7815	  0.0006	     nan
128.0000	 48.0000	  0.7276	  0.0127	     nan
144.0000	 48.0000	  0.6822	  0.0245	     nan
160.0000	 48.0000	  0.7509	  0.0291	     nan
176.0000	 48.0000	  0.8244	  0.0264	     nan
192.0000	 48.0000	  0.8710	  0.0290	     nan
208.0000	 48.0000	  0.9046	  0.0347	     nan
224.0000	 48.0000	  0.8677	  0.0503	     nan
240.0000	 48.0000	  0.7239	  0.0651	     nan
256.0000	 48.0000	  0.4553	  0.0492	     nan
272.0000	 48.0000	  0.4790	  0.0214	     nan
288.0000	 48.0000	  0.8097	  0.0045	     nan
304.0000	 48.0000	  0.9499	  0.0076	     nan
320.0000	 48.0000	  0.8871	  0.0128	     nan
336.0000	 48.0000	  0.6426	  0.0206	     nan
352.0000	 48.0000	  0.4577	  0.0165	     nan
368.0000	 48.0000	  0.5889	  0.0035	     nan
384.0000	 48.0000	  0.9254	 -0.0006	     nan
400.0000	 48.0000	  1.0974	 -0.0024	     nan
416.0000	 48.0000	  1.0665	  0.0102	     nan
432.0000	 48.0000	  0.9743	 -0.0049	     nan
448.0000	 48.0000	  0.8350	 -0.0197	     nan
464.0000	 48.0000	  0.8101	 -0.0141	     nan
480.0000	 48.0000	  0.8368	  0.0001	     nan
496.0000	 48.0000	  0.8388	 -0.0002	     nan
 16.0000	 32.0000	  0.1125	 -0.0034	     nan
 32.0000	 32.0000	  0.0857	 -0.0027	     nan
 48.0000	 32.0000	  0.1233	  0.0065	     nan
 64.0000	 32.0000	  0.1341	  0.0104	     nan
 80.0000	 32.0000	  0.1312	  0.0048	     nan
 96.0000	 32.0000	  0.0798	 -0.0201	     nan
112.0000	 32.0000	  0.0486	  0.0029	     nan
128.0000	 32.0000	  0.0118	  0.0109	     nan
144.0000	 32.0000	  0.0438	  0.0201	     nan
160.0000	 32.0000	  0.1494	  0.0309	     nan
176.0000	 32.0000	  0.1449	  0.0230	     nan
192.0000	 32.0000	  0.1244	  0.0188	     nan
208.0000	 32.0000	  0.1346	  0.0170	     nan
224.0000	 32.0000	  0.1346	  0.0141	     nan
240.0000	 32.0000	  0.0785	  0.0253	     nan
256.0000	 32.0000	 -0.1196	  0.0236	     nan
272.0000	 32.0000	 -0.1526	  0.0190	     nan
288.0000	 32.0000	 -0.0377	  0.0120	     nan
304.0000	 32.0000	  0.0771	  0.0117	     nan
320.0000	 32.0000	  0.1444	  0.0127	     nan
336.0000	 32.0000	  0.0627	  0.0142	     nan
352.0000	 32.0000	 -0.0393	  0.0082	     nan
368.0000	 32.0000	  0.0197	  0.0026	     nan
384.0000	 32.0000	  0.1203	 -0.0000	     nan
400.0000	 32.0000	  0.1659	 -0.0007	     nan
416.0000	 32.0000	  0.1250	 -0.0034	     nan
432.0000	 32.0000	  0.0841	 -0.0234	     nan
448.0000	 32.0000	  0.0322	 -0.0184	     nan
464.0000	 32.0000	  0.0181	 -0.0024	     nan
480.0000	 32.0000	  0.0293	  0.0104	     nan
496.0000	 32.0000	  0.0193	  0.0071	     nan
 16.0000	 16.0000	 -0.0734	 -0.0057	     nan
 32.0000	 16.0000	 -0.1200	 -0.0068	     nan
 48.0000	 16.0000	 -0.1031	  0.0008	     nan
 64.0000	 16.0000	 -0.0769	  0.0034	     nan
 80.0000	 16.0000	 -0.0535	  0.0005	     nan
 96.0000	 16.0000	 -0.0693	 -0.0047	     nan
112.0000	 16.0000	 -0.1212	  0.0129	     nan
128.0000	 16.0000	 -0.1586	  0.0136	     nan
144.0000	 16.0000	 -0.1245	  0.0216	     nan
160.0000	 16.0000	 -0.0160	  0.0298	     nan
176.0000	 16.0000	 -0.0896	  0.0109	     nan
192.0000	 16.0000	 -0.1078	  0.0030	     nan
208.0000	 16.0000	 -0.1037	 -0.0000	     nan
224.0000	 16.0000	 -0.0820	 -0.0035	     nan
240.0000	 16.0000	 -0.0921	  0.0056	     nan
256.0000	 16.0000	 -0.2375	  0.0089	     nan
272.0000	 16.0000	 -0.2702	  0.0131	     nan
288.0000	 16.0000	 -0.2236	  0.0094	     nan
304.0000	 16.0000	 -0.1406	  0.0054	     nan
320.0000	 16.0000	 -0.0688	 -0.0024	     nan
336.0000	 16.0000	 -0.0845	 -0.0078	     nan
352.0000	 16.0000	 -0.1275	 -0.0181	     nan
368.0000	 16.0000	 -0.1056	 -0.0145	     nan
384.0000	 16.0000	 -0.1018	  0.0013	     nan
400.0000	 16.0000	 -0.0719	 -0.0007	     nan
416.0000	 16.0000	 -0.0951	 -0.0206	     nan
432.0000	 16.0000	 -0.1112	 -0.0324	     nan
448.0000	 16.0000	 -0.1169	 -0.0167	     nan
464.0000	 16.0000	 -0.1355	  0.0032	     nan
480.0000	 16.0000	 -0.1319	  0.0109	     nan
496.0000	 16.0000	 -0.1699	 -0.0008	     nan
