 16.0000	496.0000	  4.3316	 -4.3267	  0.0000
 32.0000	496.0000	  4.3320	 -4.3337	  0.0000
 48.0000	496.0000	  4.2981	 -4.2962	  0.0000
 64.0000	496.0000	  4.0040	 -3.9955	  0.0000
 80.0000	496.0000	  3.6385	 -3.7041	  0.0000
 96.0000	496.0000	  3.2813	 -3.3936	  0.0000
112.0000	496.0000	  3.2514	 -3.2646	  0.0000
128.0000	496.0000	  3.0077	 -2.9965	  0.0000
144.0000	496.0000	  2.5780	 -2.5752	  0.0000
160.0000	496.0000	  1.6238	 -1.7612	  0.0000
176.0000	496.0000	  0.9123	 -0.9445	  0.0000
192.0000	496.0000	  0.3153	 -0.3214	  0.0000
208.0000	496.0000	  0.3499	 -0.3142	  0.0000
224.0000	496.0000	  0.0170	 -0.4860	  0.0000
240.0000	496.0000	 -0.0945	 -0.3140	  0.0000
256.0000	496.0000	  0.1494	 -0.1332	  0.0000
272.0000	496.0000	 -0.0053	  0.0120	  0.0000
288.0000	496.0000	 -0.0163	  0.0195	  0.0000
304.0000	496.0000	  0.0259	 -0.0191	  0.0000
320.0000	496.0000	  0.0588	 -0.0505	  0.0000
336.0000	496.0000	  0.0457	 -0.0329	  0.0000
352.0000	496.0000	 -0.0104	  0.0060	  0.0000
368.0000	496.0000	 -0.0070	  0.0074	  0.0000
384.0000	496.0000	 -0.0016	  0.0012	  0.0000
400.0000	496.0000	 -0.0060	  0.0080	  0.0000
416.0000	496.0000	 -0.0149	  0.0162	  0.0000
432.0000	496.0000	 -0.0104	  0.0106	  0.0000
448.0000	496.0000	  0.0096	 -0.0060	  0.0000
464.0000	496.0000	  0.0131	 -0.0128	  0.0000
480.0000	496.0000	 -0.0072	  0.0073	  0.0000
496.0000	496.0000	  0.0036	  0.0018	  0.0000
 16.0000	480.0000	  4.3506	 -4.3615	  0.0000
 32.0000	480.0000	  4.3666	 -4.3751	  0.0000
 48.0000	480.0000	  4.3395	 -4.3371	  0.0000
 64.0000	480.0000	  4.1716	 -4.1523	  0.0000
 80.0000	480.0000	  3.9249	 -3.9114	  0.0000
 96.0000	480.0000	  3.8892	 -4.0221	  0.0000
112.0000	480.0000	  3.5255	 -3.5634	  0.0000
128.0000	480.0000	  3.1546	 -3.1544	  0.0000
144.0000	480.0000	  2.8246	 -2.7995	  0.0000
160.0000	480.0000	  2.3426	 -2.3159	  0.0000
176.0000	480.0000	  1.4788	 -1.4504	  0.0000
192.0000	480.0000	  0.8495	 -0.8011	  0.0000
208.0000	480.0000	  0.6091	 -0.5792	  0.0000
224.0000	480.0000	  0.0432	 -0.0455	  0.0000
240.0000	480.0000	  0.5492	 -0.6117	  0.0000
256.0000	480.0000	  0.2513	 -0.2477	  0.0000
272.0000	480.0000	 -0.0406	  0.0052	  0.0000
288.0000	480.0000	 -0.0103	  0.0105	  0.0000
304.0000	480.0000	  0.0283	 -0.0187	  0.0000
320.0000	480.0000	  0.0450	 -0.0386	  0.0000
336.0000	480.0000	  0.0479	 -0.0294	  0.0000
352.0000	480.0000	  0.0050	  0.0026	  0.0000
368.0000	480.0000	 -0.0025	  0.0045	  0.0000
384.0000	480.0000	 -0.0024	  0.0050	  0.0000
400.0000	480.0000	 -0.0143	  0.0201	  0.0000
416.0000	480.0000	 -0.0185	  0.0217	  0.0000
432.0000	480.0000	 -0.0129	  0.0128	  0.0000
448.0000	480.0000	  0.0087	 -0.0048	  0.0000
464.0000	480.0000	  0.0204	 -0.0193	  0.0000
480.0000	480.0000	 -0.0054	  0.0041	  0.0000
496.0000	480.0000	  0.0018	 -0.0020	  0.0000
 16.0000	464.0000	  4.2759	 -4.2249	  0.0000
 32.0000	464.0000	  4.2840	 -4.2009	  0.0000
 48.0000	464.0000	  4.3088	 -4.2941	  0.0000
 64.0000	464.0000	  4.3123	 -4.3159	  0.0000
 80.0000	464.0000	  4.1716	 -4.1462	  0.0000
 96.0000	464.0000	  4.1602	 -4.1705	  0.0000
112.0000	464.0000	  3.8587	 -3.8706	  0.0000
128.0000	464.0000	  3.3800	 -3.3838	  0.0000
144.0000	464.0000	  3.0767	 -3.0973	  0.0000
160.0000	464.0000	  2.7878	 -2.8099	  0.0000
176.0000	464.0000	  2.3502	 -2.3424	  0.0000
192.0000	464.0000	  1.9460	 -1.9453	  0.0000
208.0000	464.0000	  1.2923	 -1.2653	  0.0000
224.0000	464.0000	  0.3249	 -0.3762	  0.0000
240.0000	464.0000	  0.1573	 -0.2613	  0.0000
256.0000	464.0000	 -0.0147	  0.0134	  0.0000
272.0000	464.0000	 -0.0506	 -0.0041	  0.0000
288.0000	464.0000	 -0.0571	  0.0733	  0.0000
304.0000	464.0000	  0.1164	 -0.1037	  0.0000
320.0000	464.0000	  0.0736	 -0.1157	  0.0000
336.0000	464.0000	  0.0680	 -0.1018	  0.0000
352.0000	464.0000	  0.0347	 -0.0424	  0.0000
368.0000	464.0000	 -0.0142	  0.0083	  0.0000
384.0000	464.0000	 -0.0145	  0.0084	  0.0000
400.0000	464.0000	 -0.0076	  0.0084	  0.0000
416.0000	464.0000	 -0.0044	  0.0037	  0.0000
432.0000	464.0000	 -0.0348	  0.0336	  0.0000
448.0000	464.0000	  0.0243	 -0.0240	  0.0000
464.0000	464.0000	  0.0369	 -0.0593	  0.0000
480.0000	464.0000	 -0.0004	 -0.0054	  0.0000
496.0000	464.0000	  0.0086	 -0.0083	  0.0000
 16.0000	448.0000	  3.8797	 -3.7740	  0.0000
 32.0000	448.0000	  4.2350	 -4.1946	  0.0000
 48.0000	448.0000	  4.3030	 -4.3129	  0.0000
 64.0000	448.0000	  4.4084	 -4.4061	  0.0000
 80.0000	448.0000	  4.3240	 -4.2967	  0.0000
 96.0000	448.0000	  4.3962	 -3.9060	  0.0000
112.0000	448.0000	  4.1397	 -4.1388	  0.0000
128.0000	448.0000	  3.8214	 -3.8970	  0.0000
144.0000	448.0000	  3.5527	 -3.5662	  0.0000
160.0000	448.0000	  3.2412	 -3.2572	  0.0000
176.0000	448.0000	  2.8161	 -2.8201	  0.0000
192.0000	448.0000	  2.3389	 -2.3506	  0.0000
208.0000	448.0000	  1.6791	 -1.6515	  0.0000
224.0000	448.0000	  1.1328	 -1.1378	  0.0000
240.0000	448.0000	  0.4552	 -0.4209	  0.0000
256.0000	448.0000	  0.2183	 -0.1419	  0.0000
272.0000	448.0000	  0.1081	 -0.1448	  0.0000
288.0000	448.0000	 -0.0362	  0.0355	  0.0000
304.0000	448.0000	  0.0500	 -0.0478	  0.0000
320.0000	448.0000	  0.0352	 -0.0283	  0.0000
336.0000	448.0000	  0.0054	 -0.0071	  0.0000
352.0000	448.0000	  0.0028	 -0.0013	  0.0000
368.0000	448.0000	 -0.0104	  0.0129	  0.0000
384.0000	448.0000	  0.0085	 -0.0040	  0.0000
400.0000	448.0000	  0.0099	 -0.0066	  0.0000
416.0000	448.0000	 -0.0009	  0.0002	  0.0000
432.0000	448.0000	 -0.0271	  0.0275	  0.0000
448.0000	448.0000	 -0.0054	  0.0055	  0.0000
464.0000	448.0000	  0.0172	 -0.0119	  0.0000
480.0000	448.0000	 -0.0009	  0.0015	  0.0000
496.0000	448.0000	  0.0075	 -0.0060	  0.0000
 16.0000	432.0000	  4.0796	 -4.0148	  0.0000
 32.0000	432.0000	  4.1618	 -4.1583	  0.0000
 48.0000	432.0000	  4.3080	 -4.3168	  0.0000
 64.0000	432.0000	  4.3345	 -4.3670	  0.0000
 80.0000	432.0000	  4.3703	 -4.3860	  0.0000
 96.0000	432.0000	  4.2932	 -4.2887	  0.0000
112.0000	432.0000	  4.1236	 -4.1341	  0.0000
128.0000	432.0000	  3.9331	 -3.9601	  0.0000
144.0000	432.0000	  3.8066	 -3.8248	  0.0000
160.0000	432.0000	  3.5816	 -3.5976	  0.0000
176.0000	432.0000	  3.2149	 -3.2513	  0.0000
192.0000	432.0000	  2.8504	 -2.8732	  0.0000
208.0000	432.0000	  2.2791	 -2.2678	  0.0000
224.0000	432.0000	  1.7406	 -1.7527	  0.0000
240.0000	432.0000	  1.0602	 -1.0551	  0.0000
256.0000	432.0000	  0.5028	 -0.4953	  0.0000
272.0000	432.0000	 -0.0261	  0.0392	  0.0000
288.0000	432.0000	  0.0070	 -0.0163	  0.0000
304.0000	432.0000	 -0.0422	  0.0318	  0.0000
320.0000	432.0000	 -0.0986	  0.0829	  0.0000
336.0000	432.0000	 -0.0741	  0.0719	  0.0000
352.0000	432.0000	 -0.0279	  0.0390	  0.0000
368.0000	432.0000	  0.0007	  0.0084	  0.0000
384.0000	432.0000	 -0.0045	  0.0085	  0.0000
400.0000	432.0000	 -0.0331	  0.0363	  0.0000
416.0000	432.0000	 -0.0180	  0.0217	  0.0000
432.0000	432.0000	 -0.0064	  0.0093	  0.0000
448.0000	432.0000	 -0.0024	  0.0038	  0.0000
464.0000	432.0000	 -0.0463	  0.0451	  0.0000
480.0000	432.0000	 -0.0009	 -0.0003	  0.0000
496.0000	432.0000	  0.0006	  0.0017	  0.0000
 16.0000	416.0000	  3.8157	 -3.7539	  0.0000
 32.0000	416.0000	  3.8930	 -3.9389	  0.0000
 48.0000	416.0000	  4.1273	 -4.1429	  0.0000
 64.0000	416.0000	  4.2708	 -4.2675	  0.0000
 80.0000	416.0000	  4.3807	 -4.3941	  0.0000
 96.0000	416.0000	  4.3906	 -4.4132	  0.0000
112.0000	416.0000	  4.3217	 -4.3484	  0.0000
128.0000	416.0000	  4.2030	 -4.2248	  0.0000
144.0000	416.0000	  4.0704	 -4.0736	  0.0000
160.0000	416.0000	  3.8496	 -3.8258	  0.0000
176.0000	416.0000	  3.4998	 -3.4871	  0.0000
192.0000	416.0000	  3.2048	 -3.1941	  0.0000
208.0000	416.0000	  2.8062	 -2.8153	  0.0000
224.0000	416.0000	  2.3335	 -2.3657	  0.0000
240.0000	416.0000	  1.8121	 -1.8233	  0.0000
256.0000	416.0000	  1.2536	 -1.2723	  0.0000
272.0000	416.0000	  0.5394	 -0.7136	  0.0000
288.0000	416.0000	  0.0416	 -0.1251	  0.0000
304.0000	416.0000	 -0.2900	  0.3054	  0.0000
320.0000	416.0000	 -0.0398	  0.0289	  0.0000
336.0000	416.0000	 -0.0149	  0.0149	  0.0000
352.0000	416.0000	  0.0354	 -0.0100	  0.0000
368.0000	416.0000	  0.0222	 -0.0051	  0.0000
384.0000	416.0000	 -0.0243	  0.0130	  0.0000
400.0000	416.0000	  0.0101	 -0.0304	  0.0000
416.0000	416.0000	  0.0365	 -0.0251	  0.0000
432.0000	416.0000	 -0.0107	  0.0156	  0.0000
448.0000	416.0000	 -0.0213	  0.0290	  0.0000
464.0000	416.0000	 -0.0295	  0.0614	  0.0000
480.0000	416.0000	  0.0248	 -0.0190	  0.0000
496.0000	416.0000	 -0.0011	  0.0058	  0.0000
 16.0000	400.0000	  2.9354	 -2.9674	  0.0000
 32.0000	400.0000	  3.7502	 -3.6856	  0.0000
 48.0000	400.0000	  3.9019	 -3.8685	  0.0000
 64.0000	400.0000	  4.0808	 -4.0812	  0.0000
 80.0000	400.0000	  4.2800	 -4.2846	  0.0000
 96.0000	400.0000	  4.3592	 -4.3594	  0.0000
112.0000	400.0000	  4.3760	 -4.3761	  0.0000
128.0000	400.0000	  4.3156	 -4.2965	  0.0000
144.0000	400.0000	  4.0767	 -4.0868	  0.0000
160.0000	400.0000	  4.0181	 -4.0765	  0.0000
176.0000	400.0000	  3.7965	 -3.7921	  0.0000
192.0000	400.0000	  3.5720	 -3.5415	  0.0000
208.0000	400.0000	  3.2122	 -3.2222	  0.0000
224.0000	400.0000	  2.8241	 -2.8467	  0.0000
240.0000	400.0000	  2.3664	 -2.3307	  0.0000
256.0000	400.0000	  1.7349	 -1.7576	  0.0000
272.0000	400.0000	  1.1129	 -1.1315	  0.0000
288.0000	400.0000	  0.4032	 -0.4078	  0.0000
304.0000	400.0000	 -0.0474	 -0.0126	  0.0000
320.0000	400.0000	 -0.1446	  0.1194	  0.0000
336.0000	400.0000	 -0.0202	  0.0233	  0.0000
352.0000	400.0000	  0.0090	  0.0155	  0.0000
368.0000	400.0000	  0.0080	  0.0132	  0.0000
384.0000	400.0000	 -0.0359	  0.0424	  0.0000
400.0000	400.0000	  0.0095	 -0.0188	  0.0000
416.0000	400.0000	  0.0349	 -0.0277	  0.0000
432.0000	400.0000	 -0.0289	  0.0304	  0.0000
448.0000	400.0000	 -0.0192	  0.0069	  0.0000
464.0000	400.0000	 -0.0288	  0.0351	  0.0000
480.0000	400.0000	  0.0526	 -0.0618	  0.0000
496.0000	400.0000	 -0.0045	  0.0123	  0.0000
 16.0000	384.0000	  3.0882	 -3.0603	  0.0000
 32.0000	384.0000	  3.2529	 -3.1514	  0.0000
 48.0000	384.0000	  3.5292	 -3.5436	  0.0000
 64.0000	384.0000	  3.8448	 -3.8634	  0.0000
 80.0000	384.0000	  4.1301	 -4.1625	  0.0000
 96.0000	384.0000	  4.2223	 -4.2170	  0.0000
112.0000	384.0000	  4.3540	 -4.3784	  0.0000
128.0000	384.0000	  4.3438	 -4.3630	  0.0000
144.0000	384.0000	  4.4097	 -4.4103	  0.0000
160.0000	384.0000	  4.1387	 -4.1989	  0.0000
176.0000	384.0000	  4.0164	 -4.0635	  0.0000
192.0000	384.0000	  3.8620	 -3.8774	  0.0000
208.0000	384.0000	  3.5540	 -3.5630	  0.0000
224.0000	384.0000	  3.1851	 -3.1966	  0.0000
240.0000	384.0000	  2.8072	 -2.8034	  0.0000
256.0000	384.0000	  2.3157	 -2.2758	  0.0000
272.0000	384.0000	  1.6947	 -1.7352	  0.0000
288.0000	384.0000	  1.1028	 -1.1295	  0.0000
304.0000	384.0000	  0.4728	 -0.4688	  0.0000
320.0000	384.0000	  0.0179	 -0.0108	  0.0000
336.0000	384.0000	 -0.0150	  0.0175	  0.0000
352.0000	384.0000	 -0.0011	 -0.0022	  0.0000
368.0000	384.0000	 -0.0010	  0.0068	  0.0000
384.0000	384.0000	 -0.0142	  0.0209	  0.0000
400.0000	384.0000	 -0.0284	  0.0238	  0.0000
416.0000	384.0000	  0.0025	 -0.0110	  0.0000
432.0000	384.0000	 -0.0223	  0.0177	  0.0000
448.0000	384.0000	 -0.0211	  0.0202	  0.0000
464.0000	384.0000	 -0.0255	  0.0436	  0.0000
480.0000	384.0000	  0.0449	 -0.0453	  0.0000
496.0000	384.0000	  0.0149	 -0.0071	  0.0000
 16.0000	368.0000	  2.2744	 -2.2346	  0.0000
 32.0000	368.0000	  2.7497	 -2.6707	  0.0000
 48.0000	368.0000	  3.0797	 -3.1187	  0.0000
 64.0000	368.0000	  3.5661	 -3.5608	  0.0000
 80.0000	368.0000	  3.9051	 -3.8980	  0.0000
 96.0000	368.0000	  4.1393	 -4.1684	  0.0000
112.0000	368.0000	  4.2645	 -4.2891	  0.0000
128.0000	368.0000	  4.2949	 -4.3188	  0.0000
144.0000	368.0000	  4.3573	 -4.2613	  0.0000
160.0000	368.0000	  4.2823	 -4.2523	  0.0000
176.0000	368.0000	  4.2685	 -4.2776	  0.0000
192.0000	368.0000	  4.1311	 -4.1544	  0.0000
208.0000	368.0000	  3.8254	 -3.8532	  0.0000
224.0000	368.0000	  3.5293	 -3.5349	  0.0000
240.0000	368.0000	  3.2248	 -3.2094	  0.0000
256.0000	368.0000	  2.8357	 -2.8276	  0.0000
272.0000	368.0000	  2.3512	 -2.3453	  0.0000
288.0000	368.0000	  1.7039	 -1.7030	  0.0000
304.0000	368.0000	  1.0379	 -1.0340	  0.0000
320.0000	368.0000	  0.4863	 -0.4799	  0.0000
336.0000	368.0000	  0.1514	 -0.1620	  0.0000
352.0000	368.0000	  0.0484	 -0.0545	  0.0000
368.0000	368.0000	  0.0119	  0.0045	  0.0000
384.0000	368.0000	  0.0001	  0.0193	  0.0000
400.0000	368.0000	  0.0331	 -0.0239	  0.0000
416.0000	368.0000	  0.0297	 -0.0330	  0.0000
432.0000	368.0000	 -0.0044	  0.0054	  0.0000
448.0000	368.0000	  0.0045	 -0.0059	  0.0000
464.0000	368.0000	 -0.0073	  0.0155	  0.0000
480.0000	368.0000	  0.0268	 -0.0280	  0.0000
496.0000	368.0000	  0.0098	 -0.0047	  0.0000
 16.0000	352.0000	  1.6538	 -1.5757	  0.0000
 32.0000	352.0000	  2.1601	 -2.0844	  0.0000
 48.0000	352.0000	  2.6412	 -2.6101	  0.0000
 64.0000	352.0000	  3.1922	 -3.2075	  0.0000
 80.0000	352.0000	  3.5077	 -3.5109	  0.0000
 96.0000	352.0000	  3.8752	 -3.8928	  0.0000
112.0000	352.0000	  4.1132	 -4.1232	  0.0000
128.0000	352.0000	  4.2205	 -4.2177	  0.0000
144.0000	352.0000	  4.3176	 -4.3351	  0.0000
160.0000	352.0000	  4.3691	 -4.4009	  0.0000
176.0000	352.0000	  4.3696	 -4.3717	  0.0000
192.0000	352.0000	  4.2573	 -4.2119	  0.0000
208.0000	352.0000	  4.0605	 -4.0707	  0.0000
224.0000	352.0000	  3.8613	 -3.8582	  0.0000
240.0000	352.0000	  3.5835	 -3.5728	  0.0000
256.0000	352.0000	  3.2568	 -3.2543	  0.0000
272.0000	352.0000	  2.9544	 -2.9002	  0.0000
288.0000	352.0000	  2.4181	 -2.4108	  0.0000
304.0000	352.0000	  1.6733	 -1.6851	  0.0000
320.0000	352.0000	  1.1143	 -1.0859	  0.0000
336.0000	352.0000	  0.5944	 -0.5961	  0.0000
352.0000	352.0000	  0.0042	  0.0123	  0.0000
368.0000	352.0000	  0.0111	 -0.0083	  0.0000
384.0000	352.0000	 -0.0294	  0.0345	  0.0000
400.0000	352.0000	  0.0066	 -0.0074	  0.0000
416.0000	352.0000	  0.0397	 -0.0422	  0.0000
432.0000	352.0000	  0.0448	 -0.0469	  0.0000
448.0000	352.0000	  0.0056	 -0.0009	  0.0000
464.0000	352.0000	 -0.0030	  0.0034	  0.0000
480.0000	352.0000	  0.0168	 -0.0191	  0.0000
496.0000	352.0000	  0.0115	 -0.0182	  0.0000
 16.0000	336.0000	  1.4702	 -1.3035	  0.0000
 32.0000	336.0000	  1.6771	 -1.6684	  0.0000
 48.0000	336.0000	  2.2450	 -2.3034	  0.0000
 64.0000	336.0000	  2.7364	 -2.6971	  0.0000
 80.0000	336.0000	  3.1298	 -3.1379	  0.0000
 96.0000	336.0000	  3.5746	 -3.5778	  0.0000
112.0000	336.0000	  3.8960	 -3.8902	  0.0000
128.0000	336.0000	  4.0957	 -4.0877	  0.0000
144.0000	336.0000	  4.2527	 -4.2451	  0.0000
160.0000	336.0000	  4.3516	 -4.3450	  0.0000
176.0000	336.0000	  4.4010	 -4.3781	  0.0000
192.0000	336.0000	  4.3714	 -4.3572	  0.0000
208.0000	336.0000	  4.2252	 -4.2319	  0.0000
224.0000	336.0000	  4.0879	 -4.0807	  0.0000
240.0000	336.0000	  3.8694	 -3.8579	  0.0000
256.0000	336.0000	  3.6206	 -3.6079	  0.0000
272.0000	336.0000	  3.2128	 -3.2197	  0.0000
288.0000	336.0000	  2.9069	 -2.9103	  0.0000
304.0000	336.0000	  2.2400	 -2.3185	  0.0000
320.0000	336.0000	  1.6928	 -1.6907	  0.0000
336.0000	336.0000	  1.0927	 -1.1103	  0.0000
352.0000	336.0000	  0.3455	 -0.3987	  0.0000
368.0000	336.0000	  0.1629	 -0.1578	  0.0000
384.0000	336.0000	 -0.0201	  0.0162	  0.0000
400.0000	336.0000	 -0.0127	  0.0312	  0.0000
416.0000	336.0000	 -0.0214	  0.0382	  0.0000
432.0000	336.0000	 -0.0114	  0.0123	  0.0000
448.0000	336.0000	  0.0134	 -0.0053	  0.0000
464.0000	336.0000	  0.0213	 -0.0199	  0.0000
480.0000	336.0000	  0.0005	  0.0069	  0.0000
496.0000	336.0000	  0.0015	  0.0019	  0.0000
 16.0000	320.0000	  1.1176	 -1.0548	  0.0000
 32.0000	320.0000	  1.3611	 -1.2704	  0.0000
 48.0000	320.0000	  1.6129	 -1.6365	  0.0000
 64.0000	320.0000	  2.2065	 -2.2794	  0.0000
 80.0000	320.0000	  2.6968	 -2.6913	  0.0000
 96.0000	320.0000	  3.2513	 -3.2295	  0.0000
112.0000	320.0000	  3.6121	 -3.5807	  0.0000
128.0000	320.0000	  3.8698	 -3.8446	  0.0000
144.0000	320.0000	  4.1027	 -4.0791	  0.0000
160.0000	320.0000	  4.2549	 -4.2443	  0.0000
176.0000	320.0000	  4.3463	 -4.3179	  0.0000
192.0000	320.0000	  4.3783	 -4.3492	  0.0000
208.0000	320.0000	  4.3202	 -4.3133	  0.0000
224.0000	320.0000	  4.2773	 -4.2648	  0.0000
240.0000	320.0000	  4.0952	 -4.0925	  0.0000
256.0000	320.0000	  3.9072	 -3.9036	  0.0000
272.0000	320.0000	  3.5526	 -3.5680	  0.0000
288.0000	320.0000	  3.2056	 -3.1956	  0.0000
304.0000	320.0000	  2.8135	 -2.8546	  0.0000
320.0000	320.0000	  2.2913	 -2.3021	  0.0000
336.0000	320.0000	  1.7344	 -1.7344	  0.0000
352.0000	320.0000	  1.0124	 -0.9981	  0.0000
368.0000	320.0000	  0.4354	 -0.4425	  0.0000
384.0000	320.0000	  0.0368	 -0.0452	  0.0000
400.0000	320.0000	 -0.1159	  0.1296	  0.0000
416.0000	320.0000	 -0.0663	  0.0527	  0.0000
432.0000	320.0000	 -0.0525	  0.0461	  0.0000
448.0000	320.0000	  0.0291	 -0.0322	  0.0000
464.0000	320.0000	  0.0428	 -0.0521	  0.0000
480.0000	320.0000	 -0.0114	  0.0068	  0.0000
496.0000	320.0000	  0.0074	 -0.0089	  0.0000
 16.0000	304.0000	  0.1927	 -0.3376	  0.0000
 32.0000	304.0000	  0.9778	 -0.9117	  0.0000
 48.0000	304.0000	  1.1716	 -1.1700	  0.0000
 64.0000	304.0000	  1.7157	 -1.7499	  0.0000
 80.0000	304.0000	  2.2913	 -2.3103	  0.0000
 96.0000	304.0000	  2.8677	 -2.8933	  0.0000
112.0000	304.0000	  3.2847	 -3.2567	  0.0000
128.0000	304.0000	  3.5766	 -3.5399	  0.0000
144.0000	304.0000	  3.8369	 -3.8322	  0.0000
160.0000	304.0000	  4.0950	 -4.0949	  0.0000
176.0000	304.0000	  4.2334	 -4.2373	  0.0000
192.0000	304.0000	  4.3609	 -4.3536	  0.0000
208.0000	304.0000	  4.3676	 -4.3682	  0.0000
224.0000	304.0000	  4.3681	 -4.3781	  0.0000
240.0000	304.0000	  4.2685	 -4.2799	  0.0000
256.0000	304.0000	  4.1168	 -4.1206	  0.0000
272.0000	304.0000	  3.8915	 -3.8883	  0.0000
288.0000	304.0000	  3.5303	 -3.5285	  0.0000
304.0000	304.0000	  3.1186	 -3.1573	  0.0000
320.0000	304.0000	  2.8383	 -2.8080	  0.0000
336.0000	304.0000	  2.3347	 -2.3274	  0.0000
352.0000	304.0000	  1.7499	 -1.7578	  0.0000
368.0000	304.0000	  1.0611	 -1.0699	  0.0000
384.0000	304.0000	  0.3793	 -0.3644	  0.0000
400.0000	304.0000	  0.0718	 -0.0402	  0.0000
416.0000	304.0000	  0.0099	  0.0045	  0.0000
432.0000	304.0000	 -0.0418	  0.0465	  0.0000
448.0000	304.0000	 -0.0084	  0.0039	  0.0000
464.0000	304.0000	  0.0001	 -0.0018	  0.0000
480.0000	304.0000	 -0.0136	  0.0115	  0.0000
496.0000	304.0000	  0.0014	 -0.0064	  0.0000
 16.0000	288.0000	  0.2454	 -0.2463	  0.0000
 32.0000	288.0000	 -0.0052	  0.0512	  0.0000
 48.0000	288.0000	  0.7784	 -0.7504	  0.0000
 64.0000	288.0000	  1.1953	 -1.1990	  0.0000
 80.0000	288.0000	  1.8419	 -1.8532	  0.0000
 96.0000	288.0000	  2.3195	 -2.3189	  0.0000
112.0000	288.0000	  2.8258	 -2.8237	  0.0000
128.0000	288.0000	  3.2166	 -3.2248	  0.0000
144.0000	288.0000	  3.5526	 -3.5538	  0.0000
160.0000	288.0000	  3.8667	 -3.8756	  0.0000
176.0000	288.0000	  4.1016	 -4.0919	  0.0000
192.0000	288.0000	  4.2347	 -4.2069	  0.0000
208.0000	288.0000	  4.3333	 -4.3453	  0.0000
224.0000	288.0000	  4.3797	 -4.3907	  0.0000
240.0000	288.0000	  4.3732	 -4.3825	  0.0000
256.0000	288.0000	  4.2758	 -4.2868	  0.0000
272.0000	288.0000	  4.0971	 -4.0888	  0.0000
288.0000	288.0000	  3.8482	 -3.8343	  0.0000
304.0000	288.0000	  3.5456	 -3.5322	  0.0000
320.0000	288.0000	  3.3394	 -3.2404	  0.0000
336.0000	288.0000	  2.8901	 -2.8338	  0.0000
352.0000	288.0000	  2.3559	 -2.3306	  0.0000
368.0000	288.0000	  1.7327	 -1.7266	  0.0000
384.0000	288.0000	  1.0590	 -1.0597	  0.0000
400.0000	288.0000	  0.4927	 -0.5006	  0.0000
416.0000	288.0000	  0.0055	  0.0036	  0.0000
432.0000	288.0000	 -0.0520	  0.0814	  0.0000
448.0000	288.0000	 -0.0130	  0.0324	  0.0000
464.0000	288.0000	 -0.0551	  0.0402	  0.0000
480.0000	288.0000	 -0.0344	  0.0366	  0.0000
496.0000	288.0000	 -0.0061	  0.0147	  0.0000
 16.0000	272.0000	 -0.0032	 -0.0214	  0.0000
 32.0000	272.0000	  0.0849	 -0.1309	  0.0000
 48.0000	272.0000	  0.0673	 -0.0612	  0.0000
 64.0000	272.0000	  0.4568	 -0.4538	  0.0000
 80.0000	272.0000	  1.1494	 -1.1535	  0.0000
 96.0000	272.0000	  1.7687	 -1.7683	  0.0000
112.0000	272.0000	  2.3139	 -2.3061	  0.0000
128.0000	272.0000	  2.7844	 -2.7901	  0.0000
144.0000	272.0000	  3.2342	 -3.2302	  0.0000
160.0000	272.0000	  3.5813	 -3.5824	  0.0000
176.0000	272.0000	  3.9064	 -3.9030	  0.0000
192.0000	272.0000	  4.0448	 -4.0457	  0.0000
208.0000	272.0000	  4.2556	 -4.2289	  0.0000
224.0000	272.0000	  4.3538	 -4.3423	  0.0000
240.0000	272.0000	  4.3757	 -4.3743	  0.0000
256.0000	272.0000	  4.3546	 -4.3490	  0.0000
272.0000	272.0000	  4.2836	 -4.2823	  0.0000
288.0000	272.0000	  4.1101	 -4.0956	  0.0000
304.0000	272.0000	  3.8968	 -3.8854	  0.0000
320.0000	272.0000	  3.5412	 -3.5348	  0.0000
336.0000	272.0000	  3.1989	 -3.2012	  0.0000
352.0000	272.0000	  2.7467	 -2.7445	  0.0000
368.0000	272.0000	  2.3089	 -2.3121	  0.0000
384.0000	272.0000	  1.6751	 -1.7194	  0.0000
400.0000	272.0000	  1.0787	 -1.0815	  0.0000
416.0000	272.0000	  0.4214	 -0.3970	  0.0000
432.0000	272.0000	  0.1247	 -0.0983	  0.0000
448.0000	272.0000	 -0.0001	 -0.0048	  0.0000
464.0000	272.0000	 -0.1140	  0.0730	  0.0000
480.0000	272.0000	 -0.0193	  0.0175	  0.0000
496.0000	272.0000	 -0.0265	  0.0259	  0.0000
 16.0000	256.0000	 -0.1492	  0.1367	  0.0000
 32.0000	256.0000	 -0.0913	  0.0879	  0.0000
 48.0000	256.0000	 -0.1062	  0.0932	  0.0000
 64.0000	256.0000	  0.0071	 -0.0244	  0.0000
 80.0000	256.0000	  0.6034	 -0.5947	  0.0000
 96.0000	256.0000	  1.2011	 -1.1873	  0.0000
112.0000	256.0000	  1.7682	 -1.7618	  0.0000
128.0000	256.0000	  2.2995	 -2.3454	  0.0000
144.0000	256.0000	  2.8124	 -2.8378	  0.0000
160.0000	256.0000	  3.2331	 -3.2291	  0.0000
176.0000	256.0000	  3.5835	 -3.5796	  0.0000
192.0000	256.0000	  3.8304	 -3.8106	  0.0000
208.0000	256.0000	  4.0944	 -4.0758	  0.0000
224.0000	256.0000	  4.2618	 -4.2466	  0.0000
240.0000	256.0000	  4.2917	 -4.3197	  0.0000
256.0000	256.0000	  4.3686	 -4.3662	  0.0000
272.0000	256.0000	  4.3532	 -4.3445	  0.0000
288.0000	256.0000	  4.2677	 -4.2642	  0.0000
304.0000	256.0000	  4.1223	 -4.1286	  0.0000
320.0000	256.0000	  3.8814	 -3.8727	  0.0000
336.0000	256.0000	  3.6090	 -3.6055	  0.0000
352.0000	256.0000	  3.2207	 -3.2146	  0.0000
368.0000	256.0000	  2.8229	 -2.8209	  0.0000
384.0000	256.0000	  2.2808	 -2.2880	  0.0000
400.0000	256.0000	  1.7414	 -1.7107	  0.0000
416.0000	256.0000	  1.1145	 -1.1384	  0.0000
432.0000	256.0000	  0.5343	 -0.5318	  0.0000
448.0000	256.0000	  0.1017	 -0.0982	  0.0000
464.0000	256.0000	 -0.1157	  0.1173	  0.0000
480.0000	256.0000	 -0.0549	  0.0690	  0.0000
496.0000	256.0000	 -0.0548	  0.0615	  0.0000
 16.0000	240.0000	 -0.0178	  0.0140	  0.0000
 32.0000	240.0000	  0.0764	 -0.0664	  0.0000
 48.0000	240.0000	 -0.0846	  0.0705	  0.0000
 64.0000	240.0000	 -0.0799	  0.0611	  0.0000
 80.0000	240.0000	  0.0422	 -0.0432	  0.0000
 96.0000	240.0000	  0.5013	 -0.4793	  0.0000
112.0000	240.0000	  1.0910	 -1.0833	  0.0000
128.0000	240.0000	  1.6504	 -1.6987	  0.0000
144.0000	240.0000	  2.2708	 -2.3119	  0.0000
160.0000	240.0000	  2.8018	 -2.8239	  0.0000
176.0000	240.0000	  3.1875	 -3.2051	  0.0000
192.0000	240.0000	  3.5073	 -3.5109	  0.0000
208.0000	240.0000	  3.8697	 -3.8694	  0.0000
224.0000	240.0000	  4.0851	 -4.0867	  0.0000
240.0000	240.0000	  4.2353	 -4.2454	  0.0000
256.0000	240.0000	  4.3610	 -4.3470	  0.0000
272.0000	240.0000	  4.3736	 -4.3652	  0.0000
288.0000	240.0000	  4.3220	 -4.3236	  0.0000
304.0000	240.0000	  4.2578	 -4.2613	  0.0000
320.0000	240.0000	  4.1389	 -4.1320	  0.0000
336.0000	240.0000	  3.9024	 -3.9126	  0.0000
352.0000	240.0000	  3.6196	 -3.6004	  0.0000
368.0000	240.0000	  3.2344	 -3.2559	  0.0000
384.0000	240.0000	  2.7761	 -2.7833	  0.0000
400.0000	240.0000	  2.2875	 -2.3101	  0.0000
416.0000	240.0000	  1.7141	 -1.7158	  0.0000
432.0000	240.0000	  1.0434	 -1.0352	  0.0000
448.0000	240.0000	  0.4068	 -0.3879	  0.0000
464.0000	240.0000	  0.0371	 -0.0361	  0.0000
480.0000	240.0000	  0.1864	 -0.1838	  0.0000
496.0000	240.0000	  0.1341	 -0.0917	  0.0000
 16.0000	224.0000	  0.0246	 -0.0223	  0.0000
 32.0000	224.0000	  0.0532	 -0.0425	  0.0000
 48.0000	224.0000	  0.0590	 -0.0584	  0.0000
 64.0000	224.0000	 -0.0490	  0.0487	  0.0000
 80.0000	224.0000	 -0.2395	  0.2424	  0.0000
 96.0000	224.0000	  0.0492	 -0.0452	  0.0000
112.0000	224.0000	  0.5949	 -0.5958	  0.0000
128.0000	224.0000	  1.1283	 -1.1436	  0.0000
144.0000	224.0000	  1.7538	 -1.7684	  0.0000
160.0000	224.0000	  2.3049	 -2.3201	  0.0000
176.0000	224.0000	  2.7729	 -2.8012	  0.0000
192.0000	224.0000	  3.2128	 -3.2223	  0.0000
208.0000	224.0000	  3.5730	 -3.5879	  0.0000
224.0000	224.0000	  3.8578	 -3.8808	  0.0000
240.0000	224.0000	  4.0905	 -4.1015	  0.0000
256.0000	224.0000	  4.2443	 -4.2460	  0.0000
272.0000	224.0000	  4.2943	 -4.3090	  0.0000
288.0000	224.0000	  4.2917	 -4.3080	  0.0000
304.0000	224.0000	  4.2910	 -4.3032	  0.0000
320.0000	224.0000	  4.2276	 -4.2303	  0.0000
336.0000	224.0000	  4.0832	 -4.0954	  0.0000
352.0000	224.0000	  3.9039	 -3.8971	  0.0000
368.0000	224.0000	  3.5682	 -3.5981	  0.0000
384.0000	224.0000	  3.1858	 -3.1964	  0.0000
400.0000	224.0000	  2.7867	 -2.7821	  0.0000
416.0000	224.0000	  2.2900	 -2.2603	  0.0000
432.0000	224.0000	  1.7379	 -1.6989	  0.0000
448.0000	224.0000	  1.0303	 -1.0648	  0.0000
464.0000	224.0000	  0.5633	 -0.5900	  0.0000
480.0000	224.0000	  0.3719	 -0.3735	  0.0000
496.0000	224.0000	  0.5562	 -0.6095	  0.0000
 16.0000	208.0000	  0.0032	 -0.0063	  0.0000
 32.0000	208.0000	  0.0018	 -0.0110	  0.0000
 48.0000	208.0000	  0.0504	 -0.0733	  0.0000
 64.0000	208.0000	 -0.0749	  0.0639	  0.0000
 80.0000	208.0000	 -0.1062	  0.1149	  0.0000
 96.0000	208.0000	 -0.0580	  0.0550	  0.0000
112.0000	208.0000	  0.1291	 -0.1208	  0.0000
128.0000	208.0000	  0.5333	 -0.5184	  0.0000
144.0000	208.0000	  1.1235	 -1.1364	  0.0000
160.0000	208.0000	  1.7397	 -1.7621	  0.0000
176.0000	208.0000	  2.3202	 -2.3262	  0.0000
192.0000	208.0000	  2.8117	 -2.8060	  0.0000
208.0000	208.0000	  3.2379	 -3.2653	  0.0000
224.0000	208.0000	  3.5237	 -3.6500	  0.0000
240.0000	208.0000	  3.9257	 -3.8654	  0.0000
256.0000	208.0000	  4.0571	 -3.9710	  0.0000
272.0000	208.0000	  4.1836	 -4.1500	  0.0000
288.0000	208.0000	  4.3410	 -4.3998	  0.0000
304.0000	208.0000	  4.3440	 -4.3076	  0.0000
320.0000	208.0000	  4.3353	 -4.3066	  0.0000
336.0000	208.0000	  4.2372	 -4.2588	  0.0000
352.0000	208.0000	  4.0868	 -4.0996	  0.0000
368.0000	208.0000	  3.8226	 -3.8474	  0.0000
384.0000	208.0000	  3.5462	 -3.5496	  0.0000
400.0000	208.0000	  3.2308	 -3.2250	  0.0000
416.0000	208.0000	  2.8067	 -2.7958	  0.0000
432.0000	208.0000	  2.2922	 -2.2940	  0.0000
448.0000	208.0000	  1.7215	 -1.7155	  0.0000
464.0000	208.0000	  1.2979	 -1.3011	  0.0000
480.0000	208.0000	  0.0780	  0.0518	  0.0000
496.0000	208.0000	 -0.2028	  0.0314	  0.0000
 16.0000	192.0000	  0.0168	 -0.0200	  0.0000
 32.0000	192.0000	  0.0157	 -0.0193	  0.0000
 48.0000	192.0000	  0.0254	 -0.0319	  0.0000
 64.0000	192.0000	 -0.0618	  0.0539	  0.0000
 80.0000	192.0000	 -0.0282	  0.0077	  0.0000
 96.0000	192.0000	 -0.0996	  0.1128	  0.0000
112.0000	192.0000	 -0.0160	  0.0427	  0.0000
128.0000	192.0000	  0.0450	  0.1342	  0.0000
144.0000	192.0000	  0.4302	 -0.4195	  0.0000
160.0000	192.0000	  1.1121	 -1.0728	  0.0000
176.0000	192.0000	  1.7431	 -1.7282	  0.0000
192.0000	192.0000	  2.2858	 -2.2846	  0.0000
208.0000	192.0000	  2.7839	 -2.7879	  0.0000
224.0000	192.0000	  3.0778	 -3.0882	  0.0000
240.0000	192.0000	  3.6439	 -3.6483	  0.0000
256.0000	192.0000	  3.8111	 -3.7963	  0.0000
272.0000	192.0000	  4.0435	 -4.0153	  0.0000
288.0000	192.0000	  4.2385	 -4.2849	  0.0000
304.0000	192.0000	  4.3451	 -4.3641	  0.0000
320.0000	192.0000	  4.3758	 -4.3955	  0.0000
336.0000	192.0000	  4.3425	 -4.3778	  0.0000
352.0000	192.0000	  4.2532	 -4.2857	  0.0000
368.0000	192.0000	  4.0017	 -4.0422	  0.0000
384.0000	192.0000	  3.8254	 -3.8301	  0.0000
400.0000	192.0000	  3.6103	 -3.6269	  0.0000
416.0000	192.0000	  3.2656	 -3.3000	  0.0000
432.0000	192.0000	  2.8018	 -2.7927	  0.0000
448.0000	192.0000	  2.2614	 -2.2294	  0.0000
464.0000	192.0000	  1.7735	 -1.7495	  0.0000
480.0000	192.0000	  1.2126	 -1.0583	  0.0000
496.0000	192.0000	  0.2729	 -0.4775	  0.0000
 16.0000	176.0000	  0.0027	 -0.0020	  0.0000
 32.0000	176.0000	 -0.0013	  0.0047	  0.0000
 48.0000	176.0000	  0.0077	 -0.0139	  0.0000
 64.0000	176.0000	 -0.0223	  0.0132	  0.0000
 80.0000	176.0000	  0.0320	 -0.0436	  0.0000
 96.0000	176.0000	 -0.0460	  0.0567	  0.0000
112.0000	176.0000	 -0.0419	  0.0223	  0.0000
128.0000	176.0000	 -0.1390	  0.1620	  0.0000
144.0000	176.0000	  0.0503	 -0.0025	  0.0000
160.0000	176.0000	  0.5154	 -0.3819	  0.0000
176.0000	176.0000	  1.1309	 -1.0953	  0.0000
192.0000	176.0000	  1.6858	 -1.6925	  0.0000
208.0000	176.0000	  2.3632	 -2.5153	  0.0000
224.0000	176.0000	  2.7495	 -2.7770	  0.0000
240.0000	176.0000	  3.2434	 -3.2548	  0.0000
256.0000	176.0000	  3.5552	 -3.5462	  0.0000
272.0000	176.0000	  3.8328	 -3.8124	  0.0000
288.0000	176.0000	  4.0556	 -4.0631	  0.0000
304.0000	176.0000	  4.2223	 -4.2203	  0.0000
320.0000	176.0000	  4.3586	 -4.3422	  0.0000
336.0000	176.0000	  4.3434	 -4.3931	  0.0000
352.0000	176.0000	  4.3097	 -4.3235	  0.0000
368.0000	176.0000	  4.1435	 -4.2088	  0.0000
384.0000	176.0000	  4.0485	 -4.0371	  0.0000
400.0000	176.0000	  3.8845	 -3.8688	  0.0000
416.0000	176.0000	  3.6238	 -3.6197	  0.0000
432.0000	176.0000	  3.2438	 -3.2548	  0.0000
448.0000	176.0000	  2.7223	 -2.6870	  0.0000
464.0000	176.0000	  2.1563	 -2.0902	  0.0000
480.0000	176.0000	  1.8867	 -1.9865	  0.0000
496.0000	176.0000	  1.9100	 -2.0195	  0.0000
 16.0000	160.0000	  0.0045	  0.0022	  0.0000
 32.0000	160.0000	 -0.0086	  0.0121	  0.0000
 48.0000	160.0000	 -0.0235	  0.0245	  0.0000
 64.0000	160.0000	  0.0130	 -0.0035	  0.0000
 80.0000	160.0000	  0.0695	 -0.0659	  0.0000
 96.0000	160.0000	  0.0405	  0.0004	  0.0000
112.0000	160.0000	  0.0091	  0.0186	  0.0000
128.0000	160.0000	 -0.1100	  0.0958	  0.0000
144.0000	160.0000	 -0.0249	  0.0244	  0.0000
160.0000	160.0000	  0.0333	 -0.0085	  0.0000
176.0000	160.0000	  0.4612	 -0.4305	  0.0000
192.0000	160.0000	  1.0530	 -1.0284	  0.0000
208.0000	160.0000	  1.7449	 -1.7980	  0.0000
224.0000	160.0000	  2.2902	 -2.2812	  0.0000
240.0000	160.0000	  2.8564	 -2.8520	  0.0000
256.0000	160.0000	  3.2669	 -3.2584	  0.0000
272.0000	160.0000	  3.5635	 -3.5706	  0.0000
288.0000	160.0000	  3.8407	 -3.8341	  0.0000
304.0000	160.0000	  4.0389	 -4.0720	  0.0000
320.0000	160.0000	  4.2527	 -4.2513	  0.0000
336.0000	160.0000	  4.3002	 -4.3754	  0.0000
352.0000	160.0000	  4.3310	 -4.3001	  0.0000
368.0000	160.0000	  4.2756	 -4.2579	  0.0000
384.0000	160.0000	  4.1958	 -4.1968	  0.0000
400.0000	160.0000	  4.0826	 -4.0685	  0.0000
416.0000	160.0000	  3.8955	 -3.8925	  0.0000
432.0000	160.0000	  3.5659	 -3.5598	  0.0000
448.0000	160.0000	  3.4251	 -3.0782	  0.0000
464.0000	160.0000	  2.6061	 -2.4671	  0.0000
480.0000	160.0000	  2.2502	 -2.2696	  0.0000
496.0000	160.0000	  2.2915	 -2.2504	  0.0000
 16.0000	144.0000	 -0.0125	  0.0104	  0.0000
 32.0000	144.0000	 -0.0067	 -0.0202	  0.0000
 48.0000	144.0000	 -0.0409	  0.0402	  0.0000
 64.0000	144.0000	  0.0083	  0.0023	  0.0000
 80.0000	144.0000	  0.0422	 -0.0426	  0.0000
 96.0000	144.0000	  0.0070	 -0.0068	  0.0000
112.0000	144.0000	  0.0025	 -0.0248	  0.0000
128.0000	144.0000	 -0.0490	  0.0559	  0.0000
144.0000	144.0000	 -0.1716	  0.0912	  0.0000
160.0000	144.0000	 -0.2267	  0.1944	  0.0000
176.0000	144.0000	 -0.0120	 -0.0361	  0.0000
192.0000	144.0000	  0.4447	 -0.4765	  0.0000
208.0000	144.0000	  1.0838	 -1.0970	  0.0000
224.0000	144.0000	  1.6911	 -1.6996	  0.0000
240.0000	144.0000	  2.3185	 -2.3097	  0.0000
256.0000	144.0000	  2.8358	 -2.7991	  0.0000
272.0000	144.0000	  3.2627	 -3.2621	  0.0000
288.0000	144.0000	  3.5911	 -3.5900	  0.0000
304.0000	144.0000	  3.7332	 -3.7242	  0.0000
320.0000	144.0000	  4.0770	 -3.9742	  0.0000
336.0000	144.0000	  4.2109	 -4.2419	  0.0000
352.0000	144.0000	  4.3369	 -4.3277	  0.0000
368.0000	144.0000	  4.3467	 -4.3427	  0.0000
384.0000	144.0000	  4.3019	 -4.2922	  0.0000
400.0000	144.0000	  4.2143	 -4.2144	  0.0000
416.0000	144.0000	  4.0995	 -4.0990	  0.0000
432.0000	144.0000	  3.8659	 -3.8587	  0.0000
448.0000	144.0000	  3.5399	 -3.5247	  0.0000
464.0000	144.0000	  3.1044	 -3.0690	  0.0000
480.0000	144.0000	  2.7554	 -2.7482	  0.0000
496.0000	144.0000	  2.6875	 -2.5993	  0.0000
 16.0000	128.0000	 -0.0303	  0.0399	  0.0000
 32.0000	128.0000	 -0.0086	  0.0104	  0.0000
 48.0000	128.0000	 -0.0537	  0.0737	  0.0000
 64.0000	128.0000	 -0.1087	  0.1067	  0.0000
 80.0000	128.0000	 -0.0329	  0.0412	  0.0000
 96.0000	128.0000	  0.0224	 -0.0286	  0.0000
112.0000	128.0000	 -0.0575	  0.0492	  0.0000
128.0000	128.0000	  0.0064	 -0.0208	  0.0000
144.0000	128.0000	 -0.1950	  0.0626	  0.0000
160.0000	128.0000	 -0.1462	  0.1065	  0.0000
176.0000	128.0000	 -0.1778	  0.1063	  0.0000
192.0000	128.0000	  0.0286	 -0.0450	  0.0000
208.0000	128.0000	  0.5185	 -0.4843	  0.0000
224.0000	128.0000	  1.0490	 -1.0249	  0.0000
240.0000	128.0000	  1.7705	 -1.7566	  0.0000
256.0000	128.0000	  2.3401	 -2.3228	  0.0000
272.0000	128.0000	  2.8206	 -2.7924	  0.0000
288.0000	128.0000	  3.3285	 -3.3242	  0.0000
304.0000	128.0000	  3.4999	 -3.5027	  0.0000
320.0000	128.0000	  3.8061	 -3.8284	  0.0000
336.0000	128.0000	  3.9958	 -4.0189	  0.0000
352.0000	128.0000	  4.2674	 -4.2455	  0.0000
368.0000	128.0000	  4.3443	 -4.3375	  0.0000
384.0000	128.0000	  4.3638	 -4.3839	  0.0000
400.0000	128.0000	  4.3413	 -4.3795	  0.0000
416.0000	128.0000	  4.2449	 -4.2408	  0.0000
432.0000	128.0000	  4.1014	 -4.0940	  0.0000
448.0000	128.0000	  3.8733	 -3.8816	  0.0000
464.0000	128.0000	  3.5486	 -3.5522	  0.0000
480.0000	128.0000	  3.2373	 -3.1801	  0.0000
496.0000	128.0000	  3.1925	 -2.9316	  0.0000
 16.0000	112.0000	 -0.0194	  0.0190	  0.0000
 32.0000	112.0000	 -0.0072	  0.0161	  0.0000
 48.0000	112.0000	 -0.0870	  0.0875	  0.0000
 64.0000	112.0000	 -0.1210	  0.1469	  0.0000
 80.0000	112.0000	  0.0308	 -0.0351	  0.0000
 96.0000	112.0000	  0.1663	 -0.1138	  0.0000
112.0000	112.0000	  0.0168	 -0.0191	  0.0000
128.0000	112.0000	 -0.1154	  0.1348	  0.0000
144.0000	112.0000	 -0.0722	  0.0510	  0.0000
160.0000	112.0000	  0.0870	 -0.0866	  0.0000
176.0000	112.0000	 -0.1805	  0.0669	  0.0000
192.0000	112.0000	 -0.1742	  0.1360	  0.0000
208.0000	112.0000	  0.0374	 -0.0171	  0.0000
224.0000	112.0000	  0.5058	 -0.4877	  0.0000
240.0000	112.0000	  1.2466	 -1.2456	  0.0000
256.0000	112.0000	  1.8613	 -1.8461	  0.0000
272.0000	112.0000	  2.3568	 -2.3784	  0.0000
288.0000	112.0000	  3.0075	 -2.9740	  0.0000
304.0000	112.0000	  3.3727	 -3.3317	  0.0000
320.0000	112.0000	  3.5522	 -3.4536	  0.0000
336.0000	112.0000	  3.6776	 -3.7105	  0.0000
352.0000	112.0000	  4.0082	 -3.9919	  0.0000
368.0000	112.0000	  4.1918	 -4.1861	  0.0000
384.0000	112.0000	  4.3349	 -4.3199	  0.0000
400.0000	112.0000	  4.3872	 -4.3700	  0.0000
416.0000	112.0000	  4.3646	 -4.3560	  0.0000
432.0000	112.0000	  4.2770	 -4.2930	  0.0000
448.0000	112.0000	  4.1064	 -4.1140	  0.0000
464.0000	112.0000	  3.8894	 -3.8737	  0.0000
480.0000	112.0000	  3.5061	 -3.5048	  0.0000
496.0000	112.0000	  3.5893	 -3.2708	  0.0000
 16.0000	 96.0000	 -0.0110	  0.0094	  0.0000
 32.0000	 96.0000	 -0.0073	  0.0223	  0.0000
 48.0000	 96.0000	 -0.0857	  0.1585	  0.0000
 64.0000	 96.0000	 -0.1424	  0.1526	  0.0000
 80.0000	 96.0000	  0.0709	 -0.0761	  0.0000
 96.0000	 96.0000	  0.2343	 -0.1579	  0.0000
112.0000	 96.0000	  0.0770	 -0.0837	  0.0000
128.0000	 96.0000	 -0.0903	  0.1074	  0.0000
144.0000	 96.0000	 -0.0363	  0.0404	  0.0000
160.0000	 96.0000	  0.0121	 -0.0084	  0.0000
176.0000	 96.0000	  0.0520	 -0.0392	  0.0000
192.0000	 96.0000	  0.0792	 -0.0526	  0.0000
208.0000	 96.0000	 -0.2586	  0.2384	  0.0000
224.0000	 96.0000	  0.2810	 -0.2787	  0.0000
240.0000	 96.0000	  0.5827	 -0.5701	  0.0000
256.0000	 96.0000	  1.2350	 -1.2507	  0.0000
272.0000	 96.0000	  1.7031	 -1.7310	  0.0000
288.0000	 96.0000	  2.2105	 -2.1990	  0.0000
304.0000	 96.0000	  2.6500	 -2.6520	  0.0000
320.0000	 96.0000	  3.0655	 -3.0693	  0.0000
336.0000	 96.0000	  3.3800	 -3.5560	  0.0000
352.0000	 96.0000	  3.8623	 -3.8734	  0.0000
368.0000	 96.0000	  4.1286	 -4.1389	  0.0000
384.0000	 96.0000	  4.0926	 -4.3934	  0.0000
400.0000	 96.0000	  4.3136	 -4.2744	  0.0000
416.0000	 96.0000	  4.3776	 -4.3352	  0.0000
432.0000	 96.0000	  4.3582	 -4.3593	  0.0000
448.0000	 96.0000	  4.2667	 -4.2679	  0.0000
464.0000	 96.0000	  4.1130	 -4.1360	  0.0000
480.0000	 96.0000	  3.8070	 -3.7779	  0.0000
496.0000	 96.0000	  3.6554	 -3.6171	  0.0000
 16.0000	 80.0000	  0.0015	 -0.0009	  0.0000
 32.0000	 80.0000	  0.0362	 -0.0467	  0.0000
 48.0000	 80.0000	 -0.0495	  0.0543	  0.0000
 64.0000	 80.0000	 -0.0316	  0.0321	  0.0000
 80.0000	 80.0000	  0.0211	 -0.0260	  0.0000
 96.0000	 80.0000	  0.0466	 -0.0481	  0.0000
112.0000	 80.0000	  0.0293	 -0.0334	  0.0000
128.0000	 80.0000	 -0.0490	  0.0478	  0.0000
144.0000	 80.0000	 -0.1205	  0.1172	  0.0000
160.0000	 80.0000	 -0.1457	  0.1494	  0.0000
176.0000	 80.0000	 -0.2428	  0.2473	  0.0000
192.0000	 80.0000	 -0.1210	  0.1086	  0.0000
208.0000	 80.0000	 -0.1275	  0.1221	  0.0000
224.0000	 80.0000	 -0.0102	  0.0187	  0.0000
240.0000	 80.0000	  0.2187	 -0.1826	  0.0000
256.0000	 80.0000	  0.6728	 -0.7163	  0.0000
272.0000	 80.0000	  1.3064	 -1.2798	  0.0000
288.0000	 80.0000	  1.9513	 -1.9350	  0.0000
304.0000	 80.0000	  2.4261	 -2.4136	  0.0000
320.0000	 80.0000	  2.7396	 -2.7263	  0.0000
336.0000	 80.0000	  3.1055	 -3.0976	  0.0000
352.0000	 80.0000	  3.4995	 -3.5360	  0.0000
368.0000	 80.0000	  3.8437	 -3.8581	  0.0000
384.0000	 80.0000	  3.8970	 -4.0009	  0.0000
400.0000	 80.0000	  4.1689	 -4.2059	  0.0000
416.0000	 80.0000	  4.4044	 -4.3783	  0.0000
432.0000	 80.0000	  4.4230	 -4.3844	  0.0000
448.0000	 80.0000	  4.3619	 -4.3418	  0.0000
464.0000	 80.0000	  4.2394	 -4.2589	  0.0000
480.0000	 80.0000	  4.0675	 -4.0041	  0.0000
496.0000	 80.0000	  3.9112	 -3.9446	  0.0000
 16.0000	 64.0000	 -0.0196	  0.0169	  0.0000
 32.0000	 64.0000	  0.0117	 -0.0225	  0.0000
 48.0000	 64.0000	  0.0302	 -0.0329	  0.0000
 64.0000	 64.0000	 -0.0216	  0.0201	  0.0000
 80.0000	 64.0000	 -0.0564	  0.0129	  0.0000
 96.0000	 64.0000	 -0.0639	  0.0677	  0.0000
112.0000	 64.0000	 -0.0490	  0.0453	  0.0000
128.0000	 64.0000	  0.0134	 -0.0131	  0.0000
144.0000	 64.0000	  0.0100	 -0.0215	  0.0000
160.0000	 64.0000	 -0.0489	  0.0476	  0.0000
176.0000	 64.0000	 -0.0461	  0.0483	  0.0000
192.0000	 64.0000	  0.0116	 -0.0291	  0.0000
208.0000	 64.0000	 -0.0263	  0.0432	  0.0000
224.0000	 64.0000	 -0.1706	  0.1761	  0.0000
240.0000	 64.0000	 -0.0993	  0.0881	  0.0000
256.0000	 64.0000	  0.0904	 -0.0990	  0.0000
272.0000	 64.0000	  0.4268	 -0.4430	  0.0000
288.0000	 64.0000	  1.0401	 -1.0438	  0.0000
304.0000	 64.0000	  1.7030	 -1.6987	  0.0000
320.0000	 64.0000	  2.2463	 -2.2552	  0.0000
336.0000	 64.0000	  2.8789	 -2.8857	  0.0000
352.0000	 64.0000	  3.3620	 -3.4082	  0.0000
368.0000	 64.0000	  3.6689	 -3.6863	  0.0000
384.0000	 64.0000	  3.7090	 -3.7528	  0.0000
400.0000	 64.0000	  3.7881	 -3.8001	  0.0000
416.0000	 64.0000	  4.2117	 -4.2130	  0.0000
432.0000	 64.0000	  4.3338	 -4.3420	  0.0000
448.0000	 64.0000	  4.3885	 -4.3884	  0.0000
464.0000	 64.0000	  4.3272	 -4.3533	  0.0000
480.0000	 64.0000	  4.1615	 -4.2156	  0.0000
496.0000	 64.0000	  4.1590	 -4.2375	  0.0000
 16.0000	 48.0000	  0.0076	 -0.0087	  0.0000
 32.0000	 48.0000	 -0.0122	  0.0161	  0.0000
 48.0000	 48.0000	  0.0422	 -0.0468	  0.0000
 64.0000	 48.0000	 -0.0267	  0.0276	  0.0000
 80.0000	 48.0000	 -0.1194	  0.0837	  0.0000
 96.0000	 48.0000	 -0.0865	  0.0924	  0.0000
112.0000	 48.0000	 -0.0211	 -0.0144	  0.0000
128.0000	 48.0000	 -0.0159	  0.0139	  0.0000
144.0000	 48.0000	  0.0072	 -0.0147	  0.0000
160.0000	 48.0000	 -0.0089	  0.0091	  0.0000
176.0000	 48.0000	  0.0796	 -0.1092	  0.0000
192.0000	 48.0000	  0.1543	 -0.1643	  0.0000
208.0000	 48.0000	  0.0358	 -0.0361	  0.0000
224.0000	 48.0000	 -0.1927	  0.1748	  0.0000
240.0000	 48.0000	 -0.1298	  0.1481	  0.0000
256.0000	 48.0000	 -0.2058	  0.2249	  0.0000
272.0000	 48.0000	 -0.1000	  0.0938	  0.0000
288.0000	 48.0000	  0.2234	 -0.2506	  0.0000
304.0000	 48.0000	  0.8990	 -0.9175	  0.0000
320.0000	 48.0000	  1.5694	 -1.6340	  0.0000
336.0000	 48.0000	  2.3034	 -2.3463	  0.0000
352.0000	 48.0000	  2.8150	 -2.8547	  0.0000
368.0000	 48.0000	  3.3659	 -3.4205	  0.0000
384.0000	 48.0000	  3.4073	 -3.4528	  0.0000
400.0000	 48.0000	  3.5914	 -3.6417	  0.0000
416.0000	 48.0000	  3.9571	 -3.9686	  0.0000
432.0000	 48.0000	  4.2187	 -4.2063	  0.0000
448.0000	 48.0000	  4.3655	 -4.3411	  0.0000
464.0000	 48.0000	  4.3808	 -4.3857	  0.0000
480.0000	 48.0000	  4.3402	 -4.3362	  0.0000
496.0000	 48.0000	  4.2657	 -4.2771	  0.0000
 16.0000	 32.0000	  0.0155	 -0.0140	  0.0000
 32.0000	 32.0000	 -0.0014	  0.0049	  0.0000
 48.0000	 32.0000	 -0.0136	  0.0135	  0.0000
 64.0000	 32.0000	  0.0019	 -0.0029	  0.0000
 80.0000	 32.0000	  0.0091	 -0.0078	  0.0000
 96.0000	 32.0000	 -0.0092	  0.0135	  0.0000
112.0000	 32.0000	  0.0102	 -0.0044	  0.0000
128.0000	 32.0000	  0.0136	 -0.0076	  0.0000
144.0000	 32.0000	  0.0192	 -0.0209	  0.0000
160.0000	 32.0000	  0.0111	 -0.0128	  0.0000
176.0000	 32.0000	 -0.0128	  0.0128	  0.0000
192.0000	 32.0000	  0.0093	 -0.0080	  0.0000
208.0000	 32.0000	  0.0003	  0.0069	  0.0000
224.0000	 32.0000	 -0.0671	  0.0648	  0.0000
240.0000	 32.0000	 -0.0032	  0.0036	  0.0000
256.0000	 32.0000	  0.2456	 -0.3123	  0.0000
272.0000	 32.0000	 -0.0794	  0.0914	  0.0000
288.0000	 32.0000	  0.2078	 -0.2070	  0.0000
304.0000	 32.0000	  0.4784	 -0.4729	  0.0000
320.0000	 32.0000	  0.8263	 -0.7622	  0.0000
336.0000	 32.0000	  1.8275	 -1.9677	  0.0000
352.0000	 32.0000	  2.1914	 -2.4525	  0.0000
368.0000	 32.0000	  2.9377	 -2.9852	  0.0000
384.0000	 32.0000	  3.3070	 -3.3060	  0.0000
400.0000	 32.0000	  3.6044	 -3.5723	  0.0000
416.0000	 32.0000	  3.8194	 -3.7915	  0.0000
432.0000	 32.0000	  4.0542	 -4.0556	  0.0000
448.0000	 32.0000	  4.2468	 -4.2534	  0.0000
464.0000	 32.0000	  4.3681	 -4.3807	  0.0000
480.0000	 32.0000	  4.3790	 -4.3884	  0.0000
496.0000	 32.0000	  4.4191	 -4.3719	  0.0000
 16.0000	 16.0000	 -0.0063	  0.0065	  0.0000
 32.0000	 16.0000	 -0.0040	  0.0009	  0.0000
 48.0000	 16.0000	 -0.0003	 -0.0019	  0.0000
 64.0000	 16.0000	 -0.0103	  0.0143	  0.0000
 80.0000	 16.0000	 -0.0169	  0.0158	  0.0000
 96.0000	 16.0000	 -0.0422	  0.0469	  0.0000
112.0000	 16.0000	 -0.0109	  0.0148	  0.0000
128.0000	 16.0000	  0.0182	 -0.0119	  0.0000
144.0000	 16.0000	  0.0268	 -0.0290	  0.0000
160.0000	 16.0000	 -0.0011	  0.0042	  0.0000
176.0000	 16.0000	  0.0018	  0.0021	  0.0000
192.0000	 16.0000	  0.0133	 -0.0115	  0.0000
208.0000	 16.0000	 -0.0090	  0.0080	  0.0000
224.0000	 16.0000	 -0.0555	  0.0595	  0.0000
240.0000	 16.0000	 -0.0777	  0.0745	  0.0000
256.0000	 16.0000	  0.0081	  0.0359	  0.0000
272.0000	 16.0000	 -0.0827	 -0.0470	  0.0000
288.0000	 16.0000	  0.0928	 -0.2314	  0.0000
304.0000	 16.0000	  0.1016	 -0.2278	  0.0000
320.0000	 16.0000	  0.7562	 -0.7153	  0.0000
336.0000	 16.0000	  1.2512	 -1.2343	  0.0000
352.0000	 16.0000	  1.7304	 -1.7485	  0.0000
368.0000	 16.0000	  2.1612	 -2.1526	  0.0000
384.0000	 16.0000	  2.9905	 -2.9730	  0.0000
400.0000	 16.0000	  3.5379	 -3.4298	  0.0000
416.0000	 16.0000	  3.7273	 -3.6422	  0.0000
432.0000	 16.0000	  3.9560	 -3.8643	  0.0000
448.0000	 16.0000	  4.1937	 -4.0824	  0.0000
464.0000	 16.0000	  4.2778	 -4.3141	  0.0000
480.0000	 16.0000	  4.2733	 -4.2949	  0.0000
496.0000	 16.0000	  4.4157	 -4.3933	  0.0000
