 16.0000	496.0000	 -0.0563	  0.0151	     nan
 32.0000	496.0000	 -0.0504	  0.0140	     nan
 48.0000	496.0000	 -0.0677	  0.0074	     nan
 64.0000	496.0000	 -0.0907	 -0.0037	     nan
 80.0000	496.0000	 -0.0886	 -0.0114	     nan
 96.0000	496.0000	 -0.1157	 -0.0240	     nan
112.0000	496.0000	 -0.1431	 -0.0202	     nan
128.0000	496.0000	 -0.0956	  0.0003	     nan
144.0000	496.0000	 -0.0923	  0.0109	     nan
160.0000	496.0000	  0.0242	  0.0132	     nan
176.0000	496.0000	 -0.0948	  0.0004	     nan
192.0000	496.0000	 -0.1110	 -0.0045	     nan
208.0000	496.0000	 -0.0955	 -0.0054	     nan
224.0000	496.0000	 -0.0059	  0.0112	     nan
240.0000	496.0000	  0.0154	  0.0250	     nan
256.0000	496.0000	  0.0027	  0.0161	     nan
272.0000	496.0000	 -0.0869	 -0.0046	     nan
288.0000	496.0000	 -0.1024	 -0.0141	     nan
304.0000	496.0000	 -0.0969	 -0.0022	     nan
320.0000	496.0000	 -0.1211	  0.0108	     nan
336.0000	496.0000	 -0.1937	  0.0179	     nan
352.0000	496.0000	 -0.2183	  0.0129	     nan
368.0000	496.0000	 -0.1499	  0.0004	     nan
384.0000	496.0000	 -0.1071	 -0.0051	     nan
400.0000	496.0000	 -0.0977	  0.0006	     nan
416.0000	496.0000	 -0.0642	 -0.0028	     nan
432.0000	496.0000	 -0.0347	 -0.0191	     nan
448.0000	496.0000	 -0.0893	 -0.0063	     nan
464.0000	496.0000	 -0.0687	 -0.0099	     nan
480.0000	496.0000	 -0.0961	  0.0116	     nan
496.0000	496.0000	 -0.0430	 -0.0053	     nan
 16.0000	480.0000	  0.0605	  0.0074	     nan
 32.0000	480.0000	  0.0618	  0.0071	     nan
 48.0000	480.0000	  0.0398	  0.0045	     nan
 64.0000	480.0000	  0.0409	 -0.0044	     nan
 80.0000	480.0000	  0.0471	 -0.0125	     nan
 96.0000	480.0000	  0.0208	 -0.0217	     nan
112.0000	480.0000	  0.0018	 -0.0185	     nan
128.0000	480.0000	  0.0877	 -0.0007	     nan
144.0000	480.0000	  0.1133	  0.0034	     nan
160.0000	480.0000	  0.2473	  0.0050	     nan
176.0000	480.0000	  0.1632	 -0.0015	     nan
192.0000	480.0000	  0.0855	 -0.0076	     nan
208.0000	480.0000	  0.0888	 -0.0099	     nan
224.0000	480.0000	  0.2114	  0.0196	     nan
240.0000	480.0000	  0.2476	  0.0427	     nan
256.0000	480.0000	  0.1753	  0.0326	     nan
272.0000	480.0000	  0.0474	 -0.0025	     nan
288.0000	480.0000	  0.0909	 -0.0118	     nan
304.0000	480.0000	  0.1596	  0.0009	     nan
320.0000	480.0000	  0.1465	  0.0126	     nan
336.0000	480.0000	  0.0775	  0.0192	     nan
352.0000	480.0000	 -0.0152	  0.0091	     nan
368.0000	480.0000	  0.0657	 -0.0084	     nan
384.0000	480.0000	  0.1118	 -0.0127	     nan
400.0000	480.0000	  0.1217	 -0.0026	     nan
416.0000	480.0000	  0.1531	 -0.0029	     nan
432.0000	480.0000	  0.1645	 -0.0138	     nan
448.0000	480.0000	  0.1149	 -0.0023	     nan
464.0000	480.0000	  0.1346	 -0.0048	     nan
480.0000	480.0000	  0.0776	  0.0072	     nan
496.0000	480.0000	  0.1076	  0.0087	     nan
 16.0000	464.0000	  0.6718	  0.0053	     nan
 32.0000	464.0000	  0.6331	  0.0065	     nan
 48.0000	464.0000	  0.6140	  0.0096	     nan
 64.0000	464.0000	  0.7050	  0.0047	     nan
 80.0000	464.0000	  0.7955	  0.0017	     nan
 96.0000	464.0000	  0.7655	 -0.0061	     nan
112.0000	464.0000	  0.7324	 -0.0125	     nan
128.0000	464.0000	  0.8590	 -0.0020	     nan
144.0000	464.0000	  0.8756	 -0.0053	     nan
160.0000	464.0000	  0.9569	 -0.0028	     nan
176.0000	464.0000	  0.9108	 -0.0019	     nan
192.0000	464.0000	  0.7794	 -0.0031	     nan
208.0000	464.0000	  0.6971	 -0.0056	     nan
224.0000	464.0000	  0.7677	  0.0045	     nan
240.0000	464.0000	  0.7574	  0.0176	     nan
256.0000	464.0000	  0.6590	  0.0125	     nan
272.0000	464.0000	  0.5856	 -0.0084	     nan
288.0000	464.0000	  0.6881	 -0.0099	     nan
304.0000	464.0000	  0.8360	  0.0030	     nan
320.0000	464.0000	  0.9269	  0.0185	     nan
336.0000	464.0000	  0.8277	  0.0325	     nan
352.0000	464.0000	  0.6642	  0.0177	     nan
368.0000	464.0000	  0.7289	 -0.0031	     nan
384.0000	464.0000	  0.8355	 -0.0116	     nan
400.0000	464.0000	  0.9155	 -0.0062	     nan
416.0000	464.0000	  0.9588	 -0.0026	     nan
432.0000	464.0000	  0.9727	 -0.0026	     nan
448.0000	464.0000	  0.9775	  0.0030	     nan
464.0000	464.0000	  0.9967	  0.0032	     nan
480.0000	464.0000	  0.8415	  0.0057	     nan
496.0000	464.0000	  0.8010	  0.0238	     nan
 16.0000	448.0000	  2.5553	  0.0062	     nan
 32.0000	448.0000	  2.5120	  0.0063	     nan
 48.0000	448.0000	  2.4796	  0.0092	     nan
 64.0000	448.0000	  2.5355	  0.0022	     nan
 80.0000	448.0000	  2.6577	 -0.0034	     nan
 96.0000	448.0000	  2.6328	 -0.0131	     nan
112.0000	448.0000	  2.5050	 -0.0261	     nan
128.0000	448.0000	  2.5521	 -0.0038	     nan
144.0000	448.0000	  2.5865	  0.0019	     nan
160.0000	448.0000	  2.6528	  0.0002	     nan
176.0000	448.0000	  2.6265	 -0.0013	     nan
192.0000	448.0000	  2.5690	  0.0007	     nan
208.0000	448.0000	  2.5127	 -0.0026	     nan
224.0000	448.0000	  2.4569	 -0.0005	     nan
240.0000	448.0000	  2.5015	  0.0081	     nan
256.0000	448.0000	  2.5133	  0.0093	     nan
272.0000	448.0000	  2.4482	 -0.0018	     nan
288.0000	448.0000	  2.4428	  0.0036	     nan
304.0000	448.0000	  2.4915	  0.0064	     nan
320.0000	448.0000	  2.5280	  0.0097	     nan
336.0000	448.0000	  2.4736	  0.0235	     nan
352.0000	448.0000	  2.3936	  0.0184	     nan
368.0000	448.0000	  2.4782	  0.0068	     nan
384.0000	448.0000	  2.5935	 -0.0000	     nan
400.0000	448.0000	  2.6588	  0.0001	     nan
416.0000	448.0000	  2.6708	  0.0014	     nan
432.0000	448.0000	  2.6568	  0.0051	     nan
448.0000	448.0000	  2.6736	  0.0107	     nan
464.0000	448.0000	  2.6830	  0.0072	     nan
480.0000	448.0000	  2.6039	  0.0092	     nan
496.0000	448.0000	  2.5543	  0.0253	     nan
 16.0000	432.0000	  4.7674	 -0.0054	     nan
 32.0000	432.0000	  4.7277	 -0.0112	     nan
 48.0000	432.0000	  4.6784	 -0.0188	     nan
 64.0000	432.0000	  4.7013	 -0.0224	     nan
 80.0000	432.0000	  4.8295	 -0.0233	     nan
 96.0000	432.0000	  4.8403	 -0.0276	     nan
112.0000	432.0000	  4.7282	 -0.0377	     nan
128.0000	432.0000	  4.7297	 -0.0210	     nan
144.0000	432.0000	  4.7381	 -0.0011	     nan
160.0000	432.0000	  4.7561	  0.0002	     nan
176.0000	432.0000	  4.7621	  0.0027	     nan
192.0000	432.0000	  4.7479	  0.0032	     nan
208.0000	432.0000	  4.6872	 -0.0043	     nan
224.0000	432.0000	  4.5946	 -0.0137	     nan
240.0000	432.0000	  4.7326	  0.0094	     nan
256.0000	432.0000	  4.8777	  0.0339	     nan
272.0000	432.0000	  4.8093	  0.0263	     nan
288.0000	432.0000	  4.6931	  0.0225	     nan
304.0000	432.0000	  4.6535	  0.0145	     nan
320.0000	432.0000	  4.6520	  0.0043	     nan
336.0000	432.0000	  4.6488	  0.0067	     nan
352.0000	432.0000	  4.6386	 -0.0052	     nan
368.0000	432.0000	  4.6984	 -0.0135	     nan
384.0000	432.0000	  4.7912	 -0.0151	     nan
400.0000	432.0000	  4.8437	 -0.0149	     nan
416.0000	432.0000	  4.7955	 -0.0115	     nan
432.0000	432.0000	  4.7235	 -0.0041	     nan
448.0000	432.0000	  4.7508	  0.0034	     nan
464.0000	432.0000	  4.7917	  0.0001	     nan
480.0000	432.0000	  4.8701	  0.0138	     nan
496.0000	432.0000	  4.8642	  0.0271	     nan
 16.0000	416.0000	  6.7582	 -0.0160	     nan
 32.0000	416.0000	  6.7411	 -0.0251	     nan
 48.0000	416.0000	  6.7120	 -0.0265	     nan
 64.0000	416.0000	  6.7162	 -0.0303	     nan
 80.0000	416.0000	  6.7633	 -0.0341	     nan
 96.0000	416.0000	  6.8171	 -0.0323	     nan
112.0000	416.0000	  6.7877	 -0.0280	     nan
128.0000	416.0000	  6.7816	 -0.0149	     nan
144.0000	416.0000	  6.7516	 -0.0071	     nan
160.0000	416.0000	  6.6786	 -0.0066	     nan
176.0000	416.0000	  6.6771	 -0.0059	     nan
192.0000	416.0000	  6.6698	 -0.0039	     nan
208.0000	416.0000	  6.6514	 -0.0028	     nan
224.0000	416.0000	  6.7033	  0.0055	     nan
240.0000	416.0000	  6.8734	  0.0327	     nan
256.0000	416.0000	  6.9920	  0.0521	     nan
272.0000	416.0000	  6.8857	  0.0451	     nan
288.0000	416.0000	  6.7371	  0.0305	     nan
304.0000	416.0000	  6.6888	  0.0192	     nan
320.0000	416.0000	  6.6943	  0.0091	     nan
336.0000	416.0000	  6.7325	  0.0001	     nan
352.0000	416.0000	  6.7592	 -0.0141	     nan
368.0000	416.0000	  6.7906	 -0.0246	     nan
384.0000	416.0000	  6.8398	 -0.0289	     nan
400.0000	416.0000	  6.8650	 -0.0268	     nan
416.0000	416.0000	  6.7910	 -0.0218	     nan
432.0000	416.0000	  6.7166	 -0.0154	     nan
448.0000	416.0000	  6.7246	 -0.0059	     nan
464.0000	416.0000	  6.7380	  0.0049	     nan
480.0000	416.0000	  6.9555	  0.0149	     nan
496.0000	416.0000	  6.9550	  0.0215	     nan
 16.0000	400.0000	  8.4707	 -0.0055	     nan
 32.0000	400.0000	  8.4526	 -0.0141	     nan
 48.0000	400.0000	  8.4295	 -0.0138	     nan
 64.0000	400.0000	  8.4158	 -0.0170	     nan
 80.0000	400.0000	  8.4147	 -0.0226	     nan
 96.0000	400.0000	  8.4363	 -0.0195	     nan
112.0000	400.0000	  8.4475	 -0.0102	     nan
128.0000	400.0000	  8.4486	  0.0013	     nan
144.0000	400.0000	  8.4361	  0.0030	     nan
160.0000	400.0000	  8.3797	 -0.0006	     nan
176.0000	400.0000	  8.3809	 -0.0010	     nan
192.0000	400.0000	  8.4034	  0.0011	     nan
208.0000	400.0000	  8.4177	  0.0069	     nan
224.0000	400.0000	  8.4364	  0.0255	     nan
240.0000	400.0000	  8.4889	  0.0520	     nan
256.0000	400.0000	  8.5285	  0.0620	     nan
272.0000	400.0000	  8.5102	  0.0519	     nan
288.0000	400.0000	  8.4389	  0.0323	     nan
304.0000	400.0000	  8.4333	  0.0234	     nan
320.0000	400.0000	  8.4562	  0.0182	     nan
336.0000	400.0000	  8.4799	  0.0086	     nan
352.0000	400.0000	  8.4780	 -0.0033	     nan
368.0000	400.0000	  8.4744	 -0.0141	     nan
384.0000	400.0000	  8.4767	 -0.0210	     nan
400.0000	400.0000	  8.5068	 -0.0195	     nan
416.0000	400.0000	  8.4851	 -0.0119	     nan
432.0000	400.0000	  8.4359	 -0.0054	     nan
448.0000	400.0000	  8.4267	  0.0030	     nan
464.0000	400.0000	  8.4400	  0.0149	     nan
480.0000	400.0000	  8.6100	  0.0226	     nan
496.0000	400.0000	  8.5859	  0.0213	     nan
 16.0000	384.0000	  9.9222	  0.0103	     nan
 32.0000	384.0000	  9.9153	  0.0037	     nan
 48.0000	384.0000	  9.9004	 -0.0008	     nan
 64.0000	384.0000	  9.8938	 -0.0004	     nan
 80.0000	384.0000	  9.9012	  0.0030	     nan
 96.0000	384.0000	  9.9115	  0.0088	     nan
112.0000	384.0000	  9.9044	  0.0133	     nan
128.0000	384.0000	  9.8971	  0.0136	     nan
144.0000	384.0000	  9.9058	  0.0092	     nan
160.0000	384.0000	  9.8796	  0.0047	     nan
176.0000	384.0000	  9.8881	  0.0041	     nan
192.0000	384.0000	  9.9124	  0.0074	     nan
208.0000	384.0000	  9.9303	  0.0147	     nan
224.0000	384.0000	  9.9247	  0.0280	     nan
240.0000	384.0000	  9.9023	  0.0439	     nan
256.0000	384.0000	  9.9134	  0.0441	     nan
272.0000	384.0000	  9.9090	  0.0322	     nan
288.0000	384.0000	  9.8852	  0.0169	     nan
304.0000	384.0000	  9.8922	  0.0135	     nan
320.0000	384.0000	  9.9223	  0.0139	     nan
336.0000	384.0000	  9.9469	  0.0093	     nan
352.0000	384.0000	  9.9310	  0.0022	     nan
368.0000	384.0000	  9.9004	 -0.0007	     nan
384.0000	384.0000	  9.8904	  0.0017	     nan
400.0000	384.0000	  9.9231	  0.0040	     nan
416.0000	384.0000	  9.9326	  0.0090	     nan
432.0000	384.0000	  9.9267	  0.0107	     nan
448.0000	384.0000	  9.9168	  0.0120	     nan
464.0000	384.0000	  9.9025	  0.0169	     nan
480.0000	384.0000	  9.9288	  0.0182	     nan
496.0000	384.0000	  9.8917	  0.0157	     nan
 16.0000	368.0000	 11.2139	  0.0110	     nan
 32.0000	368.0000	 11.2183	  0.0058	     nan
 48.0000	368.0000	 11.2127	 -0.0024	     nan
 64.0000	368.0000	 11.2252	  0.0054	     nan
 80.0000	368.0000	 11.2485	  0.0220	     nan
 96.0000	368.0000	 11.2600	  0.0321	     nan
112.0000	368.0000	 11.2329	  0.0296	     nan
128.0000	368.0000	 11.2079	  0.0153	     nan
144.0000	368.0000	 11.2212	  0.0031	     nan
160.0000	368.0000	 11.2107	 -0.0021	     nan
176.0000	368.0000	 11.2171	 -0.0009	     nan
192.0000	368.0000	 11.2303	  0.0054	     nan
208.0000	368.0000	 11.2515	  0.0132	     nan
224.0000	368.0000	 11.2487	  0.0202	     nan
240.0000	368.0000	 11.2074	  0.0283	     nan
256.0000	368.0000	 11.2182	  0.0230	     nan
272.0000	368.0000	 11.2068	  0.0093	     nan
288.0000	368.0000	 11.1827	 -0.0010	     nan
304.0000	368.0000	 11.1641	 -0.0007	     nan
320.0000	368.0000	 11.1703	  0.0008	     nan
336.0000	368.0000	 11.2036	  0.0013	     nan
352.0000	368.0000	 11.2066	 -0.0033	     nan
368.0000	368.0000	 11.1884	 -0.0049	     nan
384.0000	368.0000	 11.1917	  0.0016	     nan
400.0000	368.0000	 11.2090	  0.0082	     nan
416.0000	368.0000	 11.2374	  0.0139	     nan
432.0000	368.0000	 11.2403	  0.0141	     nan
448.0000	368.0000	 11.2234	  0.0106	     nan
464.0000	368.0000	 11.1989	  0.0090	     nan
480.0000	368.0000	 11.1955	  0.0070	     nan
496.0000	368.0000	 11.1975	  0.0066	     nan
 16.0000	352.0000	 12.3489	  0.0088	     nan
 32.0000	352.0000	 12.3630	  0.0039	     nan
 48.0000	352.0000	 12.3666	 -0.0067	     nan
 64.0000	352.0000	 12.3880	  0.0049	     nan
 80.0000	352.0000	 12.4057	  0.0287	     nan
 96.0000	352.0000	 12.4106	  0.0429	     nan
112.0000	352.0000	 12.3830	  0.0332	     nan
128.0000	352.0000	 12.3596	  0.0098	     nan
144.0000	352.0000	 12.3660	 -0.0048	     nan
160.0000	352.0000	 12.3579	 -0.0086	     nan
176.0000	352.0000	 12.3544	 -0.0059	     nan
192.0000	352.0000	 12.3584	  0.0001	     nan
208.0000	352.0000	 12.3747	  0.0065	     nan
224.0000	352.0000	 12.3860	  0.0121	     nan
240.0000	352.0000	 12.3736	  0.0191	     nan
256.0000	352.0000	 12.3741	  0.0144	     nan
272.0000	352.0000	 12.3406	  0.0040	     nan
288.0000	352.0000	 12.3005	 -0.0023	     nan
304.0000	352.0000	 12.2737	 -0.0013	     nan
320.0000	352.0000	 12.2742	  0.0015	     nan
336.0000	352.0000	 12.3097	 -0.0003	     nan
352.0000	352.0000	 12.3255	 -0.0056	     nan
368.0000	352.0000	 12.3203	 -0.0082	     nan
384.0000	352.0000	 12.3352	 -0.0054	     nan
400.0000	352.0000	 12.3496	 -0.0009	     nan
416.0000	352.0000	 12.3633	  0.0043	     nan
432.0000	352.0000	 12.3627	  0.0048	     nan
448.0000	352.0000	 12.3478	  0.0001	     nan
464.0000	352.0000	 12.3396	 -0.0026	     nan
480.0000	352.0000	 12.3591	 -0.0014	     nan
496.0000	352.0000	 12.3665	  0.0044	     nan
 16.0000	336.0000	 13.2975	  0.0091	     nan
 32.0000	336.0000	 13.3197	  0.0064	     nan
 48.0000	336.0000	 13.3290	 -0.0060	     nan
 64.0000	336.0000	 13.3450	  0.0020	     nan
 80.0000	336.0000	 13.3548	  0.0231	     nan
 96.0000	336.0000	 13.3428	  0.0358	     nan
112.0000	336.0000	 13.3160	  0.0271	     nan
128.0000	336.0000	 13.3241	  0.0096	     nan
144.0000	336.0000	 13.3250	 -0.0015	     nan
160.0000	336.0000	 13.3186	 -0.0066	     nan
176.0000	336.0000	 13.3042	 -0.0053	     nan
192.0000	336.0000	 13.2934	 -0.0042	     nan
208.0000	336.0000	 13.2874	 -0.0026	     nan
224.0000	336.0000	 13.3029	  0.0027	     nan
240.0000	336.0000	 13.3250	  0.0092	     nan
256.0000	336.0000	 13.3270	  0.0080	     nan
272.0000	336.0000	 13.2944	  0.0022	     nan
288.0000	336.0000	 13.2581	 -0.0017	     nan
304.0000	336.0000	 13.2412	 -0.0004	     nan
320.0000	336.0000	 13.2395	  0.0025	     nan
336.0000	336.0000	 13.2598	  0.0004	     nan
352.0000	336.0000	 13.2793	 -0.0041	     nan
368.0000	336.0000	 13.2884	 -0.0088	     nan
384.0000	336.0000	 13.3010	 -0.0126	     nan
400.0000	336.0000	 13.3035	 -0.0134	     nan
416.0000	336.0000	 13.2910	 -0.0098	     nan
432.0000	336.0000	 13.2711	 -0.0066	     nan
448.0000	336.0000	 13.2528	 -0.0070	     nan
464.0000	336.0000	 13.2684	 -0.0020	     nan
480.0000	336.0000	 13.3203	  0.0131	     nan
496.0000	336.0000	 13.3352	  0.0368	     nan
 16.0000	320.0000	 14.0765	  0.0085	     nan
 32.0000	320.0000	 14.0922	  0.0082	     nan
 48.0000	320.0000	 14.0941	 -0.0007	     nan
 64.0000	320.0000	 14.1022	  0.0028	     nan
 80.0000	320.0000	 14.1107	  0.0145	     nan
 96.0000	320.0000	 14.1121	  0.0224	     nan
112.0000	320.0000	 14.1127	  0.0196	     nan
128.0000	320.0000	 14.1200	  0.0112	     nan
144.0000	320.0000	 14.1083	  0.0074	     nan
160.0000	320.0000	 14.0885	  0.0046	     nan
176.0000	320.0000	 14.0739	  0.0008	     nan
192.0000	320.0000	 14.0645	 -0.0038	     nan
208.0000	320.0000	 14.0546	 -0.0070	     nan
224.0000	320.0000	 14.0703	 -0.0061	     nan
240.0000	320.0000	 14.0837	 -0.0003	     nan
256.0000	320.0000	 14.0845	  0.0031	     nan
272.0000	320.0000	 14.0737	  0.0014	     nan
288.0000	320.0000	 14.0607	 -0.0008	     nan
304.0000	320.0000	 14.0567	 -0.0001	     nan
320.0000	320.0000	 14.0527	  0.0009	     nan
336.0000	320.0000	 14.0568	  0.0004	     nan
352.0000	320.0000	 14.0700	 -0.0020	     nan
368.0000	320.0000	 14.0847	 -0.0075	     nan
384.0000	320.0000	 14.1020	 -0.0153	     nan
400.0000	320.0000	 14.0989	 -0.0208	     nan
416.0000	320.0000	 14.0675	 -0.0196	     nan
432.0000	320.0000	 14.0370	 -0.0133	     nan
448.0000	320.0000	 14.0197	 -0.0076	     nan
464.0000	320.0000	 14.0498	  0.0023	     nan
480.0000	320.0000	 14.1296	  0.0356	     nan
496.0000	320.0000	 14.1913	  0.1021	     nan
 16.0000	304.0000	 14.7108	  0.0045	     nan
 32.0000	304.0000	 14.7093	  0.0051	     nan
 48.0000	304.0000	 14.7019	  0.0026	     nan
 64.0000	304.0000	 14.7058	  0.0036	     nan
 80.0000	304.0000	 14.7100	  0.0067	     nan
 96.0000	304.0000	 14.7152	  0.0082	     nan
112.0000	304.0000	 14.7169	  0.0073	     nan
128.0000	304.0000	 14.7218	  0.0060	     nan
144.0000	304.0000	 14.7151	  0.0062	     nan
160.0000	304.0000	 14.6981	  0.0059	     nan
176.0000	304.0000	 14.6971	  0.0020	     nan
192.0000	304.0000	 14.6977	 -0.0021	     nan
208.0000	304.0000	 14.6877	 -0.0059	     nan
224.0000	304.0000	 14.6951	 -0.0064	     nan
240.0000	304.0000	 14.6892	 -0.0029	     nan
256.0000	304.0000	 14.6865	 -0.0013	     nan
272.0000	304.0000	 14.6957	 -0.0020	     nan
288.0000	304.0000	 14.7002	 -0.0014	     nan
304.0000	304.0000	 14.7011	  0.0005	     nan
320.0000	304.0000	 14.6928	  0.0011	     nan
336.0000	304.0000	 14.6958	  0.0001	     nan
352.0000	304.0000	 14.7028	 -0.0016	     nan
368.0000	304.0000	 14.7015	 -0.0047	     nan
384.0000	304.0000	 14.7177	 -0.0089	     nan
400.0000	304.0000	 14.7284	 -0.0121	     nan
416.0000	304.0000	 14.7175	 -0.0121	     nan
432.0000	304.0000	 14.6948	 -0.0092	     nan
448.0000	304.0000	 14.6602	 -0.0051	     nan
464.0000	304.0000	 14.6607	  0.0007	     nan
480.0000	304.0000	 14.7211	  0.0293	     nan
496.0000	304.0000	 14.7726	  0.0813	     nan
 16.0000	288.0000	 15.1619	  0.0021	     nan
 32.0000	288.0000	 15.1543	  0.0027	     nan
 48.0000	288.0000	 15.1514	  0.0032	     nan
 64.0000	288.0000	 15.1539	  0.0034	     nan
 80.0000	288.0000	 15.1570	  0.0034	     nan
 96.0000	288.0000	 15.1572	  0.0017	     nan
112.0000	288.0000	 15.1454	 -0.0007	     nan
128.0000	288.0000	 15.1411	 -0.0006	     nan
144.0000	288.0000	 15.1400	  0.0004	     nan
160.0000	288.0000	 15.1387	  0.0012	     nan
176.0000	288.0000	 15.1529	  0.0011	     nan
192.0000	288.0000	 15.1600	  0.0003	     nan
208.0000	288.0000	 15.1522	 -0.0024	     nan
224.0000	288.0000	 15.1492	 -0.0037	     nan
240.0000	288.0000	 15.1381	 -0.0039	     nan
256.0000	288.0000	 15.1363	 -0.0034	     nan
272.0000	288.0000	 15.1534	 -0.0015	     nan
288.0000	288.0000	 15.1582	  0.0006	     nan
304.0000	288.0000	 15.1573	  0.0007	     nan
320.0000	288.0000	 15.1485	 -0.0023	     nan
336.0000	288.0000	 15.1544	 -0.0041	     nan
352.0000	288.0000	 15.1595	 -0.0029	     nan
368.0000	288.0000	 15.1504	 -0.0023	     nan
384.0000	288.0000	 15.1607	 -0.0018	     nan
400.0000	288.0000	 15.1737	 -0.0013	     nan
416.0000	288.0000	 15.1687	 -0.0002	     nan
432.0000	288.0000	 15.1493	 -0.0001	     nan
448.0000	288.0000	 15.1146	 -0.0008	     nan
464.0000	288.0000	 15.0909	 -0.0019	     nan
480.0000	288.0000	 15.1234	  0.0071	     nan
496.0000	288.0000	 15.1413	  0.0191	     nan
 16.0000	272.0000	 15.4105	 -0.0011	     nan
 32.0000	272.0000	 15.4018	  0.0004	     nan
 48.0000	272.0000	 15.4080	  0.0041	     nan
 64.0000	272.0000	 15.4180	  0.0053	     nan
 80.0000	272.0000	 15.4299	  0.0039	     nan
 96.0000	272.0000	 15.4281	  0.0006	     nan
112.0000	272.0000	 15.4106	 -0.0027	     nan
128.0000	272.0000	 15.4039	 -0.0021	     nan
144.0000	272.0000	 15.4018	 -0.0012	     nan
160.0000	272.0000	 15.4078	  0.0003	     nan
176.0000	272.0000	 15.4230	  0.0030	     nan
192.0000	272.0000	 15.4249	  0.0038	     nan
208.0000	272.0000	 15.4087	  0.0021	     nan
224.0000	272.0000	 15.3981	 -0.0006	     nan
240.0000	272.0000	 15.3969	 -0.0035	     nan
256.0000	272.0000	 15.4050	 -0.0025	     nan
272.0000	272.0000	 15.4277	  0.0004	     nan
288.0000	272.0000	 15.4336	  0.0008	     nan
304.0000	272.0000	 15.4266	 -0.0018	     nan
320.0000	272.0000	 15.4174	 -0.0087	     nan
336.0000	272.0000	 15.4181	 -0.0107	     nan
352.0000	272.0000	 15.4222	 -0.0058	     nan
368.0000	272.0000	 15.4145	 -0.0015	     nan
384.0000	272.0000	 15.4187	  0.0006	     nan
400.0000	272.0000	 15.4221	  0.0019	     nan
416.0000	272.0000	 15.4112	  0.0030	     nan
432.0000	272.0000	 15.3961	  0.0026	     nan
448.0000	272.0000	 15.3787	  0.0023	     nan
464.0000	272.0000	 15.3671	  0.0024	     nan
480.0000	272.0000	 15.3896	  0.0020	     nan
496.0000	272.0000	 15.3857	  0.0015	     nan
 16.0000	256.0000	 15.4661	 -0.0001	     nan
 32.0000	256.0000	 15.4515	  0.0021	     nan
 48.0000	256.0000	 15.4634	  0.0060	     nan
 64.0000	256.0000	 15.4821	  0.0058	     nan
 80.0000	256.0000	 15.5073	  0.0045	     nan
 96.0000	256.0000	 15.5134	  0.0027	     nan
112.0000	256.0000	 15.4992	  0.0003	     nan
128.0000	256.0000	 15.4937	 -0.0002	     nan
144.0000	256.0000	 15.4961	 -0.0002	     nan
160.0000	256.0000	 15.5031	  0.0004	     nan
176.0000	256.0000	 15.5066	  0.0034	     nan
192.0000	256.0000	 15.4960	  0.0047	     nan
208.0000	256.0000	 15.4748	  0.0043	     nan
224.0000	256.0000	 15.4681	  0.0013	     nan
240.0000	256.0000	 15.4720	 -0.0024	     nan
256.0000	256.0000	 15.4867	 -0.0001	     nan
272.0000	256.0000	 15.5139	  0.0016	     nan
288.0000	256.0000	 15.5255	 -0.0028	     nan
304.0000	256.0000	 15.5109	 -0.0057	     nan
320.0000	256.0000	 15.5002	 -0.0128	     nan
336.0000	256.0000	 15.4933	 -0.0138	     nan
352.0000	256.0000	 15.4952	 -0.0069	     nan
368.0000	256.0000	 15.4935	 -0.0015	     nan
384.0000	256.0000	 15.4993	 -0.0006	     nan
400.0000	256.0000	 15.4944	  0.0003	     nan
416.0000	256.0000	 15.4811	  0.0014	     nan
432.0000	256.0000	 15.4738	  0.0013	     nan
448.0000	256.0000	 15.4797	  0.0024	     nan
464.0000	256.0000	 15.4811	  0.0038	     nan
480.0000	256.0000	 15.4860	 -0.0006	     nan
496.0000	256.0000	 15.4759	 -0.0032	     nan
 16.0000	240.0000	 15.3648	  0.0006	     nan
 32.0000	240.0000	 15.3563	  0.0020	     nan
 48.0000	240.0000	 15.3714	  0.0052	     nan
 64.0000	240.0000	 15.3909	  0.0048	     nan
 80.0000	240.0000	 15.4146	  0.0053	     nan
 96.0000	240.0000	 15.4278	  0.0074	     nan
112.0000	240.0000	 15.4168	  0.0062	     nan
128.0000	240.0000	 15.4037	  0.0023	     nan
144.0000	240.0000	 15.4147	 -0.0010	     nan
160.0000	240.0000	 15.4183	 -0.0025	     nan
176.0000	240.0000	 15.4111	 -0.0003	     nan
192.0000	240.0000	 15.3970	  0.0023	     nan
208.0000	240.0000	 15.3768	  0.0034	     nan
224.0000	240.0000	 15.3776	  0.0032	     nan
240.0000	240.0000	 15.3827	  0.0014	     nan
256.0000	240.0000	 15.3957	  0.0024	     nan
272.0000	240.0000	 15.4144	  0.0034	     nan
288.0000	240.0000	 15.4179	 -0.0004	     nan
304.0000	240.0000	 15.4073	 -0.0070	     nan
320.0000	240.0000	 15.3998	 -0.0123	     nan
336.0000	240.0000	 15.3905	 -0.0108	     nan
352.0000	240.0000	 15.3958	 -0.0038	     nan
368.0000	240.0000	 15.4034	 -0.0006	     nan
384.0000	240.0000	 15.4125	 -0.0008	     nan
400.0000	240.0000	 15.4120	 -0.0010	     nan
416.0000	240.0000	 15.4069	 -0.0001	     nan
432.0000	240.0000	 15.4118	 -0.0011	     nan
448.0000	240.0000	 15.4293	 -0.0003	     nan
464.0000	240.0000	 15.4341	  0.0033	     nan
480.0000	240.0000	 15.4188	  0.0034	     nan
496.0000	240.0000	 15.4179	  0.0044	     nan
 16.0000	224.0000	 15.1146	 -0.0015	     nan
 32.0000	224.0000	 15.1157	 -0.0038	     nan
 48.0000	224.0000	 15.1245	  0.0002	     nan
 64.0000	224.0000	 15.1272	  0.0020	     nan
 80.0000	224.0000	 15.1320	  0.0042	     nan
 96.0000	224.0000	 15.1341	  0.0077	     nan
112.0000	224.0000	 15.1162	  0.0074	     nan
128.0000	224.0000	 15.0985	  0.0022	     nan
144.0000	224.0000	 15.1200	 -0.0029	     nan
160.0000	224.0000	 15.1319	 -0.0056	     nan
176.0000	224.0000	 15.1277	 -0.0073	     nan
192.0000	224.0000	 15.1227	 -0.0048	     nan
208.0000	224.0000	 15.1214	  0.0002	     nan
224.0000	224.0000	 15.1333	  0.0036	     nan
240.0000	224.0000	 15.1357	  0.0043	     nan
256.0000	224.0000	 15.1435	  0.0036	     nan
272.0000	224.0000	 15.1514	  0.0025	     nan
288.0000	224.0000	 15.1434	 -0.0011	     nan
304.0000	224.0000	 15.1308	 -0.0057	     nan
320.0000	224.0000	 15.1313	 -0.0073	     nan
336.0000	224.0000	 15.1290	 -0.0052	     nan
352.0000	224.0000	 15.1388	 -0.0005	     nan
368.0000	224.0000	 15.1468	 -0.0000	     nan
384.0000	224.0000	 15.1603	 -0.0017	     nan
400.0000	224.0000	 15.1769	 -0.0026	     nan
416.0000	224.0000	 15.1835	 -0.0026	     nan
432.0000	224.0000	 15.1786	 -0.0055	     nan
448.0000	224.0000	 15.1753	 -0.0077	     nan
464.0000	224.0000	 15.1807	 -0.0017	     nan
480.0000	224.0000	 15.1975	  0.0117	     nan
496.0000	224.0000	 15.2445	  0.0204	     nan
 16.0000	208.0000	 14.6944	 -0.0026	     nan
 32.0000	208.0000	 14.6921	 -0.0047	     nan
 48.0000	208.0000	 14.6867	 -0.0017	     nan
 64.0000	208.0000	 14.6734	  0.0006	     nan
 80.0000	208.0000	 14.6698	  0.0028	     nan
 96.0000	208.0000	 14.6630	  0.0045	     nan
112.0000	208.0000	 14.6317	  0.0044	     nan
128.0000	208.0000	 14.6038	  0.0009	     nan
144.0000	208.0000	 14.6138	 -0.0044	     nan
160.0000	208.0000	 14.6344	 -0.0071	     nan
176.0000	208.0000	 14.6564	 -0.0132	     nan
192.0000	208.0000	 14.6781	 -0.0122	     nan
208.0000	208.0000	 14.6950	 -0.0037	     nan
224.0000	208.0000	 14.7127	  0.0015	     nan
240.0000	208.0000	 14.7202	  0.0035	     nan
256.0000	208.0000	 14.7244	  0.0019	     nan
272.0000	208.0000	 14.7226	 -0.0013	     nan
288.0000	208.0000	 14.7131	 -0.0055	     nan
304.0000	208.0000	 14.7030	 -0.0065	     nan
320.0000	208.0000	 14.6990	 -0.0015	     nan
336.0000	208.0000	 14.6946	  0.0022	     nan
352.0000	208.0000	 14.6939	  0.0026	     nan
368.0000	208.0000	 14.7063	  0.0001	     nan
384.0000	208.0000	 14.7361	 -0.0041	     nan
400.0000	208.0000	 14.7645	 -0.0068	     nan
416.0000	208.0000	 14.7612	 -0.0075	     nan
432.0000	208.0000	 14.7350	 -0.0124	     nan
448.0000	208.0000	 14.7372	 -0.0175	     nan
464.0000	208.0000	 14.7458	 -0.0061	     nan
480.0000	208.0000	 14.7930	  0.0187	     nan
496.0000	208.0000	 14.8938	  0.0272	     nan
 16.0000	192.0000	 14.0650	 -0.0028	     nan
 32.0000	192.0000	 14.0676	 -0.0023	     nan
 48.0000	192.0000	 14.0596	 -0.0010	     nan
 64.0000	192.0000	 14.0472	  0.0017	     nan
 80.0000	192.0000	 14.0485	  0.0027	     nan
 96.0000	192.0000	 14.0481	  0.0005	     nan
112.0000	192.0000	 14.0115	 -0.0013	     nan
128.0000	192.0000	 13.9776	 -0.0019	     nan
144.0000	192.0000	 13.9812	 -0.0037	     nan
160.0000	192.0000	 14.0048	 -0.0044	     nan
176.0000	192.0000	 14.0385	 -0.0094	     nan
192.0000	192.0000	 14.0688	 -0.0110	     nan
208.0000	192.0000	 14.0850	 -0.0053	     nan
224.0000	192.0000	 14.0935	  0.0005	     nan
240.0000	192.0000	 14.1077	  0.0036	     nan
256.0000	192.0000	 14.1168	  0.0014	     nan
272.0000	192.0000	 14.1161	 -0.0028	     nan
288.0000	192.0000	 14.1104	 -0.0065	     nan
304.0000	192.0000	 14.1041	 -0.0046	     nan
320.0000	192.0000	 14.0950	  0.0022	     nan
336.0000	192.0000	 14.0869	  0.0053	     nan
352.0000	192.0000	 14.0791	  0.0034	     nan
368.0000	192.0000	 14.0910	 -0.0017	     nan
384.0000	192.0000	 14.1330	 -0.0081	     nan
400.0000	192.0000	 14.1751	 -0.0111	     nan
416.0000	192.0000	 14.1594	 -0.0106	     nan
432.0000	192.0000	 14.1152	 -0.0147	     nan
448.0000	192.0000	 14.0974	 -0.0205	     nan
464.0000	192.0000	 14.1001	 -0.0086	     nan
480.0000	192.0000	 14.1423	  0.0156	     nan
496.0000	192.0000	 14.1152	  0.0168	     nan
 16.0000	176.0000	 13.2762	 -0.0020	     nan
 32.0000	176.0000	 13.2728	 -0.0012	     nan
 48.0000	176.0000	 13.2564	 -0.0001	     nan
 64.0000	176.0000	 13.2487	  0.0012	     nan
 80.0000	176.0000	 13.2575	 -0.0010	     nan
 96.0000	176.0000	 13.2716	 -0.0060	     nan
112.0000	176.0000	 13.2595	 -0.0103	     nan
128.0000	176.0000	 13.2485	 -0.0068	     nan
144.0000	176.0000	 13.2746	 -0.0014	     nan
160.0000	176.0000	 13.3142	 -0.0010	     nan
176.0000	176.0000	 13.3259	 -0.0048	     nan
192.0000	176.0000	 13.3195	 -0.0081	     nan
208.0000	176.0000	 13.3047	 -0.0066	     nan
224.0000	176.0000	 13.2926	 -0.0007	     nan
240.0000	176.0000	 13.3001	  0.0035	     nan
256.0000	176.0000	 13.3191	  0.0004	     nan
272.0000	176.0000	 13.3245	 -0.0042	     nan
288.0000	176.0000	 13.3107	 -0.0049	     nan
304.0000	176.0000	 13.2989	 -0.0016	     nan
320.0000	176.0000	 13.2930	  0.0022	     nan
336.0000	176.0000	 13.2949	  0.0028	     nan
352.0000	176.0000	 13.2973	  0.0003	     nan
368.0000	176.0000	 13.3004	 -0.0051	     nan
384.0000	176.0000	 13.3410	 -0.0109	     nan
400.0000	176.0000	 13.4014	 -0.0125	     nan
416.0000	176.0000	 13.3826	 -0.0100	     nan
432.0000	176.0000	 13.3211	 -0.0088	     nan
448.0000	176.0000	 13.2527	 -0.0122	     nan
464.0000	176.0000	 13.2495	 -0.0090	     nan
480.0000	176.0000	 13.3481	  0.0042	     nan
496.0000	176.0000	 13.2873	  0.0042	     nan
 16.0000	160.0000	 12.3357	 -0.0030	     nan
 32.0000	160.0000	 12.3311	 -0.0014	     nan
 48.0000	160.0000	 12.3011	  0.0003	     nan
 64.0000	160.0000	 12.2934	 -0.0012	     nan
 80.0000	160.0000	 12.3031	 -0.0066	     nan
 96.0000	160.0000	 12.3602	 -0.0151	     nan
112.0000	160.0000	 12.3939	 -0.0209	     nan
128.0000	160.0000	 12.4003	 -0.0170	     nan
144.0000	160.0000	 12.4263	 -0.0115	     nan
160.0000	160.0000	 12.4543	 -0.0110	     nan
176.0000	160.0000	 12.4460	 -0.0124	     nan
192.0000	160.0000	 12.4154	 -0.0124	     nan
208.0000	160.0000	 12.3701	 -0.0090	     nan
224.0000	160.0000	 12.3301	 -0.0034	     nan
240.0000	160.0000	 12.3212	  0.0005	     nan
256.0000	160.0000	 12.3354	 -0.0017	     nan
272.0000	160.0000	 12.3489	 -0.0069	     nan
288.0000	160.0000	 12.3500	 -0.0089	     nan
304.0000	160.0000	 12.3470	 -0.0088	     nan
320.0000	160.0000	 12.3397	 -0.0078	     nan
336.0000	160.0000	 12.3423	 -0.0052	     nan
352.0000	160.0000	 12.3489	 -0.0035	     nan
368.0000	160.0000	 12.3398	 -0.0047	     nan
384.0000	160.0000	 12.3504	 -0.0071	     nan
400.0000	160.0000	 12.3905	 -0.0090	     nan
416.0000	160.0000	 12.3782	 -0.0043	     nan
432.0000	160.0000	 12.2824	  0.0012	     nan
448.0000	160.0000	 12.1606	 -0.0008	     nan
464.0000	160.0000	 12.1300	 -0.0049	     nan
480.0000	160.0000	 12.3419	 -0.0005	     nan
496.0000	160.0000	 12.3955	 -0.0060	     nan
 16.0000	144.0000	 11.2652	 -0.0068	     nan
 32.0000	144.0000	 11.2630	 -0.0043	     nan
 48.0000	144.0000	 11.2303	  0.0019	     nan
 64.0000	144.0000	 11.2054	  0.0001	     nan
 80.0000	144.0000	 11.1772	 -0.0100	     nan
 96.0000	144.0000	 11.2295	 -0.0243	     nan
112.0000	144.0000	 11.2870	 -0.0320	     nan
128.0000	144.0000	 11.2982	 -0.0301	     nan
144.0000	144.0000	 11.3115	 -0.0278	     nan
160.0000	144.0000	 11.3160	 -0.0261	     nan
176.0000	144.0000	 11.3052	 -0.0238	     nan
192.0000	144.0000	 11.2771	 -0.0183	     nan
208.0000	144.0000	 11.2447	 -0.0107	     nan
224.0000	144.0000	 11.2118	 -0.0054	     nan
240.0000	144.0000	 11.2064	 -0.0035	     nan
256.0000	144.0000	 11.1993	 -0.0074	     nan
272.0000	144.0000	 11.2052	 -0.0144	     nan
288.0000	144.0000	 11.2148	 -0.0181	     nan
304.0000	144.0000	 11.2342	 -0.0202	     nan
320.0000	144.0000	 11.2344	 -0.0180	     nan
336.0000	144.0000	 11.2406	 -0.0116	     nan
352.0000	144.0000	 11.2470	 -0.0063	     nan
368.0000	144.0000	 11.2318	 -0.0048	     nan
384.0000	144.0000	 11.2210	 -0.0035	     nan
400.0000	144.0000	 11.2163	 -0.0054	     nan
416.0000	144.0000	 11.1770	 -0.0007	     nan
432.0000	144.0000	 11.0487	  0.0090	     nan
448.0000	144.0000	 10.8954	  0.0071	     nan
464.0000	144.0000	 10.8261	  0.0119	     nan
480.0000	144.0000	 11.1325	  0.0059	     nan
496.0000	144.0000	 11.2657	 -0.0062	     nan
 16.0000	128.0000	  9.9854	 -0.0196	     nan
 32.0000	128.0000	  9.9837	 -0.0172	     nan
 48.0000	128.0000	 10.0031	 -0.0056	     nan
 64.0000	128.0000	 10.0088	 -0.0007	     nan
 80.0000	128.0000	  9.9507	 -0.0076	     nan
 96.0000	128.0000	  9.9681	 -0.0229	     nan
112.0000	128.0000	  9.9956	 -0.0334	     nan
128.0000	128.0000	 10.0136	 -0.0352	     nan
144.0000	128.0000	 10.0176	 -0.0371	     nan
160.0000	128.0000	 10.0188	 -0.0354	     nan
176.0000	128.0000	 10.0027	 -0.0310	     nan
192.0000	128.0000	  9.9709	 -0.0210	     nan
208.0000	128.0000	  9.9569	 -0.0093	     nan
224.0000	128.0000	  9.9363	 -0.0062	     nan
240.0000	128.0000	  9.9339	 -0.0087	     nan
256.0000	128.0000	  9.9137	 -0.0131	     nan
272.0000	128.0000	  9.9032	 -0.0184	     nan
288.0000	128.0000	  9.8986	 -0.0246	     nan
304.0000	128.0000	  9.9324	 -0.0244	     nan
320.0000	128.0000	  9.9417	 -0.0179	     nan
336.0000	128.0000	  9.9617	 -0.0107	     nan
352.0000	128.0000	  9.9874	 -0.0078	     nan
368.0000	128.0000	  9.9830	 -0.0074	     nan
384.0000	128.0000	  9.9651	 -0.0020	     nan
400.0000	128.0000	  9.9264	 -0.0002	     nan
416.0000	128.0000	  9.8429	  0.0042	     nan
432.0000	128.0000	  9.6642	  0.0172	     nan
448.0000	128.0000	  9.4993	  0.0288	     nan
464.0000	128.0000	  9.4396	  0.0369	     nan
480.0000	128.0000	  9.7687	  0.0234	     nan
496.0000	128.0000	  9.9154	  0.0082	     nan
 16.0000	112.0000	  8.4767	 -0.0213	     nan
 32.0000	112.0000	  8.4891	 -0.0241	     nan
 48.0000	112.0000	  8.5665	 -0.0188	     nan
 64.0000	112.0000	  8.6581	 -0.0029	     nan
 80.0000	112.0000	  8.6191	  0.0033	     nan
 96.0000	112.0000	  8.5513	 -0.0081	     nan
112.0000	112.0000	  8.5008	 -0.0205	     nan
128.0000	112.0000	  8.4967	 -0.0260	     nan
144.0000	112.0000	  8.5323	 -0.0268	     nan
160.0000	112.0000	  8.5758	 -0.0248	     nan
176.0000	112.0000	  8.5488	 -0.0200	     nan
192.0000	112.0000	  8.4680	 -0.0127	     nan
208.0000	112.0000	  8.4331	 -0.0017	     nan
224.0000	112.0000	  8.4355	 -0.0017	     nan
240.0000	112.0000	  8.4429	 -0.0075	     nan
256.0000	112.0000	  8.4313	 -0.0114	     nan
272.0000	112.0000	  8.4204	 -0.0114	     nan
288.0000	112.0000	  8.4164	 -0.0144	     nan
304.0000	112.0000	  8.4263	 -0.0125	     nan
320.0000	112.0000	  8.4174	 -0.0043	     nan
336.0000	112.0000	  8.4325	  0.0050	     nan
352.0000	112.0000	  8.4941	 -0.0023	     nan
368.0000	112.0000	  8.4936	 -0.0115	     nan
384.0000	112.0000	  8.4718	 -0.0006	     nan
400.0000	112.0000	  8.4375	  0.0089	     nan
416.0000	112.0000	  8.3658	  0.0154	     nan
432.0000	112.0000	  8.1720	  0.0285	     nan
448.0000	112.0000	  8.0308	  0.0600	     nan
464.0000	112.0000	  8.0557	  0.0635	     nan
480.0000	112.0000	  8.3254	  0.0416	     nan
496.0000	112.0000	  8.4066	  0.0125	     nan
 16.0000	 96.0000	  6.6763	  0.0008	     nan
 32.0000	 96.0000	  6.7256	 -0.0066	     nan
 48.0000	 96.0000	  6.8280	 -0.0088	     nan
 64.0000	 96.0000	  6.9537	  0.0122	     nan
 80.0000	 96.0000	  6.9279	  0.0193	     nan
 96.0000	 96.0000	  6.7944	  0.0044	     nan
112.0000	 96.0000	  6.7070	 -0.0033	     nan
128.0000	 96.0000	  6.6737	 -0.0022	     nan
144.0000	 96.0000	  6.7356	  0.0032	     nan
160.0000	 96.0000	  6.8079	  0.0107	     nan
176.0000	 96.0000	  6.7806	  0.0093	     nan
192.0000	 96.0000	  6.6725	  0.0036	     nan
208.0000	 96.0000	  6.6412	  0.0088	     nan
224.0000	 96.0000	  6.6778	  0.0097	     nan
240.0000	 96.0000	  6.6970	  0.0064	     nan
256.0000	 96.0000	  6.6695	  0.0050	     nan
272.0000	 96.0000	  6.6586	  0.0074	     nan
288.0000	 96.0000	  6.6911	  0.0080	     nan
304.0000	 96.0000	  6.6784	  0.0088	     nan
320.0000	 96.0000	  6.6528	  0.0177	     nan
336.0000	 96.0000	  6.6546	  0.0401	     nan
352.0000	 96.0000	  6.7364	  0.0316	     nan
368.0000	 96.0000	  6.7339	  0.0156	     nan
384.0000	 96.0000	  6.7100	  0.0168	     nan
400.0000	 96.0000	  6.6950	  0.0216	     nan
416.0000	 96.0000	  6.6697	  0.0259	     nan
432.0000	 96.0000	  6.5682	  0.0285	     nan
448.0000	 96.0000	  6.4855	  0.0380	     nan
464.0000	 96.0000	  6.5423	  0.0258	     nan
480.0000	 96.0000	  6.7043	  0.0354	     nan
496.0000	 96.0000	  6.7200	  0.0124	     nan
 16.0000	 80.0000	  4.7389	  0.0447	     nan
 32.0000	 80.0000	  4.7664	  0.0368	     nan
 48.0000	 80.0000	  4.7817	  0.0241	     nan
 64.0000	 80.0000	  4.6969	  0.0339	     nan
 80.0000	 80.0000	  4.6065	  0.0230	     nan
 96.0000	 80.0000	  4.5739	 -0.0090	     nan
112.0000	 80.0000	  4.6243	 -0.0034	     nan
128.0000	 80.0000	  4.5944	  0.0114	     nan
144.0000	 80.0000	  4.6339	  0.0192	     nan
160.0000	 80.0000	  4.6134	  0.0194	     nan
176.0000	 80.0000	  4.6241	  0.0177	     nan
192.0000	 80.0000	  4.6557	  0.0084	     nan
208.0000	 80.0000	  4.7184	  0.0118	     nan
224.0000	 80.0000	  4.7096	  0.0166	     nan
240.0000	 80.0000	  4.6778	  0.0179	     nan
256.0000	 80.0000	  4.6259	  0.0204	     nan
272.0000	 80.0000	  4.5556	  0.0176	     nan
288.0000	 80.0000	  4.5547	  0.0117	     nan
304.0000	 80.0000	  4.6543	  0.0182	     nan
320.0000	 80.0000	  4.7159	  0.0350	     nan
336.0000	 80.0000	  4.6661	  0.0797	     nan
352.0000	 80.0000	  4.6839	  0.0722	     nan
368.0000	 80.0000	  4.6188	  0.0574	     nan
384.0000	 80.0000	  4.6496	  0.0398	     nan
400.0000	 80.0000	  4.7071	  0.0366	     nan
416.0000	 80.0000	  4.7017	  0.0483	     nan
432.0000	 80.0000	  4.6998	  0.0389	     nan
448.0000	 80.0000	  4.6855	  0.0227	     nan
464.0000	 80.0000	  4.7318	  0.0151	     nan
480.0000	 80.0000	  4.7980	  0.0256	     nan
496.0000	 80.0000	  4.7772	  0.0145	     nan
 16.0000	 64.0000	  2.7726	  0.0459	     nan
 32.0000	 64.0000	  2.7701	  0.0410	     nan
 48.0000	 64.0000	  2.6981	  0.0284	     nan
 64.0000	 64.0000	  2.5373	  0.0293	     nan
 80.0000	 64.0000	  2.3605	  0.0081	     nan
 96.0000	 64.0000	  2.3631	 -0.0171	     nan
112.0000	 64.0000	  2.4867	 -0.0001	     nan
128.0000	 64.0000	  2.5205	  0.0084	     nan
144.0000	 64.0000	  2.5188	  0.0064	     nan
160.0000	 64.0000	  2.4423	 -0.0061	     nan
176.0000	 64.0000	  2.4326	  0.0062	     nan
192.0000	 64.0000	  2.4638	  0.0150	     nan
208.0000	 64.0000	  2.5682	  0.0180	     nan
224.0000	 64.0000	  2.5736	  0.0227	     nan
240.0000	 64.0000	  2.4970	  0.0234	     nan
256.0000	 64.0000	  2.4454	  0.0203	     nan
272.0000	 64.0000	  2.3634	  0.0140	     nan
288.0000	 64.0000	  2.3750	  0.0121	     nan
304.0000	 64.0000	  2.5092	  0.0230	     nan
320.0000	 64.0000	  2.5554	  0.0367	     nan
336.0000	 64.0000	  2.4834	  0.0595	     nan
352.0000	 64.0000	  2.4489	  0.0356	     nan
368.0000	 64.0000	  2.3814	  0.0506	     nan
384.0000	 64.0000	  2.5168	  0.0329	     nan
400.0000	 64.0000	  2.6426	  0.0383	     nan
416.0000	 64.0000	  2.6658	  0.0630	     nan
432.0000	 64.0000	  2.7102	  0.0417	     nan
448.0000	 64.0000	  2.7298	  0.0111	     nan
464.0000	 64.0000	  2.7837	  0.0010	     nan
480.0000	 64.0000	  2.7871	  0.0057	     nan
496.0000	 64.0000	  2.7031	  0.0076	     nan
 16.0000	 48.0000	  1.2520	  0.0213	     nan
 32.0000	 48.0000	  1.1372	  0.0189	     nan
 48.0000	 48.0000	  0.9186	  0.0217	     nan
 64.0000	 48.0000	  0.7154	  0.0225	     nan
 80.0000	 48.0000	  0.5873	 -0.0029	     nan
 96.0000	 48.0000	  0.6366	 -0.0185	     nan
112.0000	 48.0000	  0.7364	  0.0039	     nan
128.0000	 48.0000	  0.8157	  0.0057	     nan
144.0000	 48.0000	  0.8152	 -0.0038	     nan
160.0000	 48.0000	  0.6666	 -0.0082	     nan
176.0000	 48.0000	  0.5543	  0.0067	     nan
192.0000	 48.0000	  0.6024	  0.0201	     nan
208.0000	 48.0000	  0.7169	  0.0199	     nan
224.0000	 48.0000	  0.7768	  0.0237	     nan
240.0000	 48.0000	  0.6962	  0.0227	     nan
256.0000	 48.0000	  0.6201	  0.0138	     nan
272.0000	 48.0000	  0.5240	  0.0060	     nan
288.0000	 48.0000	  0.5841	  0.0148	     nan
304.0000	 48.0000	  0.7342	  0.0347	     nan
320.0000	 48.0000	  0.8048	  0.0413	     nan
336.0000	 48.0000	  0.8140	  0.0460	     nan
352.0000	 48.0000	  0.7676	  0.0215	     nan
368.0000	 48.0000	  0.7046	  0.0221	     nan
384.0000	 48.0000	  0.7957	  0.0166	     nan
400.0000	 48.0000	  0.8996	  0.0328	     nan
416.0000	 48.0000	  0.9674	  0.0450	     nan
432.0000	 48.0000	  1.0437	  0.0199	     nan
448.0000	 48.0000	  1.1546	  0.0009	     nan
464.0000	 48.0000	  1.2208	 -0.0018	     nan
480.0000	 48.0000	  1.1510	 -0.0025	     nan
496.0000	 48.0000	  0.9645	  0.0057	     nan
 16.0000	 32.0000	  0.4767	  0.0129	     nan
 32.0000	 32.0000	  0.3041	 -0.0002	     nan
 48.0000	 32.0000	  0.1635	 -0.0144	     nan
 64.0000	 32.0000	  0.0345	 -0.0077	     nan
 80.0000	 32.0000	 -0.0279	 -0.0064	     nan
 96.0000	 32.0000	  0.0363	 -0.0023	     nan
112.0000	 32.0000	  0.0352	  0.0094	     nan
128.0000	 32.0000	  0.0615	  0.0035	     nan
144.0000	 32.0000	  0.0940	 -0.0023	     nan
160.0000	 32.0000	  0.0528	  0.0071	     nan
176.0000	 32.0000	 -0.0292	  0.0205	     nan
192.0000	 32.0000	 -0.0719	  0.0248	     nan
208.0000	 32.0000	 -0.0170	  0.0118	     nan
224.0000	 32.0000	  0.0075	  0.0084	     nan
240.0000	 32.0000	 -0.0495	  0.0056	     nan
256.0000	 32.0000	 -0.0654	  0.0085	     nan
272.0000	 32.0000	 -0.0837	  0.0130	     nan
288.0000	 32.0000	  0.0232	  0.0189	     nan
304.0000	 32.0000	  0.1818	  0.0262	     nan
320.0000	 32.0000	  0.2117	  0.0146	     nan
336.0000	 32.0000	  0.2260	  0.0377	     nan
352.0000	 32.0000	  0.1913	  0.0156	     nan
368.0000	 32.0000	  0.1238	  0.0070	     nan
384.0000	 32.0000	  0.0465	  0.0032	     nan
400.0000	 32.0000	  0.0499	  0.0123	     nan
416.0000	 32.0000	  0.1193	  0.0273	     nan
432.0000	 32.0000	  0.1557	  0.0058	     nan
448.0000	 32.0000	  0.2523	 -0.0110	     nan
464.0000	 32.0000	  0.2540	 -0.0038	     nan
480.0000	 32.0000	  0.1768	 -0.0028	     nan
496.0000	 32.0000	  0.0685	 -0.0032	     nan
 16.0000	 16.0000	  0.2631	  0.0243	     nan
 32.0000	 16.0000	  0.0548	  0.0056	     nan
 48.0000	 16.0000	 -0.0652	 -0.0057	     nan
 64.0000	 16.0000	 -0.1472	 -0.0143	     nan
 80.0000	 16.0000	 -0.1839	 -0.0143	     nan
 96.0000	 16.0000	 -0.1189	  0.0013	     nan
112.0000	 16.0000	 -0.1136	  0.0094	     nan
128.0000	 16.0000	 -0.1088	  0.0026	     nan
144.0000	 16.0000	 -0.0832	 -0.0017	     nan
160.0000	 16.0000	 -0.1090	  0.0007	     nan
176.0000	 16.0000	 -0.1540	  0.0095	     nan
192.0000	 16.0000	 -0.2090	  0.0124	     nan
208.0000	 16.0000	 -0.1748	  0.0034	     nan
224.0000	 16.0000	 -0.1723	  0.0010	     nan
240.0000	 16.0000	 -0.2329	  0.0007	     nan
256.0000	 16.0000	 -0.2597	  0.0031	     nan
272.0000	 16.0000	 -0.2697	  0.0066	     nan
288.0000	 16.0000	 -0.1682	  0.0089	     nan
304.0000	 16.0000	 -0.0529	  0.0089	     nan
320.0000	 16.0000	 -0.0281	  0.0027	     nan
336.0000	 16.0000	 -0.0387	  0.0070	     nan
352.0000	 16.0000	 -0.0633	  0.0080	     nan
368.0000	 16.0000	 -0.0879	  0.0092	     nan
384.0000	 16.0000	 -0.1524	  0.0011	     nan
400.0000	 16.0000	 -0.1663	  0.0078	     nan
416.0000	 16.0000	 -0.0895	  0.0224	     nan
432.0000	 16.0000	 -0.0600	  0.0013	     nan
448.0000	 16.0000	  0.0236	 -0.0068	     nan
464.0000	 16.0000	  0.0042	 -0.0011	     nan
480.0000	 16.0000	 -0.0602	 -0.0016	     nan
496.0000	 16.0000	 -0.1032	 -0.0048	     nan
