 16.0000	496.0000	  0.0249	  0.0170	     nan
 32.0000	496.0000	  0.0155	  0.0029	     nan
 48.0000	496.0000	 -0.0141	 -0.0125	     nan
 64.0000	496.0000	 -0.0059	 -0.0204	     nan
 80.0000	496.0000	 -0.0377	 -0.0237	     nan
 96.0000	496.0000	 -0.1163	 -0.0172	     nan
112.0000	496.0000	 -0.1298	 -0.0099	     nan
128.0000	496.0000	 -0.1055	 -0.0120	     nan
144.0000	496.0000	 -0.2178	 -0.0057	     nan
160.0000	496.0000	 -0.1724	 -0.0200	     nan
176.0000	496.0000	  0.0479	 -0.0262	     nan
192.0000	496.0000	  0.0060	 -0.0114	     nan
208.0000	496.0000	 -0.0280	  0.0186	     nan
224.0000	496.0000	 -0.0935	  0.0036	     nan
240.0000	496.0000	 -0.0724	 -0.0086	     nan
256.0000	496.0000	  0.0549	 -0.0216	     nan
272.0000	496.0000	 -0.0657	 -0.0316	     nan
288.0000	496.0000	 -0.0698	 -0.0478	     nan
304.0000	496.0000	  0.0058	 -0.0992	     nan
320.0000	496.0000	 -0.0671	 -0.0361	     nan
336.0000	496.0000	 -0.1482	 -0.0005	     nan
352.0000	496.0000	 -0.1911	  0.0237	     nan
368.0000	496.0000	 -0.1882	  0.0129	     nan
384.0000	496.0000	 -0.1673	  0.0041	     nan
400.0000	496.0000	 -0.1038	 -0.0032	     nan
416.0000	496.0000	 -0.1069	 -0.0083	     nan
432.0000	496.0000	 -0.1560	 -0.0202	     nan
448.0000	496.0000	 -0.1854	 -0.0253	     nan
464.0000	496.0000	 -0.1641	  0.0070	     nan
480.0000	496.0000	 -0.0998	  0.0205	     nan
496.0000	496.0000	 -0.1252	  0.0067	     nan
 16.0000	480.0000	  0.2469	  0.0081	     nan
 32.0000	480.0000	  0.3082	 -0.0011	     nan
 48.0000	480.0000	  0.2686	 -0.0108	     nan
 64.0000	480.0000	  0.2793	 -0.0259	     nan
 80.0000	480.0000	  0.2177	 -0.0261	     nan
 96.0000	480.0000	  0.1126	 -0.0056	     nan
112.0000	480.0000	  0.1324	 -0.0012	     nan
128.0000	480.0000	  0.2391	 -0.0243	     nan
144.0000	480.0000	  0.0833	 -0.0097	     nan
160.0000	480.0000	  0.0715	 -0.0171	     nan
176.0000	480.0000	  0.2714	 -0.0304	     nan
192.0000	480.0000	  0.2491	 -0.0182	     nan
208.0000	480.0000	  0.2199	  0.0083	     nan
224.0000	480.0000	  0.1036	 -0.0113	     nan
240.0000	480.0000	  0.1068	 -0.0216	     nan
256.0000	480.0000	  0.3313	 -0.0321	     nan
272.0000	480.0000	  0.5445	 -0.0376	     nan
288.0000	480.0000	  0.4511	 -0.0354	     nan
304.0000	480.0000	  0.4910	 -0.0651	     nan
320.0000	480.0000	  0.2541	 -0.0480	     nan
336.0000	480.0000	  0.1324	 -0.0204	     nan
352.0000	480.0000	  0.0937	  0.0084	     nan
368.0000	480.0000	  0.0653	  0.0199	     nan
384.0000	480.0000	  0.0459	 -0.0018	     nan
400.0000	480.0000	  0.0725	 -0.0232	     nan
416.0000	480.0000	  0.0338	 -0.0183	     nan
432.0000	480.0000	 -0.0328	 -0.0407	     nan
448.0000	480.0000	 -0.1311	 -0.0367	     nan
464.0000	480.0000	 -0.1706	  0.0023	     nan
480.0000	480.0000	 -0.1019	  0.0239	     nan
496.0000	480.0000	 -0.0153	  0.0142	     nan
 16.0000	464.0000	  0.9636	  0.0080	     nan
 32.0000	464.0000	  1.0149	 -0.0048	     nan
 48.0000	464.0000	  0.9003	 -0.0074	     nan
 64.0000	464.0000	  0.8490	 -0.0166	     nan
 80.0000	464.0000	  0.7735	 -0.0132	     nan
 96.0000	464.0000	  0.6073	  0.0108	     nan
112.0000	464.0000	  0.5275	  0.0087	     nan
128.0000	464.0000	  0.6949	 -0.0102	     nan
144.0000	464.0000	  0.8955	  0.0025	     nan
160.0000	464.0000	  0.8543	  0.0092	     nan
176.0000	464.0000	  1.0924	 -0.0132	     nan
192.0000	464.0000	  1.1875	 -0.0272	     nan
208.0000	464.0000	  1.1289	 -0.0341	     nan
224.0000	464.0000	  0.9084	 -0.0424	     nan
240.0000	464.0000	  0.7306	 -0.0365	     nan
256.0000	464.0000	  0.7883	 -0.0246	     nan
272.0000	464.0000	  0.9893	 -0.0236	     nan
288.0000	464.0000	  1.0943	 -0.0191	     nan
304.0000	464.0000	  1.0665	 -0.0327	     nan
320.0000	464.0000	  0.8001	 -0.0628	     nan
336.0000	464.0000	  0.7567	 -0.0531	     nan
352.0000	464.0000	  0.7836	 -0.0355	     nan
368.0000	464.0000	  0.6879	 -0.0171	     nan
384.0000	464.0000	  0.6500	 -0.0241	     nan
400.0000	464.0000	  0.6264	 -0.0388	     nan
416.0000	464.0000	  0.6194	 -0.0216	     nan
432.0000	464.0000	  0.5909	 -0.0194	     nan
448.0000	464.0000	  0.3499	 -0.0257	     nan
464.0000	464.0000	  0.1345	  0.0052	     nan
480.0000	464.0000	  0.1878	  0.0332	     nan
496.0000	464.0000	  0.4086	  0.0309	     nan
 16.0000	448.0000	  2.5528	 -0.0216	     nan
 32.0000	448.0000	  2.5893	 -0.0292	     nan
 48.0000	448.0000	  2.5333	 -0.0079	     nan
 64.0000	448.0000	  2.4911	 -0.0040	     nan
 80.0000	448.0000	  2.4913	  0.0008	     nan
 96.0000	448.0000	  2.4403	  0.0141	     nan
112.0000	448.0000	  2.3491	  0.0076	     nan
128.0000	448.0000	  2.3931	 -0.0013	     nan
144.0000	448.0000	  2.5562	  0.0022	     nan
160.0000	448.0000	  2.5781	  0.0033	     nan
176.0000	448.0000	  2.7693	  0.0091	     nan
192.0000	448.0000	  2.8348	  0.0044	     nan
208.0000	448.0000	  2.7942	  0.0002	     nan
224.0000	448.0000	  2.6539	 -0.0080	     nan
240.0000	448.0000	  2.5596	 -0.0142	     nan
256.0000	448.0000	  2.5305	 -0.0086	     nan
272.0000	448.0000	  2.5295	 -0.0125	     nan
288.0000	448.0000	  2.6168	 -0.0093	     nan
304.0000	448.0000	  2.5959	 -0.0134	     nan
320.0000	448.0000	  2.4243	 -0.0270	     nan
336.0000	448.0000	  2.4638	 -0.0385	     nan
352.0000	448.0000	  2.4960	 -0.0343	     nan
368.0000	448.0000	  2.4693	 -0.0230	     nan
384.0000	448.0000	  2.4164	 -0.0278	     nan
400.0000	448.0000	  2.3999	 -0.0464	     nan
416.0000	448.0000	  2.3753	 -0.0247	     nan
432.0000	448.0000	  2.3656	 -0.0197	     nan
448.0000	448.0000	  2.1978	 -0.0316	     nan
464.0000	448.0000	  2.0878	  0.0093	     nan
480.0000	448.0000	  2.1140	  0.0495	     nan
496.0000	448.0000	  2.3740	  0.0405	     nan
 16.0000	432.0000	  4.6663	 -0.0196	     nan
 32.0000	432.0000	  4.6324	 -0.0328	     nan
 48.0000	432.0000	  4.5720	 -0.0094	     nan
 64.0000	432.0000	  4.5795	 -0.0108	     nan
 80.0000	432.0000	  4.6688	 -0.0083	     nan
 96.0000	432.0000	  4.7242	 -0.0091	     nan
112.0000	432.0000	  4.7260	 -0.0183	     nan
128.0000	432.0000	  4.6489	 -0.0143	     nan
144.0000	432.0000	  4.5881	 -0.0113	     nan
160.0000	432.0000	  4.5940	 -0.0151	     nan
176.0000	432.0000	  4.7562	 -0.0075	     nan
192.0000	432.0000	  4.8139	 -0.0040	     nan
208.0000	432.0000	  4.8259	  0.0027	     nan
224.0000	432.0000	  4.7801	  0.0007	     nan
240.0000	432.0000	  4.8047	 -0.0062	     nan
256.0000	432.0000	  4.7942	 -0.0010	     nan
272.0000	432.0000	  4.7120	  0.0047	     nan
288.0000	432.0000	  4.7866	  0.0018	     nan
304.0000	432.0000	  4.8166	 -0.0076	     nan
320.0000	432.0000	  4.6187	 -0.0092	     nan
336.0000	432.0000	  4.5216	 -0.0302	     nan
352.0000	432.0000	  4.6167	 -0.0259	     nan
368.0000	432.0000	  4.7031	 -0.0186	     nan
384.0000	432.0000	  4.6182	 -0.0192	     nan
400.0000	432.0000	  4.5565	 -0.0151	     nan
416.0000	432.0000	  4.6022	 -0.0159	     nan
432.0000	432.0000	  4.7395	 -0.0323	     nan
448.0000	432.0000	  4.7281	 -0.0460	     nan
464.0000	432.0000	  4.6210	 -0.0183	     nan
480.0000	432.0000	  4.5531	  0.0219	     nan
496.0000	432.0000	  4.7644	  0.0408	     nan
 16.0000	416.0000	  6.5894	 -0.0089	     nan
 32.0000	416.0000	  6.5454	 -0.0086	     nan
 48.0000	416.0000	  6.5457	 -0.0009	     nan
 64.0000	416.0000	  6.6760	 -0.0031	     nan
 80.0000	416.0000	  6.8711	 -0.0039	     nan
 96.0000	416.0000	  6.9954	 -0.0079	     nan
112.0000	416.0000	  7.0002	 -0.0086	     nan
128.0000	416.0000	  6.8983	 -0.0009	     nan
144.0000	416.0000	  6.7274	 -0.0088	     nan
160.0000	416.0000	  6.6358	 -0.0191	     nan
176.0000	416.0000	  6.6830	 -0.0200	     nan
192.0000	416.0000	  6.7351	 -0.0173	     nan
208.0000	416.0000	  6.7627	 -0.0089	     nan
224.0000	416.0000	  6.7742	 -0.0084	     nan
240.0000	416.0000	  6.8254	 -0.0179	     nan
256.0000	416.0000	  6.7898	 -0.0276	     nan
272.0000	416.0000	  6.8522	 -0.0466	     nan
288.0000	416.0000	  6.9281	 -0.0487	     nan
304.0000	416.0000	  6.9253	 -0.0234	     nan
320.0000	416.0000	  6.7336	 -0.0144	     nan
336.0000	416.0000	  6.5956	 -0.0250	     nan
352.0000	416.0000	  6.6762	 -0.0421	     nan
368.0000	416.0000	  6.7849	 -0.0383	     nan
384.0000	416.0000	  6.7715	 -0.0111	     nan
400.0000	416.0000	  6.7169	  0.0108	     nan
416.0000	416.0000	  6.7536	  0.0109	     nan
432.0000	416.0000	  6.9009	 -0.0143	     nan
448.0000	416.0000	  6.9486	 -0.0376	     nan
464.0000	416.0000	  6.8843	 -0.0365	     nan
480.0000	416.0000	  6.7893	 -0.0071	     nan
496.0000	416.0000	  6.9566	  0.0024	     nan
 16.0000	400.0000	  8.3557	  0.0040	     nan
 32.0000	400.0000	  8.3580	  0.0059	     nan
 48.0000	400.0000	  8.3698	  0.0094	     nan
 64.0000	400.0000	  8.4482	  0.0079	     nan
 80.0000	400.0000	  8.5754	  0.0026	     nan
 96.0000	400.0000	  8.6272	 -0.0068	     nan
112.0000	400.0000	  8.6124	  0.0006	     nan
128.0000	400.0000	  8.5909	  0.0144	     nan
144.0000	400.0000	  8.4843	  0.0044	     nan
160.0000	400.0000	  8.4146	 -0.0082	     nan
176.0000	400.0000	  8.4110	 -0.0051	     nan
192.0000	400.0000	  8.4448	  0.0037	     nan
208.0000	400.0000	  8.4643	  0.0059	     nan
224.0000	400.0000	  8.4856	  0.0032	     nan
240.0000	400.0000	  8.5364	 -0.0026	     nan
256.0000	400.0000	  8.4948	 -0.0092	     nan
272.0000	400.0000	  8.5409	 -0.0218	     nan
288.0000	400.0000	  8.5761	 -0.0331	     nan
304.0000	400.0000	  8.5781	 -0.0179	     nan
320.0000	400.0000	  8.5079	 -0.0069	     nan
336.0000	400.0000	  8.4096	 -0.0069	     nan
352.0000	400.0000	  8.4228	 -0.0161	     nan
368.0000	400.0000	  8.4776	 -0.0156	     nan
384.0000	400.0000	  8.4703	 -0.0025	     nan
400.0000	400.0000	  8.3905	  0.0124	     nan
416.0000	400.0000	  8.4025	  0.0189	     nan
432.0000	400.0000	  8.5449	  0.0034	     nan
448.0000	400.0000	  8.6547	 -0.0154	     nan
464.0000	400.0000	  8.5586	 -0.0161	     nan
480.0000	400.0000	  8.4213	  0.0012	     nan
496.0000	400.0000	  8.5432	  0.0029	     nan
 16.0000	384.0000	  9.9584	  0.0223	     nan
 32.0000	384.0000	  9.9793	  0.0180	     nan
 48.0000	384.0000	  9.9617	  0.0183	     nan
 64.0000	384.0000	  9.9507	  0.0141	     nan
 80.0000	384.0000	  9.9709	  0.0093	     nan
 96.0000	384.0000	  9.9527	  0.0141	     nan
112.0000	384.0000	  9.9425	  0.0294	     nan
128.0000	384.0000	  9.9652	  0.0324	     nan
144.0000	384.0000	  9.9822	  0.0150	     nan
160.0000	384.0000	  9.9533	 -0.0069	     nan
176.0000	384.0000	  9.9395	  0.0007	     nan
192.0000	384.0000	  9.9633	  0.0172	     nan
208.0000	384.0000	  9.9689	  0.0158	     nan
224.0000	384.0000	  9.9800	  0.0105	     nan
240.0000	384.0000	 10.0123	  0.0067	     nan
256.0000	384.0000	  9.9988	  0.0022	     nan
272.0000	384.0000	 10.0296	 -0.0090	     nan
288.0000	384.0000	 10.0492	 -0.0388	     nan
304.0000	384.0000	 10.0220	 -0.0378	     nan
320.0000	384.0000	 10.0171	 -0.0132	     nan
336.0000	384.0000	  9.9468	 -0.0005	     nan
352.0000	384.0000	  9.9169	 -0.0010	     nan
368.0000	384.0000	  9.9064	  0.0008	     nan
384.0000	384.0000	  9.8513	  0.0076	     nan
400.0000	384.0000	  9.7691	  0.0122	     nan
416.0000	384.0000	  9.8177	  0.0210	     nan
432.0000	384.0000	  9.9410	  0.0183	     nan
448.0000	384.0000	 10.0188	  0.0098	     nan
464.0000	384.0000	  9.9124	  0.0050	     nan
480.0000	384.0000	  9.7872	  0.0083	     nan
496.0000	384.0000	  9.8646	  0.0062	     nan
 16.0000	368.0000	 11.2740	  0.0315	     nan
 32.0000	368.0000	 11.2808	  0.0179	     nan
 48.0000	368.0000	 11.2800	  0.0102	     nan
 64.0000	368.0000	 11.2555	  0.0055	     nan
 80.0000	368.0000	 11.2330	  0.0034	     nan
 96.0000	368.0000	 11.2196	  0.0111	     nan
112.0000	368.0000	 11.2319	  0.0279	     nan
128.0000	368.0000	 11.3021	  0.0303	     nan
144.0000	368.0000	 11.3672	  0.0119	     nan
160.0000	368.0000	 11.3298	 -0.0071	     nan
176.0000	368.0000	 11.2961	 -0.0023	     nan
192.0000	368.0000	 11.2796	  0.0089	     nan
208.0000	368.0000	 11.2522	  0.0065	     nan
224.0000	368.0000	 11.2551	  0.0030	     nan
240.0000	368.0000	 11.2600	  0.0045	     nan
256.0000	368.0000	 11.2541	  0.0037	     nan
272.0000	368.0000	 11.3128	 -0.0086	     nan
288.0000	368.0000	 11.3649	 -0.0409	     nan
304.0000	368.0000	 11.3616	 -0.0422	     nan
320.0000	368.0000	 11.3270	 -0.0122	     nan
336.0000	368.0000	 11.2542	  0.0046	     nan
352.0000	368.0000	 11.2140	  0.0058	     nan
368.0000	368.0000	 11.1909	  0.0073	     nan
384.0000	368.0000	 11.1420	  0.0093	     nan
400.0000	368.0000	 11.0775	  0.0069	     nan
416.0000	368.0000	 11.1033	  0.0167	     nan
432.0000	368.0000	 11.1792	  0.0217	     nan
448.0000	368.0000	 11.2359	  0.0197	     nan
464.0000	368.0000	 11.1964	  0.0142	     nan
480.0000	368.0000	 11.1081	  0.0088	     nan
496.0000	368.0000	 11.1496	  0.0070	     nan
 16.0000	352.0000	 12.3621	  0.0190	     nan
 32.0000	352.0000	 12.3595	  0.0080	     nan
 48.0000	352.0000	 12.3675	 -0.0011	     nan
 64.0000	352.0000	 12.3543	 -0.0016	     nan
 80.0000	352.0000	 12.3490	  0.0028	     nan
 96.0000	352.0000	 12.3773	  0.0117	     nan
112.0000	352.0000	 12.4148	  0.0239	     nan
128.0000	352.0000	 12.4875	  0.0210	     nan
144.0000	352.0000	 12.5333	  0.0046	     nan
160.0000	352.0000	 12.4891	  0.0013	     nan
176.0000	352.0000	 12.4496	  0.0042	     nan
192.0000	352.0000	 12.4013	 -0.0004	     nan
208.0000	352.0000	 12.3420	 -0.0076	     nan
224.0000	352.0000	 12.3164	 -0.0097	     nan
240.0000	352.0000	 12.3151	 -0.0029	     nan
256.0000	352.0000	 12.3369	  0.0020	     nan
272.0000	352.0000	 12.4195	 -0.0048	     nan
288.0000	352.0000	 12.4996	 -0.0227	     nan
304.0000	352.0000	 12.5121	 -0.0257	     nan
320.0000	352.0000	 12.4357	 -0.0057	     nan
336.0000	352.0000	 12.3669	  0.0068	     nan
352.0000	352.0000	 12.3422	  0.0071	     nan
368.0000	352.0000	 12.3400	  0.0066	     nan
384.0000	352.0000	 12.3334	  0.0040	     nan
400.0000	352.0000	 12.2893	  0.0007	     nan
416.0000	352.0000	 12.2784	  0.0080	     nan
432.0000	352.0000	 12.3031	  0.0151	     nan
448.0000	352.0000	 12.3407	  0.0165	     nan
464.0000	352.0000	 12.3561	  0.0141	     nan
480.0000	352.0000	 12.3271	  0.0069	     nan
496.0000	352.0000	 12.3769	  0.0054	     nan
 16.0000	336.0000	 13.3017	  0.0040	     nan
 32.0000	336.0000	 13.3049	  0.0008	     nan
 48.0000	336.0000	 13.3087	 -0.0034	     nan
 64.0000	336.0000	 13.3015	  0.0004	     nan
 80.0000	336.0000	 13.3079	  0.0055	     nan
 96.0000	336.0000	 13.3378	  0.0075	     nan
112.0000	336.0000	 13.3585	  0.0086	     nan
128.0000	336.0000	 13.3684	  0.0048	     nan
144.0000	336.0000	 13.3700	  0.0005	     nan
160.0000	336.0000	 13.3277	  0.0081	     nan
176.0000	336.0000	 13.3121	  0.0111	     nan
192.0000	336.0000	 13.3078	  0.0025	     nan
208.0000	336.0000	 13.2783	 -0.0098	     nan
224.0000	336.0000	 13.2440	 -0.0154	     nan
240.0000	336.0000	 13.2266	 -0.0080	     nan
256.0000	336.0000	 13.2528	 -0.0010	     nan
272.0000	336.0000	 13.3011	 -0.0019	     nan
288.0000	336.0000	 13.3722	 -0.0078	     nan
304.0000	336.0000	 13.4044	 -0.0091	     nan
320.0000	336.0000	 13.3621	 -0.0028	     nan
336.0000	336.0000	 13.3227	  0.0020	     nan
352.0000	336.0000	 13.3148	  0.0032	     nan
368.0000	336.0000	 13.3268	  0.0034	     nan
384.0000	336.0000	 13.3306	  0.0013	     nan
400.0000	336.0000	 13.3095	 -0.0001	     nan
416.0000	336.0000	 13.3021	  0.0046	     nan
432.0000	336.0000	 13.3054	  0.0114	     nan
448.0000	336.0000	 13.3087	  0.0139	     nan
464.0000	336.0000	 13.3317	  0.0122	     nan
480.0000	336.0000	 13.3299	  0.0059	     nan
496.0000	336.0000	 13.3652	  0.0073	     nan
 16.0000	320.0000	 14.0713	 -0.0021	     nan
 32.0000	320.0000	 14.0866	 -0.0027	     nan
 48.0000	320.0000	 14.0953	 -0.0031	     nan
 64.0000	320.0000	 14.0855	  0.0026	     nan
 80.0000	320.0000	 14.0761	  0.0065	     nan
 96.0000	320.0000	 14.0839	  0.0038	     nan
112.0000	320.0000	 14.0637	  0.0003	     nan
128.0000	320.0000	 14.0214	 -0.0021	     nan
144.0000	320.0000	 14.0155	  0.0007	     nan
160.0000	320.0000	 13.9976	  0.0110	     nan
176.0000	320.0000	 13.9923	  0.0159	     nan
192.0000	320.0000	 14.0229	  0.0146	     nan
208.0000	320.0000	 14.0531	  0.0052	     nan
224.0000	320.0000	 14.0415	 -0.0106	     nan
240.0000	320.0000	 14.0063	 -0.0072	     nan
256.0000	320.0000	 14.0246	 -0.0034	     nan
272.0000	320.0000	 14.0200	 -0.0018	     nan
288.0000	320.0000	 14.0601	 -0.0028	     nan
304.0000	320.0000	 14.1040	 -0.0027	     nan
320.0000	320.0000	 14.1085	 -0.0030	     nan
336.0000	320.0000	 14.1025	 -0.0040	     nan
352.0000	320.0000	 14.0955	 -0.0026	     nan
368.0000	320.0000	 14.1074	 -0.0004	     nan
384.0000	320.0000	 14.1157	  0.0009	     nan
400.0000	320.0000	 14.1107	  0.0024	     nan
416.0000	320.0000	 14.1131	  0.0056	     nan
432.0000	320.0000	 14.1175	  0.0097	     nan
448.0000	320.0000	 14.1113	  0.0097	     nan
464.0000	320.0000	 14.1126	  0.0075	     nan
480.0000	320.0000	 14.1016	  0.0048	     nan
496.0000	320.0000	 14.0989	  0.0076	     nan
 16.0000	304.0000	 14.6695	 -0.0022	     nan
 32.0000	304.0000	 14.6888	 -0.0047	     nan
 48.0000	304.0000	 14.6968	 -0.0049	     nan
 64.0000	304.0000	 14.6884	  0.0005	     nan
 80.0000	304.0000	 14.6641	  0.0035	     nan
 96.0000	304.0000	 14.6553	  0.0014	     nan
112.0000	304.0000	 14.6431	 -0.0001	     nan
128.0000	304.0000	 14.6142	 -0.0017	     nan
144.0000	304.0000	 14.6329	  0.0022	     nan
160.0000	304.0000	 14.6201	  0.0126	     nan
176.0000	304.0000	 14.6285	  0.0140	     nan
192.0000	304.0000	 14.6523	  0.0147	     nan
208.0000	304.0000	 14.6739	  0.0161	     nan
224.0000	304.0000	 14.6631	  0.0056	     nan
240.0000	304.0000	 14.6403	 -0.0009	     nan
256.0000	304.0000	 14.6575	 -0.0032	     nan
272.0000	304.0000	 14.6385	 -0.0026	     nan
288.0000	304.0000	 14.6642	 -0.0014	     nan
304.0000	304.0000	 14.6793	  0.0005	     nan
320.0000	304.0000	 14.6828	 -0.0034	     nan
336.0000	304.0000	 14.6824	 -0.0082	     nan
352.0000	304.0000	 14.6694	 -0.0063	     nan
368.0000	304.0000	 14.6794	 -0.0028	     nan
384.0000	304.0000	 14.6999	  0.0009	     nan
400.0000	304.0000	 14.7128	  0.0038	     nan
416.0000	304.0000	 14.7200	  0.0051	     nan
432.0000	304.0000	 14.7208	  0.0062	     nan
448.0000	304.0000	 14.7187	  0.0048	     nan
464.0000	304.0000	 14.7165	  0.0024	     nan
480.0000	304.0000	 14.7077	  0.0010	     nan
496.0000	304.0000	 14.6978	  0.0032	     nan
 16.0000	288.0000	 15.1145	 -0.0017	     nan
 32.0000	288.0000	 15.1281	 -0.0040	     nan
 48.0000	288.0000	 15.1323	 -0.0043	     nan
 64.0000	288.0000	 15.1222	  0.0011	     nan
 80.0000	288.0000	 15.0940	  0.0053	     nan
 96.0000	288.0000	 15.0853	  0.0053	     nan
112.0000	288.0000	 15.1015	  0.0041	     nan
128.0000	288.0000	 15.1035	  0.0009	     nan
144.0000	288.0000	 15.1348	  0.0022	     nan
160.0000	288.0000	 15.1274	  0.0077	     nan
176.0000	288.0000	 15.1366	  0.0035	     nan
192.0000	288.0000	 15.1406	  0.0012	     nan
208.0000	288.0000	 15.1306	  0.0069	     nan
224.0000	288.0000	 15.1321	  0.0041	     nan
240.0000	288.0000	 15.1394	 -0.0038	     nan
256.0000	288.0000	 15.1452	 -0.0044	     nan
272.0000	288.0000	 15.1287	 -0.0036	     nan
288.0000	288.0000	 15.1291	  0.0012	     nan
304.0000	288.0000	 15.1092	  0.0083	     nan
320.0000	288.0000	 15.0995	  0.0034	     nan
336.0000	288.0000	 15.0991	 -0.0051	     nan
352.0000	288.0000	 15.0868	 -0.0052	     nan
368.0000	288.0000	 15.0979	 -0.0027	     nan
384.0000	288.0000	 15.1231	  0.0008	     nan
400.0000	288.0000	 15.1459	  0.0036	     nan
416.0000	288.0000	 15.1525	  0.0044	     nan
432.0000	288.0000	 15.1436	  0.0042	     nan
448.0000	288.0000	 15.1433	  0.0029	     nan
464.0000	288.0000	 15.1497	  0.0005	     nan
480.0000	288.0000	 15.1457	 -0.0003	     nan
496.0000	288.0000	 15.1322	  0.0033	     nan
 16.0000	272.0000	 15.3905	  0.0003	     nan
 32.0000	272.0000	 15.3992	  0.0010	     nan
 48.0000	272.0000	 15.4085	  0.0012	     nan
 64.0000	272.0000	 15.4077	  0.0054	     nan
 80.0000	272.0000	 15.3857	  0.0094	     nan
 96.0000	272.0000	 15.3834	  0.0087	     nan
112.0000	272.0000	 15.4042	  0.0050	     nan
128.0000	272.0000	 15.4105	  0.0013	     nan
144.0000	272.0000	 15.4212	  0.0003	     nan
160.0000	272.0000	 15.4138	  0.0018	     nan
176.0000	272.0000	 15.4237	 -0.0016	     nan
192.0000	272.0000	 15.4290	 -0.0021	     nan
208.0000	272.0000	 15.4129	  0.0031	     nan
224.0000	272.0000	 15.4269	  0.0017	     nan
240.0000	272.0000	 15.4412	 -0.0041	     nan
256.0000	272.0000	 15.4361	 -0.0044	     nan
272.0000	272.0000	 15.4200	 -0.0026	     nan
288.0000	272.0000	 15.4093	  0.0047	     nan
304.0000	272.0000	 15.3849	  0.0141	     nan
320.0000	272.0000	 15.3760	  0.0116	     nan
336.0000	272.0000	 15.3749	  0.0044	     nan
352.0000	272.0000	 15.3776	  0.0022	     nan
368.0000	272.0000	 15.3860	  0.0008	     nan
384.0000	272.0000	 15.4040	  0.0025	     nan
400.0000	272.0000	 15.4144	  0.0053	     nan
416.0000	272.0000	 15.4110	  0.0065	     nan
432.0000	272.0000	 15.3966	  0.0049	     nan
448.0000	272.0000	 15.3953	  0.0036	     nan
464.0000	272.0000	 15.4052	  0.0023	     nan
480.0000	272.0000	 15.4087	  0.0026	     nan
496.0000	272.0000	 15.4048	  0.0088	     nan
 16.0000	256.0000	 15.4802	  0.0024	     nan
 32.0000	256.0000	 15.4879	  0.0049	     nan
 48.0000	256.0000	 15.5095	  0.0058	     nan
 64.0000	256.0000	 15.5113	  0.0068	     nan
 80.0000	256.0000	 15.4921	  0.0067	     nan
 96.0000	256.0000	 15.4914	  0.0053	     nan
112.0000	256.0000	 15.5099	  0.0025	     nan
128.0000	256.0000	 15.5157	 -0.0003	     nan
144.0000	256.0000	 15.5117	 -0.0019	     nan
160.0000	256.0000	 15.4881	 -0.0018	     nan
176.0000	256.0000	 15.4898	 -0.0030	     nan
192.0000	256.0000	 15.5048	 -0.0009	     nan
208.0000	256.0000	 15.5030	  0.0030	     nan
224.0000	256.0000	 15.5142	  0.0025	     nan
240.0000	256.0000	 15.5182	 -0.0014	     nan
256.0000	256.0000	 15.5090	 -0.0021	     nan
272.0000	256.0000	 15.5003	 -0.0009	     nan
288.0000	256.0000	 15.4913	  0.0018	     nan
304.0000	256.0000	 15.4779	  0.0063	     nan
320.0000	256.0000	 15.4856	  0.0094	     nan
336.0000	256.0000	 15.4871	  0.0141	     nan
352.0000	256.0000	 15.4907	  0.0154	     nan
368.0000	256.0000	 15.4903	  0.0090	     nan
384.0000	256.0000	 15.4988	  0.0059	     nan
400.0000	256.0000	 15.4976	  0.0075	     nan
416.0000	256.0000	 15.4953	  0.0092	     nan
432.0000	256.0000	 15.4815	  0.0073	     nan
448.0000	256.0000	 15.4772	  0.0048	     nan
464.0000	256.0000	 15.4792	  0.0021	     nan
480.0000	256.0000	 15.5004	 -0.0072	     nan
496.0000	256.0000	 15.5353	 -0.0205	     nan
 16.0000	240.0000	 15.4229	  0.0029	     nan
 32.0000	240.0000	 15.4257	  0.0043	     nan
 48.0000	240.0000	 15.4327	  0.0054	     nan
 64.0000	240.0000	 15.4156	  0.0070	     nan
 80.0000	240.0000	 15.3881	  0.0068	     nan
 96.0000	240.0000	 15.3842	  0.0021	     nan
112.0000	240.0000	 15.3992	 -0.0006	     nan
128.0000	240.0000	 15.4137	 -0.0006	     nan
144.0000	240.0000	 15.4106	 -0.0010	     nan
160.0000	240.0000	 15.3862	 -0.0022	     nan
176.0000	240.0000	 15.3836	 -0.0029	     nan
192.0000	240.0000	 15.4010	 -0.0008	     nan
208.0000	240.0000	 15.4063	  0.0001	     nan
224.0000	240.0000	 15.4104	  0.0005	     nan
240.0000	240.0000	 15.4028	  0.0013	     nan
256.0000	240.0000	 15.3946	  0.0047	     nan
272.0000	240.0000	 15.3912	  0.0051	     nan
288.0000	240.0000	 15.3992	  0.0017	     nan
304.0000	240.0000	 15.4013	  0.0017	     nan
320.0000	240.0000	 15.4131	  0.0057	     nan
336.0000	240.0000	 15.4206	  0.0141	     nan
352.0000	240.0000	 15.4205	  0.0182	     nan
368.0000	240.0000	 15.4147	  0.0121	     nan
384.0000	240.0000	 15.4149	  0.0058	     nan
400.0000	240.0000	 15.4122	  0.0066	     nan
416.0000	240.0000	 15.4166	  0.0095	     nan
432.0000	240.0000	 15.4046	  0.0107	     nan
448.0000	240.0000	 15.3966	  0.0074	     nan
464.0000	240.0000	 15.3997	 -0.0014	     nan
480.0000	240.0000	 15.4558	 -0.0278	     nan
496.0000	240.0000	 15.5590	 -0.0704	     nan
 16.0000	224.0000	 15.1937	  0.0000	     nan
 32.0000	224.0000	 15.1834	  0.0005	     nan
 48.0000	224.0000	 15.1780	  0.0018	     nan
 64.0000	224.0000	 15.1575	  0.0059	     nan
 80.0000	224.0000	 15.1171	  0.0065	     nan
 96.0000	224.0000	 15.1222	 -0.0017	     nan
112.0000	224.0000	 15.1275	 -0.0037	     nan
128.0000	224.0000	 15.1402	 -0.0009	     nan
144.0000	224.0000	 15.1413	  0.0004	     nan
160.0000	224.0000	 15.1253	  0.0000	     nan
176.0000	224.0000	 15.1170	 -0.0015	     nan
192.0000	224.0000	 15.1241	 -0.0024	     nan
208.0000	224.0000	 15.1325	 -0.0061	     nan
224.0000	224.0000	 15.1314	 -0.0041	     nan
240.0000	224.0000	 15.1110	  0.0016	     nan
256.0000	224.0000	 15.1097	  0.0063	     nan
272.0000	224.0000	 15.1163	  0.0049	     nan
288.0000	224.0000	 15.1395	 -0.0005	     nan
304.0000	224.0000	 15.1522	 -0.0030	     nan
320.0000	224.0000	 15.1614	 -0.0019	     nan
336.0000	224.0000	 15.1648	  0.0020	     nan
352.0000	224.0000	 15.1660	  0.0043	     nan
368.0000	224.0000	 15.1682	  0.0024	     nan
384.0000	224.0000	 15.1639	  0.0013	     nan
400.0000	224.0000	 15.1576	  0.0054	     nan
416.0000	224.0000	 15.1539	  0.0097	     nan
432.0000	224.0000	 15.1419	  0.0111	     nan
448.0000	224.0000	 15.1375	  0.0082	     nan
464.0000	224.0000	 15.1594	 -0.0043	     nan
480.0000	224.0000	 15.2601	 -0.0455	     nan
496.0000	224.0000	 15.4637	 -0.1200	     nan
 16.0000	208.0000	 14.7715	 -0.0075	     nan
 32.0000	208.0000	 14.7556	 -0.0071	     nan
 48.0000	208.0000	 14.7540	 -0.0042	     nan
 64.0000	208.0000	 14.7424	  0.0024	     nan
 80.0000	208.0000	 14.7122	  0.0047	     nan
 96.0000	208.0000	 14.7116	 -0.0004	     nan
112.0000	208.0000	 14.7067	 -0.0016	     nan
128.0000	208.0000	 14.7097	  0.0007	     nan
144.0000	208.0000	 14.7110	  0.0021	     nan
160.0000	208.0000	 14.7000	  0.0022	     nan
176.0000	208.0000	 14.6934	  0.0013	     nan
192.0000	208.0000	 14.6835	 -0.0008	     nan
208.0000	208.0000	 14.6644	 -0.0076	     nan
224.0000	208.0000	 14.6671	 -0.0068	     nan
240.0000	208.0000	 14.6678	 -0.0021	     nan
256.0000	208.0000	 14.6767	  0.0006	     nan
272.0000	208.0000	 14.6938	  0.0005	     nan
288.0000	208.0000	 14.7151	 -0.0021	     nan
304.0000	208.0000	 14.7281	 -0.0047	     nan
320.0000	208.0000	 14.7292	 -0.0076	     nan
336.0000	208.0000	 14.7184	 -0.0088	     nan
352.0000	208.0000	 14.7142	 -0.0120	     nan
368.0000	208.0000	 14.7363	 -0.0123	     nan
384.0000	208.0000	 14.7449	 -0.0054	     nan
400.0000	208.0000	 14.7322	  0.0033	     nan
416.0000	208.0000	 14.7122	  0.0072	     nan
432.0000	208.0000	 14.6867	  0.0055	     nan
448.0000	208.0000	 14.6799	  0.0030	     nan
464.0000	208.0000	 14.7075	 -0.0049	     nan
480.0000	208.0000	 14.8308	 -0.0216	     nan
496.0000	208.0000	 15.0620	 -0.0584	     nan
 16.0000	192.0000	 14.1742	 -0.0095	     nan
 32.0000	192.0000	 14.1372	 -0.0105	     nan
 48.0000	192.0000	 14.1309	 -0.0075	     nan
 64.0000	192.0000	 14.1365	 -0.0002	     nan
 80.0000	192.0000	 14.1323	  0.0041	     nan
 96.0000	192.0000	 14.1252	  0.0049	     nan
112.0000	192.0000	 14.1044	  0.0053	     nan
128.0000	192.0000	 14.0952	  0.0034	     nan
144.0000	192.0000	 14.1090	  0.0016	     nan
160.0000	192.0000	 14.1171	  0.0013	     nan
176.0000	192.0000	 14.1199	  0.0016	     nan
192.0000	192.0000	 14.0988	  0.0014	     nan
208.0000	192.0000	 14.0572	 -0.0018	     nan
224.0000	192.0000	 14.0550	 -0.0043	     nan
240.0000	192.0000	 14.0757	 -0.0057	     nan
256.0000	192.0000	 14.0958	 -0.0047	     nan
272.0000	192.0000	 14.1234	 -0.0023	     nan
288.0000	192.0000	 14.1410	 -0.0025	     nan
304.0000	192.0000	 14.1448	 -0.0047	     nan
320.0000	192.0000	 14.1352	 -0.0082	     nan
336.0000	192.0000	 14.1264	 -0.0086	     nan
352.0000	192.0000	 14.1106	 -0.0147	     nan
368.0000	192.0000	 14.1226	 -0.0148	     nan
384.0000	192.0000	 14.1312	 -0.0058	     nan
400.0000	192.0000	 14.1339	  0.0031	     nan
416.0000	192.0000	 14.1126	  0.0041	     nan
432.0000	192.0000	 14.0674	  0.0002	     nan
448.0000	192.0000	 14.0511	 -0.0006	     nan
464.0000	192.0000	 14.0716	  0.0077	     nan
480.0000	192.0000	 14.1787	  0.0463	     nan
496.0000	192.0000	 14.3675	  0.1282	     nan
 16.0000	176.0000	 13.3823	 -0.0040	     nan
 32.0000	176.0000	 13.3423	 -0.0070	     nan
 48.0000	176.0000	 13.3153	 -0.0054	     nan
 64.0000	176.0000	 13.3171	  0.0011	     nan
 80.0000	176.0000	 13.3228	  0.0046	     nan
 96.0000	176.0000	 13.3194	  0.0070	     nan
112.0000	176.0000	 13.3062	  0.0080	     nan
128.0000	176.0000	 13.3058	  0.0023	     nan
144.0000	176.0000	 13.3491	 -0.0027	     nan
160.0000	176.0000	 13.3711	 -0.0022	     nan
176.0000	176.0000	 13.3998	 -0.0017	     nan
192.0000	176.0000	 13.3984	 -0.0011	     nan
208.0000	176.0000	 13.3611	 -0.0021	     nan
224.0000	176.0000	 13.3236	 -0.0063	     nan
240.0000	176.0000	 13.3131	 -0.0130	     nan
256.0000	176.0000	 13.3369	 -0.0100	     nan
272.0000	176.0000	 13.3684	 -0.0032	     nan
288.0000	176.0000	 13.3947	 -0.0018	     nan
304.0000	176.0000	 13.3874	 -0.0029	     nan
320.0000	176.0000	 13.3649	 -0.0030	     nan
336.0000	176.0000	 13.3733	  0.0073	     nan
352.0000	176.0000	 13.3314	 -0.0031	     nan
368.0000	176.0000	 13.3263	 -0.0061	     nan
384.0000	176.0000	 13.3332	  0.0028	     nan
400.0000	176.0000	 13.3522	  0.0084	     nan
416.0000	176.0000	 13.3520	  0.0030	     nan
432.0000	176.0000	 13.3132	 -0.0035	     nan
448.0000	176.0000	 13.2873	 -0.0015	     nan
464.0000	176.0000	 13.2878	  0.0137	     nan
480.0000	176.0000	 13.3589	  0.0594	     nan
496.0000	176.0000	 13.5185	  0.1430	     nan
 16.0000	160.0000	 12.3975	 -0.0033	     nan
 32.0000	160.0000	 12.3684	 -0.0022	     nan
 48.0000	160.0000	 12.3462	 -0.0022	     nan
 64.0000	160.0000	 12.3235	  0.0022	     nan
 80.0000	160.0000	 12.3226	  0.0083	     nan
 96.0000	160.0000	 12.3167	  0.0129	     nan
112.0000	160.0000	 12.3306	  0.0092	     nan
128.0000	160.0000	 12.3623	  0.0007	     nan
144.0000	160.0000	 12.4404	 -0.0032	     nan
160.0000	160.0000	 12.4376	 -0.0032	     nan
176.0000	160.0000	 12.4702	 -0.0099	     nan
192.0000	160.0000	 12.4776	 -0.0136	     nan
208.0000	160.0000	 12.4898	 -0.0110	     nan
224.0000	160.0000	 12.4550	 -0.0121	     nan
240.0000	160.0000	 12.4405	 -0.0162	     nan
256.0000	160.0000	 12.4289	 -0.0117	     nan
272.0000	160.0000	 12.4220	 -0.0070	     nan
288.0000	160.0000	 12.4355	 -0.0059	     nan
304.0000	160.0000	 12.4287	 -0.0042	     nan
320.0000	160.0000	 12.3878	 -0.0041	     nan
336.0000	160.0000	 12.3816	  0.0080	     nan
352.0000	160.0000	 12.3473	  0.0011	     nan
368.0000	160.0000	 12.3429	 -0.0019	     nan
384.0000	160.0000	 12.3590	  0.0045	     nan
400.0000	160.0000	 12.3893	  0.0047	     nan
416.0000	160.0000	 12.4047	 -0.0051	     nan
432.0000	160.0000	 12.3823	 -0.0119	     nan
448.0000	160.0000	 12.3557	 -0.0048	     nan
464.0000	160.0000	 12.3410	  0.0103	     nan
480.0000	160.0000	 12.3610	  0.0344	     nan
496.0000	160.0000	 12.4177	  0.0711	     nan
 16.0000	144.0000	 11.2473	 -0.0210	     nan
 32.0000	144.0000	 11.2261	 -0.0159	     nan
 48.0000	144.0000	 11.2075	 -0.0140	     nan
 64.0000	144.0000	 11.1826	 -0.0062	     nan
 80.0000	144.0000	 11.1788	  0.0068	     nan
 96.0000	144.0000	 11.1526	  0.0110	     nan
112.0000	144.0000	 11.1819	  0.0036	     nan
128.0000	144.0000	 11.2548	 -0.0020	     nan
144.0000	144.0000	 11.3465	 -0.0004	     nan
160.0000	144.0000	 11.3148	 -0.0031	     nan
176.0000	144.0000	 11.3265	 -0.0146	     nan
192.0000	144.0000	 11.3149	 -0.0217	     nan
208.0000	144.0000	 11.3415	 -0.0177	     nan
224.0000	144.0000	 11.3278	 -0.0158	     nan
240.0000	144.0000	 11.3356	 -0.0185	     nan
256.0000	144.0000	 11.3105	 -0.0144	     nan
272.0000	144.0000	 11.2944	 -0.0111	     nan
288.0000	144.0000	 11.2905	 -0.0064	     nan
304.0000	144.0000	 11.2691	 -0.0032	     nan
320.0000	144.0000	 11.2162	 -0.0042	     nan
336.0000	144.0000	 11.2025	  0.0022	     nan
352.0000	144.0000	 11.1839	  0.0003	     nan
368.0000	144.0000	 11.1806	 -0.0029	     nan
384.0000	144.0000	 11.2088	 -0.0067	     nan
400.0000	144.0000	 11.2662	 -0.0119	     nan
416.0000	144.0000	 11.2993	 -0.0170	     nan
432.0000	144.0000	 11.3082	 -0.0217	     nan
448.0000	144.0000	 11.2589	 -0.0116	     nan
464.0000	144.0000	 11.2270	  0.0045	     nan
480.0000	144.0000	 11.2254	  0.0111	     nan
496.0000	144.0000	 11.2619	  0.0184	     nan
 16.0000	128.0000	  9.9235	 -0.0341	     nan
 32.0000	128.0000	  9.9080	 -0.0295	     nan
 48.0000	128.0000	  9.8382	 -0.0262	     nan
 64.0000	128.0000	  9.8765	 -0.0165	     nan
 80.0000	128.0000	  9.9636	 -0.0051	     nan
 96.0000	128.0000	  9.9609	 -0.0009	     nan
112.0000	128.0000	  9.9327	 -0.0085	     nan
128.0000	128.0000	  9.9484	 -0.0039	     nan
144.0000	128.0000	  9.9926	  0.0056	     nan
160.0000	128.0000	  9.9624	 -0.0002	     nan
176.0000	128.0000	  9.9668	 -0.0072	     nan
192.0000	128.0000	  9.9486	 -0.0092	     nan
208.0000	128.0000	  9.9565	 -0.0017	     nan
224.0000	128.0000	  9.9517	  0.0016	     nan
240.0000	128.0000	  9.9657	 -0.0094	     nan
256.0000	128.0000	  9.9577	 -0.0219	     nan
272.0000	128.0000	  9.9701	 -0.0211	     nan
288.0000	128.0000	  9.9839	 -0.0068	     nan
304.0000	128.0000	  9.9506	  0.0021	     nan
320.0000	128.0000	  9.8923	  0.0020	     nan
336.0000	128.0000	  9.8775	  0.0018	     nan
352.0000	128.0000	  9.8629	  0.0005	     nan
368.0000	128.0000	  9.8631	 -0.0026	     nan
384.0000	128.0000	  9.9005	 -0.0127	     nan
400.0000	128.0000	  9.9733	 -0.0222	     nan
416.0000	128.0000	 10.0176	 -0.0236	     nan
432.0000	128.0000	 10.0435	 -0.0242	     nan
448.0000	128.0000	  9.9800	 -0.0163	     nan
464.0000	128.0000	  9.9413	 -0.0004	     nan
480.0000	128.0000	  9.9303	 -0.0021	     nan
496.0000	128.0000	  9.9572	 -0.0058	     nan
 16.0000	112.0000	  8.4417	 -0.0194	     nan
 32.0000	112.0000	  8.4257	 -0.0248	     nan
 48.0000	112.0000	  8.2381	 -0.0303	     nan
 64.0000	112.0000	  8.3663	 -0.0314	     nan
 80.0000	112.0000	  8.6343	 -0.0244	     nan
 96.0000	112.0000	  8.6645	 -0.0069	     nan
112.0000	112.0000	  8.5401	 -0.0006	     nan
128.0000	112.0000	  8.4527	  0.0068	     nan
144.0000	112.0000	  8.4495	  0.0141	     nan
160.0000	112.0000	  8.4472	  0.0096	     nan
176.0000	112.0000	  8.4519	  0.0097	     nan
192.0000	112.0000	  8.4441	  0.0132	     nan
208.0000	112.0000	  8.4312	  0.0240	     nan
224.0000	112.0000	  8.4167	  0.0260	     nan
240.0000	112.0000	  8.4030	  0.0006	     nan
256.0000	112.0000	  8.4192	 -0.0269	     nan
272.0000	112.0000	  8.4814	 -0.0270	     nan
288.0000	112.0000	  8.5220	 -0.0074	     nan
304.0000	112.0000	  8.4881	  0.0079	     nan
320.0000	112.0000	  8.4303	  0.0100	     nan
336.0000	112.0000	  8.4163	  0.0063	     nan
352.0000	112.0000	  8.4063	  0.0004	     nan
368.0000	112.0000	  8.4001	 -0.0008	     nan
384.0000	112.0000	  8.4144	 -0.0038	     nan
400.0000	112.0000	  8.4460	 -0.0105	     nan
416.0000	112.0000	  8.4934	 -0.0144	     nan
432.0000	112.0000	  8.5470	 -0.0126	     nan
448.0000	112.0000	  8.4920	 -0.0010	     nan
464.0000	112.0000	  8.4485	  0.0118	     nan
480.0000	112.0000	  8.4514	  0.0093	     nan
496.0000	112.0000	  8.4786	  0.0062	     nan
 16.0000	 96.0000	  6.6949	  0.0042	     nan
 32.0000	 96.0000	  6.6640	 -0.0018	     nan
 48.0000	 96.0000	  6.4127	 -0.0186	     nan
 64.0000	 96.0000	  6.5740	 -0.0466	     nan
 80.0000	 96.0000	  6.8837	 -0.0564	     nan
 96.0000	 96.0000	  6.9688	 -0.0099	     nan
112.0000	 96.0000	  6.9054	 -0.0001	     nan
128.0000	 96.0000	  6.7859	  0.0118	     nan
144.0000	 96.0000	  6.7115	  0.0132	     nan
160.0000	 96.0000	  6.6922	  0.0086	     nan
176.0000	 96.0000	  6.7089	  0.0164	     nan
192.0000	 96.0000	  6.6995	  0.0234	     nan
208.0000	 96.0000	  6.6357	  0.0302	     nan
224.0000	 96.0000	  6.5532	  0.0299	     nan
240.0000	 96.0000	  6.5233	  0.0054	     nan
256.0000	 96.0000	  6.5811	 -0.0165	     nan
272.0000	 96.0000	  6.7173	 -0.0157	     nan
288.0000	 96.0000	  6.8095	 -0.0002	     nan
304.0000	 96.0000	  6.7881	  0.0117	     nan
320.0000	 96.0000	  6.7419	  0.0106	     nan
336.0000	 96.0000	  6.7376	  0.0117	     nan
352.0000	 96.0000	  6.7387	  0.0011	     nan
368.0000	 96.0000	  6.7099	  0.0008	     nan
384.0000	 96.0000	  6.6789	  0.0071	     nan
400.0000	 96.0000	  6.6238	  0.0083	     nan
416.0000	 96.0000	  6.6424	  0.0073	     nan
432.0000	 96.0000	  6.7346	  0.0122	     nan
448.0000	 96.0000	  6.7442	  0.0255	     nan
464.0000	 96.0000	  6.7389	  0.0425	     nan
480.0000	 96.0000	  6.7507	  0.0333	     nan
496.0000	 96.0000	  6.7875	  0.0294	     nan
 16.0000	 80.0000	  4.5947	  0.0425	     nan
 32.0000	 80.0000	  4.5809	  0.0468	     nan
 48.0000	 80.0000	  4.4763	  0.0071	     nan
 64.0000	 80.0000	  4.5984	 -0.0311	     nan
 80.0000	 80.0000	  4.8143	 -0.0600	     nan
 96.0000	 80.0000	  4.8801	 -0.0248	     nan
112.0000	 80.0000	  4.9183	 -0.0115	     nan
128.0000	 80.0000	  4.7528	 -0.0024	     nan
144.0000	 80.0000	  4.5798	 -0.0040	     nan
160.0000	 80.0000	  4.5356	 -0.0068	     nan
176.0000	 80.0000	  4.6249	  0.0097	     nan
192.0000	 80.0000	  4.7103	  0.0179	     nan
208.0000	 80.0000	  4.6935	  0.0184	     nan
224.0000	 80.0000	  4.5737	  0.0126	     nan
240.0000	 80.0000	  4.4716	  0.0033	     nan
256.0000	 80.0000	  4.4137	  0.0059	     nan
272.0000	 80.0000	  4.5133	  0.0116	     nan
288.0000	 80.0000	  4.6900	  0.0170	     nan
304.0000	 80.0000	  4.7812	  0.0142	     nan
320.0000	 80.0000	  4.8137	 -0.0043	     nan
336.0000	 80.0000	  4.7839	  0.0130	     nan
352.0000	 80.0000	  4.7443	  0.0058	     nan
368.0000	 80.0000	  4.7003	  0.0095	     nan
384.0000	 80.0000	  4.6684	  0.0156	     nan
400.0000	 80.0000	  4.6093	  0.0127	     nan
416.0000	 80.0000	  4.5340	  0.0214	     nan
432.0000	 80.0000	  4.6115	  0.0336	     nan
448.0000	 80.0000	  4.6880	  0.0539	     nan
464.0000	 80.0000	  4.7379	  0.0632	     nan
480.0000	 80.0000	  4.7462	  0.0372	     nan
496.0000	 80.0000	  4.7837	  0.0276	     nan
 16.0000	 64.0000	  2.5326	  0.0436	     nan
 32.0000	 64.0000	  2.5565	  0.0500	     nan
 48.0000	 64.0000	  2.6453	  0.0266	     nan
 64.0000	 64.0000	  2.6204	  0.0026	     nan
 80.0000	 64.0000	  2.5786	 -0.0086	     nan
 96.0000	 64.0000	  2.6036	 -0.0003	     nan
112.0000	 64.0000	  2.7008	 -0.0113	     nan
128.0000	 64.0000	  2.5997	 -0.0251	     nan
144.0000	 64.0000	  2.4074	 -0.0243	     nan
160.0000	 64.0000	  2.3181	 -0.0197	     nan
176.0000	 64.0000	  2.4586	  0.0017	     nan
192.0000	 64.0000	  2.6304	  0.0047	     nan
208.0000	 64.0000	  2.6842	 -0.0012	     nan
224.0000	 64.0000	  2.5537	 -0.0082	     nan
240.0000	 64.0000	  2.3250	 -0.0061	     nan
256.0000	 64.0000	  2.3197	  0.0162	     nan
272.0000	 64.0000	  2.3293	  0.0256	     nan
288.0000	 64.0000	  2.5471	  0.0181	     nan
304.0000	 64.0000	  2.6762	 -0.0062	     nan
320.0000	 64.0000	  2.7487	 -0.0255	     nan
336.0000	 64.0000	  2.7486	 -0.0137	     nan
352.0000	 64.0000	  2.6994	 -0.0071	     nan
368.0000	 64.0000	  2.6400	  0.0032	     nan
384.0000	 64.0000	  2.5797	  0.0095	     nan
400.0000	 64.0000	  2.5123	  0.0138	     nan
416.0000	 64.0000	  2.5266	  0.0180	     nan
432.0000	 64.0000	  2.5346	  0.0249	     nan
448.0000	 64.0000	  2.5246	  0.0322	     nan
464.0000	 64.0000	  2.4829	  0.0323	     nan
480.0000	 64.0000	  2.4533	  0.0223	     nan
496.0000	 64.0000	  2.4609	  0.0202	     nan
 16.0000	 48.0000	  0.8642	  0.0322	     nan
 32.0000	 48.0000	  0.9273	  0.0273	     nan
 48.0000	 48.0000	  1.0713	  0.0155	     nan
 64.0000	 48.0000	  0.8833	  0.0076	     nan
 80.0000	 48.0000	  0.6797	  0.0021	     nan
 96.0000	 48.0000	  0.7247	  0.0017	     nan
112.0000	 48.0000	  0.8942	 -0.0008	     nan
128.0000	 48.0000	  0.8321	 -0.0008	     nan
144.0000	 48.0000	  0.6546	 -0.0087	     nan
160.0000	 48.0000	  0.5419	 -0.0127	     nan
176.0000	 48.0000	  0.7344	 -0.0012	     nan
192.0000	 48.0000	  1.0411	 -0.0080	     nan
208.0000	 48.0000	  1.0546	 -0.0012	     nan
224.0000	 48.0000	  0.8797	 -0.0028	     nan
240.0000	 48.0000	  0.5734	  0.0003	     nan
256.0000	 48.0000	  0.4966	  0.0190	     nan
272.0000	 48.0000	  0.5652	  0.0306	     nan
288.0000	 48.0000	  0.8026	  0.0234	     nan
304.0000	 48.0000	  0.9622	  0.0007	     nan
320.0000	 48.0000	  1.0381	 -0.0237	     nan
336.0000	 48.0000	  1.0284	 -0.0183	     nan
352.0000	 48.0000	  0.9778	 -0.0068	     nan
368.0000	 48.0000	  0.8911	  0.0069	     nan
384.0000	 48.0000	  0.7928	  0.0163	     nan
400.0000	 48.0000	  0.7773	  0.0168	     nan
416.0000	 48.0000	  0.9099	  0.0203	     nan
432.0000	 48.0000	  0.8517	  0.0225	     nan
448.0000	 48.0000	  0.7253	  0.0232	     nan
464.0000	 48.0000	  0.5518	  0.0194	     nan
480.0000	 48.0000	  0.4535	  0.0190	     nan
496.0000	 48.0000	  0.4965	  0.0169	     nan
 16.0000	 32.0000	  0.1346	  0.0066	     nan
 32.0000	 32.0000	  0.1505	 -0.0042	     nan
 48.0000	 32.0000	  0.1806	 -0.0107	     nan
 64.0000	 32.0000	  0.0467	 -0.0140	     nan
 80.0000	 32.0000	 -0.0463	 -0.0153	     nan
 96.0000	 32.0000	 -0.0194	 -0.0091	     nan
112.0000	 32.0000	  0.1128	  0.0054	     nan
128.0000	 32.0000	  0.1962	  0.0214	     nan
144.0000	 32.0000	  0.1625	  0.0104	     nan
160.0000	 32.0000	  0.1606	 -0.0065	     nan
176.0000	 32.0000	  0.3531	 -0.0055	     nan
192.0000	 32.0000	  0.5140	 -0.0022	     nan
208.0000	 32.0000	  0.3496	  0.0095	     nan
224.0000	 32.0000	  0.1938	  0.0114	     nan
240.0000	 32.0000	 -0.0223	  0.0108	     nan
256.0000	 32.0000	 -0.0982	  0.0229	     nan
272.0000	 32.0000	 -0.0426	  0.0255	     nan
288.0000	 32.0000	  0.0581	  0.0129	     nan
304.0000	 32.0000	  0.1182	  0.0008	     nan
320.0000	 32.0000	  0.1393	 -0.0180	     nan
336.0000	 32.0000	  0.1689	 -0.0141	     nan
352.0000	 32.0000	  0.1603	 -0.0087	     nan
368.0000	 32.0000	  0.0874	  0.0059	     nan
384.0000	 32.0000	  0.0308	  0.0188	     nan
400.0000	 32.0000	  0.1013	  0.0207	     nan
416.0000	 32.0000	  0.3285	  0.0237	     nan
432.0000	 32.0000	  0.3830	  0.0177	     nan
448.0000	 32.0000	  0.3072	  0.0052	     nan
464.0000	 32.0000	  0.0632	 -0.0164	     nan
480.0000	 32.0000	 -0.1254	  0.0009	     nan
496.0000	 32.0000	 -0.0871	  0.0008	     nan
 16.0000	 16.0000	 -0.0823	  0.0091	     nan
 32.0000	 16.0000	 -0.0999	 -0.0086	     nan
 48.0000	 16.0000	 -0.0793	 -0.0152	     nan
 64.0000	 16.0000	 -0.1183	 -0.0164	     nan
 80.0000	 16.0000	 -0.1617	 -0.0128	     nan
 96.0000	 16.0000	 -0.1597	 -0.0075	     nan
112.0000	 16.0000	 -0.0826	  0.0048	     nan
128.0000	 16.0000	 -0.0469	  0.0158	     nan
144.0000	 16.0000	 -0.0850	  0.0093	     nan
160.0000	 16.0000	 -0.0649	 -0.0156	     nan
176.0000	 16.0000	  0.0004	 -0.0102	     nan
192.0000	 16.0000	  0.0484	 -0.0015	     nan
208.0000	 16.0000	  0.0061	  0.0074	     nan
224.0000	 16.0000	 -0.0149	  0.0111	     nan
240.0000	 16.0000	 -0.1258	  0.0115	     nan
256.0000	 16.0000	 -0.1890	  0.0182	     nan
272.0000	 16.0000	 -0.1624	  0.0186	     nan
288.0000	 16.0000	 -0.1248	  0.0042	     nan
304.0000	 16.0000	 -0.1080	 -0.0091	     nan
320.0000	 16.0000	 -0.0898	 -0.0223	     nan
336.0000	 16.0000	 -0.0826	 -0.0132	     nan
352.0000	 16.0000	 -0.0842	 -0.0053	     nan
368.0000	 16.0000	 -0.1490	  0.0144	     nan
384.0000	 16.0000	 -0.1858	  0.0254	     nan
400.0000	 16.0000	 -0.1012	  0.0234	     nan
416.0000	 16.0000	  0.0876	  0.0210	     nan
432.0000	 16.0000	  0.1397	  0.0105	     nan
448.0000	 16.0000	  0.1077	  0.0029	     nan
464.0000	 16.0000	 -0.0877	 -0.0067	     nan
480.0000	 16.0000	 -0.2207	  0.0012	     nan
496.0000	 16.0000	 -0.1894	 -0.0022	     nan
