 32.0000	 32.0000	  4.3128	 -4.3591	  4.5080
 64.0000	 32.0000	  4.1192	 -4.1125	  3.5592
 96.0000	 32.0000	  3.6980	 -3.6681	  2.2673
128.0000	 32.0000	  3.0868	 -3.0496	  3.5839
160.0000	 32.0000	  2.2916	 -2.3147	  2.8046
192.0000	 32.0000	  1.1117	 -1.1076	  2.4410
224.0000	 32.0000	  0.2813	 -0.1613	  2.0673
256.0000	 32.0000	 -0.0064	 -0.0062	  3.9555
288.0000	 32.0000	  0.0197	 -0.0016	  5.5306
320.0000	 32.0000	 -0.0006	 -0.0332	  4.3615
352.0000	 32.0000	 -0.0225	 -0.0371	  4.5750
384.0000	 32.0000	 -0.0001	 -0.0005	  5.7551
416.0000	 32.0000	 -0.0134	 -0.0005	  5.0342
448.0000	 32.0000	  0.0001	 -0.0510	  5.3970
480.0000	 32.0000	 -0.0002	 -0.1104	  5.2379
 32.0000	 64.0000	  4.2423	 -4.0091	  3.6790
 64.0000	 64.0000	  4.3197	 -4.2191	  2.5632
 96.0000	 64.0000	  4.2299	 -4.4516	  2.2708
128.0000	 64.0000	  3.5404	 -3.7248	  3.2281
160.0000	 64.0000	  3.1213	 -3.1972	  3.4161
192.0000	 64.0000	  2.8198	 -2.9172	  2.6338
224.0000	 64.0000	  1.2463	 -1.2664	  3.2854
256.0000	 64.0000	  0.8503	 -0.8548	  3.6511
288.0000	 64.0000	 -0.0022	  0.0347	  3.4920
320.0000	 64.0000	  0.0009	  0.0325	  3.3738
352.0000	 64.0000	 -0.0244	  0.0001	  3.8037
384.0000	 64.0000	  0.0108	  0.0001	  3.1016
416.0000	 64.0000	 -0.0000	 -0.0000	  3.2346
448.0000	 64.0000	  0.0500	 -0.0000	  2.8090
480.0000	 64.0000	 -0.0001	  0.0797	  3.3004
 32.0000	 96.0000	  3.9220	 -3.9993	  3.2998
 64.0000	 96.0000	  4.1649	 -4.1906	  2.6623
 96.0000	 96.0000	  4.3431	 -4.3584	  2.5778
128.0000	 96.0000	  4.1956	 -4.2706	  3.4555
160.0000	 96.0000	  3.7028	 -3.6242	  2.8454
192.0000	 96.0000	  3.2341	 -3.2096	  3.9212
224.0000	 96.0000	  2.0213	 -2.0861	  3.1905
256.0000	 96.0000	  1.2321	 -1.3045	  2.4322
288.0000	 96.0000	  0.0954	 -0.1469	  2.4255
320.0000	 96.0000	  0.0007	  0.0007	  4.4452
352.0000	 96.0000	  0.0001	 -0.0524	  2.9120
384.0000	 96.0000	  0.0141	 -0.0979	  3.3844
416.0000	 96.0000	  0.0027	  0.0001	  3.3545
448.0000	 96.0000	  0.0358	  0.0739	  3.2794
480.0000	 96.0000	 -0.0018	  0.1611	  3.5137
 32.0000	128.0000	  2.8992	 -2.8943	  2.7855
 64.0000	128.0000	  3.7872	 -3.8815	  2.1514
 96.0000	128.0000	  4.3154	 -4.2039	  3.7816
128.0000	128.0000	  4.3473	 -4.3025	  2.9588
160.0000	128.0000	  4.0215	 -3.9628	  2.2162
192.0000	128.0000	  3.7538	 -3.7003	  3.3985
224.0000	128.0000	  3.0759	 -3.1575	  3.6461
256.0000	128.0000	  2.7997	 -2.9130	  2.1574
288.0000	128.0000	  0.5969	 -0.5817	  2.4384
320.0000	128.0000	  0.1618	 -0.1714	  3.4866
352.0000	128.0000	  0.0001	 -0.0093	  3.3250
384.0000	128.0000	 -0.0001	 -0.0424	  3.2313
416.0000	128.0000	  0.0020	 -0.0388	  4.4511
448.0000	128.0000	  0.0124	  0.0001	  4.9413
480.0000	128.0000	 -0.0013	 -0.0000	  5.0629
 32.0000	160.0000	  1.9371	 -1.8855	  4.0434
 64.0000	160.0000	  3.0478	 -3.2057	  2.1370
 96.0000	160.0000	  3.9061	 -3.9256	  3.1459
128.0000	160.0000	  4.0838	 -4.0979	  3.4841
160.0000	160.0000	  4.2931	 -4.3014	  3.2310
192.0000	160.0000	  4.2296	 -4.2070	  4.0334
224.0000	160.0000	  3.7251	 -3.7200	  4.4101
256.0000	160.0000	  3.3559	 -3.3602	  3.1659
288.0000	160.0000	  1.3368	 -1.1294	  1.3687
320.0000	160.0000	  1.0613	 -1.0579	  3.3544
352.0000	160.0000	  0.7112	 -0.6818	  2.7616
384.0000	160.0000	  0.0137	  0.0844	  2.9723
416.0000	160.0000	 -0.0112	 -0.0268	  3.3589
448.0000	160.0000	  0.0228	  0.0058	  5.0981
480.0000	160.0000	 -0.0002	  0.0051	  4.1703
 32.0000	192.0000	  1.3065	 -1.2914	  3.5352
 64.0000	192.0000	  2.2109	 -2.3059	  2.1118
 96.0000	192.0000	  3.4392	 -3.3873	  3.4297
128.0000	192.0000	  3.8131	 -3.8247	  3.9960
160.0000	192.0000	  4.1737	 -4.1317	  4.4220
192.0000	192.0000	  4.2542	 -4.2339	  4.4593
224.0000	192.0000	  4.1218	 -4.1334	  4.9074
256.0000	192.0000	  4.0030	 -4.0017	  4.2311
288.0000	192.0000	  3.7766	 -3.8019	  1.6383
320.0000	192.0000	  1.7414	 -1.7136	  2.6383
352.0000	192.0000	  1.1452	 -1.1893	  3.7502
384.0000	192.0000	  0.1644	 -0.1395	  3.3469
416.0000	192.0000	  0.0309	  0.0242	  5.0767
448.0000	192.0000	  0.0122	 -0.0022	  3.9260
480.0000	192.0000	 -0.0361	 -0.0011	  4.2897
 32.0000	224.0000	  0.8869	 -0.8270	  3.0416
 64.0000	224.0000	  1.6998	 -1.7478	  2.7858
 96.0000	224.0000	  2.7000	 -2.6934	  2.7109
128.0000	224.0000	  3.0831	 -3.1384	  3.9989
160.0000	224.0000	  3.8373	 -3.8288	  5.6114
192.0000	224.0000	  4.1241	 -4.1424	  5.2469
224.0000	224.0000	  4.2837	 -4.2984	  3.6363
256.0000	224.0000	  4.1985	 -4.1981	  3.7989
288.0000	224.0000	  3.9584	 -3.9389	  2.1428
320.0000	224.0000	  3.1773	 -3.2492	  2.2729
352.0000	224.0000	  2.1271	 -2.0657	  2.6837
384.0000	224.0000	  0.8446	 -0.8349	  3.2290
416.0000	224.0000	  0.2129	 -0.0972	  4.5003
448.0000	224.0000	  0.0132	  0.0003	  4.0936
480.0000	224.0000	 -0.1127	  0.0001	  5.5959
 32.0000	256.0000	  0.0003	 -0.0038	  2.3313
 64.0000	256.0000	  0.2822	 -0.3442	  2.8324
 96.0000	256.0000	  1.1245	 -1.1054	  3.2513
128.0000	256.0000	  2.7388	 -2.7473	  2.9957
160.0000	256.0000	  3.2748	 -3.2683	  4.3895
192.0000	256.0000	  3.7663	 -3.7882	  4.1710
224.0000	256.0000	  4.2543	 -4.1981	  4.8259
256.0000	256.0000	  4.2787	 -4.3172	  4.3414
288.0000	256.0000	  4.1283	 -4.2824	  4.6253
320.0000	256.0000	  3.9727	 -4.0538	  3.9426
352.0000	256.0000	  3.1870	 -3.2709	  4.1820
384.0000	256.0000	  2.6340	 -2.7350	  3.0066
416.0000	256.0000	  0.9390	 -0.8345	  3.2776
448.0000	256.0000	  0.2435	 -0.2194	  3.8821
480.0000	256.0000	 -0.0788	  0.0007	  5.2174
 32.0000	288.0000	  0.0002	 -0.0414	  4.2422
 64.0000	288.0000	 -0.0001	 -0.0583	  3.3134
 96.0000	288.0000	  0.6184	 -0.6127	  2.0009
128.0000	288.0000	  1.1428	 -1.1363	  2.4307
160.0000	288.0000	  2.5979	 -2.5949	  3.0619
192.0000	288.0000	  3.0959	 -3.0809	  4.2048
224.0000	288.0000	  4.0928	 -3.9762	  3.8925
256.0000	288.0000	  4.2227	 -4.2475	  4.3578
288.0000	288.0000	  4.1844	 -4.3517	  4.3941
320.0000	288.0000	  4.2791	 -4.3027	  3.8910
352.0000	288.0000	  3.6304	 -3.6354	  2.7382
384.0000	288.0000	  3.0525	 -3.0605	  4.2141
416.0000	288.0000	  2.2193	 -2.1559	  2.3277
448.0000	288.0000	  1.1925	 -1.1299	  2.7827
480.0000	288.0000	  0.2165	 -0.2209	  3.3270
 32.0000	320.0000	  0.0002	 -0.0262	  5.2062
 64.0000	320.0000	  0.0010	 -0.0382	  4.3001
 96.0000	320.0000	  0.1776	 -0.1808	  1.8387
128.0000	320.0000	  0.3849	 -0.3618	  3.4042
160.0000	320.0000	  1.1508	 -1.1115	  3.4922
192.0000	320.0000	  2.0238	 -2.0517	  3.0230
224.0000	320.0000	  3.2575	 -3.1664	  2.5525
256.0000	320.0000	  3.4662	 -3.4140	  2.8513
288.0000	320.0000	  4.1891	 -3.9595	  2.5631
320.0000	320.0000	  4.3631	 -4.2400	  4.5920
352.0000	320.0000	  4.1189	 -4.1958	  3.5510
384.0000	320.0000	  3.3612	 -3.3475	  2.5582
416.0000	320.0000	  2.9071	 -2.8614	  3.8724
448.0000	320.0000	  2.1388	 -2.0805	  3.9144
480.0000	320.0000	  1.7594	 -1.8300	  3.0394
 32.0000	352.0000	  0.0114	  0.0354	  4.4999
 64.0000	352.0000	  0.0012	  0.0383	  4.2718
 96.0000	352.0000	  0.0591	 -0.0006	  2.7815
128.0000	352.0000	  0.0879	 -0.0748	  2.9953
160.0000	352.0000	  0.3021	 -0.2555	  3.0809
192.0000	352.0000	  0.8579	 -0.8430	  2.6025
224.0000	352.0000	  2.9737	 -2.9310	  2.1525
256.0000	352.0000	  3.2085	 -3.1820	  3.9491
288.0000	352.0000	  3.8135	 -3.7060	  4.0637
320.0000	352.0000	  4.1774	 -4.0923	  4.4430
352.0000	352.0000	  4.2433	 -4.3524	  3.5987
384.0000	352.0000	  4.1117	 -4.1983	  3.3926
416.0000	352.0000	  3.8067	 -3.8392	  3.5754
448.0000	352.0000	  3.0973	 -2.8827	  2.5024
480.0000	352.0000	  2.2137	 -2.1733	  3.6341
 32.0000	384.0000	  0.0200	  0.1056	  2.9934
 64.0000	384.0000	 -0.0011	  0.2091	  1.7718
 96.0000	384.0000	  0.0376	  0.0012	  3.3948
128.0000	384.0000	  0.0057	  0.0013	  3.4487
160.0000	384.0000	  0.0067	  0.0074	  2.8682
192.0000	384.0000	  0.0974	 -0.0911	  3.6214
224.0000	384.0000	  0.9019	 -0.9787	  2.4308
256.0000	384.0000	  2.8419	 -2.8096	  3.1601
288.0000	384.0000	  3.3079	 -3.3055	  3.1151
320.0000	384.0000	  3.6793	 -3.6069	  2.2251
352.0000	384.0000	  4.3575	 -4.2703	  2.0211
384.0000	384.0000	  4.2228	 -4.2401	  3.8175
416.0000	384.0000	  4.1432	 -4.1552	  4.4438
448.0000	384.0000	  4.0006	 -4.0523	  4.1566
480.0000	384.0000	  2.9268	 -3.2509	  3.5492
 32.0000	416.0000	  0.0005	  0.0002	  3.9288
 64.0000	416.0000	 -0.0002	  0.0003	  3.1627
 96.0000	416.0000	  0.0020	 -0.0062	  3.9164
128.0000	416.0000	 -0.0002	 -0.0072	  2.7775
160.0000	416.0000	  0.0327	  0.0000	  2.3227
192.0000	416.0000	  0.0140	 -0.0089	  2.9972
224.0000	416.0000	  0.2871	 -0.2238	  2.3714
256.0000	416.0000	  0.5944	 -0.6464	  2.1331
288.0000	416.0000	  2.2710	 -2.3112	  1.1968
320.0000	416.0000	  2.8147	 -2.8003	  2.5732
352.0000	416.0000	  3.4120	 -3.3487	  2.6911
384.0000	416.0000	  4.1116	 -4.0246	  2.4173
416.0000	416.0000	  4.3673	 -4.4049	  3.3720
448.0000	416.0000	  4.2466	 -4.2718	  4.4944
480.0000	416.0000	  3.6576	 -3.7978	  4.1380
 32.0000	448.0000	  0.0015	 -0.0078	  6.5131
 64.0000	448.0000	  0.0392	 -0.0119	  3.9981
 96.0000	448.0000	 -0.0002	 -0.0000	  2.8944
128.0000	448.0000	 -0.0636	  0.0001	  3.1481
160.0000	448.0000	 -0.0037	 -0.1319	  2.8504
192.0000	448.0000	  0.0000	 -0.0909	  3.1533
224.0000	448.0000	  0.0947	 -0.0270	  3.5590
256.0000	448.0000	  0.0346	 -0.0897	  3.6447
288.0000	448.0000	  0.1932	 -0.3826	  2.7044
320.0000	448.0000	  1.8981	 -2.0066	  2.2432
352.0000	448.0000	  3.2581	 -3.3182	  3.4974
384.0000	448.0000	  3.5511	 -3.6005	  2.7375
416.0000	448.0000	  4.1871	 -4.1660	  3.1252
448.0000	448.0000	  4.3007	 -4.2123	  4.7203
480.0000	448.0000	  4.1266	 -3.9309	  3.1070
 32.0000	480.0000	  0.0328	  0.0030	  5.4970
 64.0000	480.0000	  0.0464	  0.0018	  3.7555
 96.0000	480.0000	 -0.0446	  0.0054	  4.1950
128.0000	480.0000	 -0.0386	  0.0048	  4.9210
160.0000	480.0000	  0.0041	  0.0016	  3.9362
192.0000	480.0000	  0.0000	  0.0015	  5.8673
224.0000	480.0000	 -0.0001	  0.0091	  5.0863
256.0000	480.0000	  0.0034	  0.0501	  3.7740
288.0000	480.0000	  0.1591	 -0.1346	  4.8505
320.0000	480.0000	  0.3605	 -0.3213	  3.3602
352.0000	480.0000	  2.8512	 -2.9318	  2.0586
384.0000	480.0000	  3.2446	 -3.1980	  2.4146
416.0000	480.0000	  3.9333	 -3.8334	  3.5166
448.0000	480.0000	  4.0948	 -4.0979	  3.2487
480.0000	480.0000	  4.3411	 -4.3471	  2.1123
