 16.0000	496.0000	  4.3516	 -4.3479	     nan
 32.0000	496.0000	  4.2636	 -4.2636	     nan
 48.0000	496.0000	  4.2949	 -4.2999	     nan
 64.0000	496.0000	  3.9954	 -4.0204	     nan
 80.0000	496.0000	  3.7238	 -3.7620	     nan
 96.0000	496.0000	  3.3312	 -3.3191	     nan
112.0000	496.0000	  3.1697	 -3.1578	     nan
128.0000	496.0000	  2.8621	 -2.8568	     nan
144.0000	496.0000	  2.5852	 -2.5851	     nan
160.0000	496.0000	  2.3867	 -2.4330	     nan
176.0000	496.0000	  1.8750	 -1.9218	     nan
192.0000	496.0000	  1.3627	 -1.8614	     nan
208.0000	496.0000	  0.2817	 -0.2865	     nan
224.0000	496.0000	 -0.2298	  0.2472	     nan
240.0000	496.0000	  0.0143	 -0.1635	     nan
256.0000	496.0000	 -0.2240	  0.0891	     nan
272.0000	496.0000	  0.0141	 -0.0163	     nan
288.0000	496.0000	 -0.0737	  0.0730	     nan
304.0000	496.0000	  0.0415	 -0.0405	     nan
320.0000	496.0000	  0.0464	 -0.0427	     nan
336.0000	496.0000	  0.0394	 -0.0315	     nan
352.0000	496.0000	  0.0325	 -0.0302	     nan
368.0000	496.0000	  0.0064	 -0.0092	     nan
384.0000	496.0000	  0.0013	 -0.0030	     nan
400.0000	496.0000	  0.0065	 -0.0060	     nan
416.0000	496.0000	  0.0069	  0.0170	     nan
432.0000	496.0000	 -0.0273	  0.0268	     nan
448.0000	496.0000	 -0.0272	  0.0410	     nan
464.0000	496.0000	 -0.0113	 -0.0017	     nan
480.0000	496.0000	 -0.0017	  0.0013	     nan
496.0000	496.0000	 -0.0040	  0.0027	     nan
 16.0000	480.0000	  4.3794	 -4.3034	     nan
 32.0000	480.0000	  4.3029	 -4.2663	     nan
 48.0000	480.0000	  4.3044	 -4.3173	     nan
 64.0000	480.0000	  4.2306	 -4.2227	     nan
 80.0000	480.0000	  3.8981	 -4.0290	     nan
 96.0000	480.0000	  3.4395	 -3.5539	     nan
112.0000	480.0000	  3.3535	 -3.4376	     nan
128.0000	480.0000	  3.1776	 -3.2122	     nan
144.0000	480.0000	  2.8700	 -2.8982	     nan
160.0000	480.0000	  2.0552	 -2.1046	     nan
176.0000	480.0000	  1.8898	 -1.9428	     nan
192.0000	480.0000	  1.2813	 -1.3081	     nan
208.0000	480.0000	  0.2990	 -0.3077	     nan
224.0000	480.0000	 -0.2421	  0.2339	     nan
240.0000	480.0000	  0.0687	 -0.0437	     nan
256.0000	480.0000	 -0.1625	  0.1668	     nan
272.0000	480.0000	  0.0682	 -0.0823	     nan
288.0000	480.0000	  0.0199	 -0.0100	     nan
304.0000	480.0000	 -0.0466	  0.0340	     nan
320.0000	480.0000	 -0.0490	  0.0518	     nan
336.0000	480.0000	 -0.0142	  0.0086	     nan
352.0000	480.0000	  0.0016	 -0.0085	     nan
368.0000	480.0000	 -0.0033	  0.0022	     nan
384.0000	480.0000	  0.0032	  0.0029	     nan
400.0000	480.0000	  0.1275	 -0.0575	     nan
416.0000	480.0000	  0.0838	 -0.0495	     nan
432.0000	480.0000	 -0.0274	  0.0268	     nan
448.0000	480.0000	 -0.0159	  0.0203	     nan
464.0000	480.0000	 -0.0254	  0.0203	     nan
480.0000	480.0000	 -0.0158	  0.0141	     nan
496.0000	480.0000	 -0.0048	  0.0035	     nan
 16.0000	464.0000	  4.2296	 -4.2410	     nan
 32.0000	464.0000	  4.3150	 -4.3155	     nan
 48.0000	464.0000	  4.4717	 -4.4611	     nan
 64.0000	464.0000	  4.3768	 -4.3318	     nan
 80.0000	464.0000	  4.0983	 -4.1800	     nan
 96.0000	464.0000	  4.0813	 -4.0613	     nan
112.0000	464.0000	  3.7736	 -3.8220	     nan
128.0000	464.0000	  3.5334	 -3.5478	     nan
144.0000	464.0000	  3.4141	 -3.3651	     nan
160.0000	464.0000	  2.7494	 -2.7408	     nan
176.0000	464.0000	  2.2356	 -2.2172	     nan
192.0000	464.0000	  1.5218	 -1.5005	     nan
208.0000	464.0000	  1.3178	 -1.3539	     nan
224.0000	464.0000	  0.5647	 -0.6050	     nan
240.0000	464.0000	  0.0918	 -0.1153	     nan
256.0000	464.0000	 -0.1955	  0.1766	     nan
272.0000	464.0000	 -0.1372	  0.0352	     nan
288.0000	464.0000	  0.0627	 -0.0992	     nan
304.0000	464.0000	  0.0048	 -0.0036	     nan
320.0000	464.0000	  0.1774	 -0.1708	     nan
336.0000	464.0000	  0.1625	 -0.1675	     nan
352.0000	464.0000	  0.0653	 -0.0554	     nan
368.0000	464.0000	 -0.0005	 -0.0029	     nan
384.0000	464.0000	  0.0016	 -0.0017	     nan
400.0000	464.0000	  0.0055	 -0.0172	     nan
416.0000	464.0000	 -0.0430	  0.0333	     nan
432.0000	464.0000	 -0.0395	 -0.0204	     nan
448.0000	464.0000	  0.0273	 -0.0191	     nan
464.0000	464.0000	  0.0882	 -0.0772	     nan
480.0000	464.0000	 -0.0296	  0.0322	     nan
496.0000	464.0000	  0.0001	  0.0021	     nan
 16.0000	448.0000	  4.1557	 -4.1413	     nan
 32.0000	448.0000	  4.2544	 -4.2454	     nan
 48.0000	448.0000	  4.3872	 -4.4035	     nan
 64.0000	448.0000	  4.3674	 -4.3717	     nan
 80.0000	448.0000	  4.2264	 -4.3123	     nan
 96.0000	448.0000	  4.2928	 -4.2774	     nan
112.0000	448.0000	  4.0617	 -4.1314	     nan
128.0000	448.0000	  3.8266	 -3.8390	     nan
144.0000	448.0000	  3.6919	 -3.6494	     nan
160.0000	448.0000	  3.3787	 -3.2853	     nan
176.0000	448.0000	  3.0094	 -2.9181	     nan
192.0000	448.0000	  2.4264	 -2.3977	     nan
208.0000	448.0000	  1.7354	 -1.6695	     nan
224.0000	448.0000	  0.9983	 -0.9414	     nan
240.0000	448.0000	  0.4538	 -0.4106	     nan
256.0000	448.0000	 -0.1006	  0.1068	     nan
272.0000	448.0000	 -0.1203	  0.1256	     nan
288.0000	448.0000	 -0.0140	  0.0361	     nan
304.0000	448.0000	 -0.0561	  0.0509	     nan
320.0000	448.0000	  0.1323	 -0.1289	     nan
336.0000	448.0000	  0.1305	 -0.1339	     nan
352.0000	448.0000	 -0.0067	 -0.0108	     nan
368.0000	448.0000	 -0.0515	  0.0514	     nan
384.0000	448.0000	  0.0028	 -0.0067	     nan
400.0000	448.0000	 -0.0133	  0.0248	     nan
416.0000	448.0000	 -0.0006	  0.0157	     nan
432.0000	448.0000	 -0.0382	  0.0328	     nan
448.0000	448.0000	 -0.0102	  0.0299	     nan
464.0000	448.0000	  0.0066	  0.0010	     nan
480.0000	448.0000	 -0.0098	  0.0084	     nan
496.0000	448.0000	  0.0029	 -0.0006	     nan
 16.0000	432.0000	  3.7626	 -3.8282	     nan
 32.0000	432.0000	  4.0450	 -4.0240	     nan
 48.0000	432.0000	  4.2513	 -4.2260	     nan
 64.0000	432.0000	  4.3252	 -4.3154	     nan
 80.0000	432.0000	  4.3257	 -4.3428	     nan
 96.0000	432.0000	  4.3019	 -4.3132	     nan
112.0000	432.0000	  4.2238	 -4.1972	     nan
128.0000	432.0000	  4.0984	 -4.0615	     nan
144.0000	432.0000	  3.8982	 -3.8890	     nan
160.0000	432.0000	  3.6203	 -3.5821	     nan
176.0000	432.0000	  3.2280	 -3.2064	     nan
192.0000	432.0000	  2.7376	 -2.7453	     nan
208.0000	432.0000	  2.2807	 -2.2001	     nan
224.0000	432.0000	  1.7250	 -1.6734	     nan
240.0000	432.0000	  0.9163	 -0.9371	     nan
256.0000	432.0000	  0.3610	 -0.3771	     nan
272.0000	432.0000	  0.0169	 -0.0229	     nan
288.0000	432.0000	 -0.0479	  0.0444	     nan
304.0000	432.0000	 -0.0623	  0.1043	     nan
320.0000	432.0000	 -0.0590	  0.1053	     nan
336.0000	432.0000	 -0.0713	  0.0710	     nan
352.0000	432.0000	  0.0253	 -0.0227	     nan
368.0000	432.0000	 -0.0319	 -0.0313	     nan
384.0000	432.0000	 -0.0225	  0.0297	     nan
400.0000	432.0000	  0.0906	 -0.0891	     nan
416.0000	432.0000	  0.1474	 -0.1576	     nan
432.0000	432.0000	  0.0671	 -0.0650	     nan
448.0000	432.0000	 -0.0759	  0.0915	     nan
464.0000	432.0000	  0.0720	  0.0107	     nan
480.0000	432.0000	  0.1748	 -0.1147	     nan
496.0000	432.0000	  0.0103	 -0.0095	     nan
 16.0000	416.0000	  3.5500	 -3.5892	     nan
 32.0000	416.0000	  3.8482	 -3.8365	     nan
 48.0000	416.0000	  4.0544	 -4.0607	     nan
 64.0000	416.0000	  4.2232	 -4.2308	     nan
 80.0000	416.0000	  4.3492	 -4.3539	     nan
 96.0000	416.0000	  4.4459	 -4.4328	     nan
112.0000	416.0000	  4.3937	 -4.3836	     nan
128.0000	416.0000	  4.2652	 -4.2673	     nan
144.0000	416.0000	  4.1128	 -4.0863	     nan
160.0000	416.0000	  3.8701	 -3.8608	     nan
176.0000	416.0000	  3.5818	 -3.5943	     nan
192.0000	416.0000	  3.1386	 -3.1942	     nan
208.0000	416.0000	  2.7438	 -2.7576	     nan
224.0000	416.0000	  2.3522	 -2.3170	     nan
240.0000	416.0000	  1.7645	 -1.7398	     nan
256.0000	416.0000	  1.1193	 -1.1256	     nan
272.0000	416.0000	  0.5176	 -0.5708	     nan
288.0000	416.0000	  0.1858	 -0.1946	     nan
304.0000	416.0000	 -0.1668	  0.1783	     nan
320.0000	416.0000	 -0.0461	  0.0441	     nan
336.0000	416.0000	 -0.1679	  0.0914	     nan
352.0000	416.0000	  0.0057	 -0.0072	     nan
368.0000	416.0000	 -0.1010	 -0.0775	     nan
384.0000	416.0000	 -0.0681	  0.0676	     nan
400.0000	416.0000	  0.0661	 -0.0597	     nan
416.0000	416.0000	  0.0863	 -0.1020	     nan
432.0000	416.0000	  0.1581	 -0.1541	     nan
448.0000	416.0000	 -0.0463	  0.0444	     nan
464.0000	416.0000	 -0.1047	  0.1051	     nan
480.0000	416.0000	  0.1780	 -0.1312	     nan
496.0000	416.0000	  0.0129	 -0.0229	     nan
 16.0000	400.0000	  3.3243	 -3.5221	     nan
 32.0000	400.0000	  3.6161	 -3.6857	     nan
 48.0000	400.0000	  3.8606	 -3.8690	     nan
 64.0000	400.0000	  4.0929	 -4.0828	     nan
 80.0000	400.0000	  4.2922	 -4.2770	     nan
 96.0000	400.0000	  4.3868	 -4.3600	     nan
112.0000	400.0000	  4.3701	 -4.3455	     nan
128.0000	400.0000	  4.3556	 -4.3046	     nan
144.0000	400.0000	  4.2474	 -4.2140	     nan
160.0000	400.0000	  4.0585	 -4.0416	     nan
176.0000	400.0000	  3.8082	 -3.8188	     nan
192.0000	400.0000	  3.4694	 -3.5014	     nan
208.0000	400.0000	  3.1618	 -3.2695	     nan
224.0000	400.0000	  2.9523	 -2.9843	     nan
240.0000	400.0000	  2.3087	 -2.2792	     nan
256.0000	400.0000	  1.8013	 -1.7651	     nan
272.0000	400.0000	  1.1838	 -1.1590	     nan
288.0000	400.0000	  0.5165	 -0.5144	     nan
304.0000	400.0000	 -0.0784	  0.0912	     nan
320.0000	400.0000	 -0.0249	  0.1097	     nan
336.0000	400.0000	 -0.1572	  0.0200	     nan
352.0000	400.0000	 -0.0226	  0.0279	     nan
368.0000	400.0000	 -0.1809	  0.0017	     nan
384.0000	400.0000	 -0.1054	  0.1151	     nan
400.0000	400.0000	  0.0417	 -0.0443	     nan
416.0000	400.0000	  0.1612	 -0.1605	     nan
432.0000	400.0000	  0.0515	 -0.0505	     nan
448.0000	400.0000	 -0.0655	  0.0655	     nan
464.0000	400.0000	 -0.1351	  0.1339	     nan
480.0000	400.0000	  0.0299	 -0.0231	     nan
496.0000	400.0000	  0.0119	  0.0002	     nan
 16.0000	384.0000	  3.1386	 -3.1635	     nan
 32.0000	384.0000	  3.2251	 -3.2516	     nan
 48.0000	384.0000	  3.5570	 -3.5638	     nan
 64.0000	384.0000	  3.8439	 -3.8560	     nan
 80.0000	384.0000	  4.1521	 -4.1224	     nan
 96.0000	384.0000	  4.2640	 -4.2192	     nan
112.0000	384.0000	  4.2645	 -4.2330	     nan
128.0000	384.0000	  4.3679	 -4.3695	     nan
144.0000	384.0000	  4.3500	 -4.3414	     nan
160.0000	384.0000	  4.2181	 -4.2040	     nan
176.0000	384.0000	  4.0933	 -4.1118	     nan
192.0000	384.0000	  3.8493	 -3.8730	     nan
208.0000	384.0000	  3.6609	 -3.6879	     nan
224.0000	384.0000	  3.4137	 -3.1751	     nan
240.0000	384.0000	  2.8357	 -2.8250	     nan
256.0000	384.0000	  2.3250	 -2.2975	     nan
272.0000	384.0000	  1.7283	 -1.7064	     nan
288.0000	384.0000	  1.0500	 -1.0574	     nan
304.0000	384.0000	  0.3916	 -0.4019	     nan
320.0000	384.0000	 -0.1300	  0.1077	     nan
336.0000	384.0000	 -0.3195	  0.3382	     nan
352.0000	384.0000	 -0.1129	  0.1102	     nan
368.0000	384.0000	 -0.0656	  0.0537	     nan
384.0000	384.0000	 -0.1402	  0.1280	     nan
400.0000	384.0000	 -0.0387	  0.0268	     nan
416.0000	384.0000	  0.0242	 -0.0170	     nan
432.0000	384.0000	 -0.0252	  0.0244	     nan
448.0000	384.0000	 -0.1132	  0.1149	     nan
464.0000	384.0000	 -0.0657	  0.0676	     nan
480.0000	384.0000	  0.0318	 -0.0386	     nan
496.0000	384.0000	  0.0059	 -0.0234	     nan
 16.0000	368.0000	  2.5892	 -2.4466	     nan
 32.0000	368.0000	  2.8795	 -2.7830	     nan
 48.0000	368.0000	  3.3455	 -3.2621	     nan
 64.0000	368.0000	  3.6225	 -3.5791	     nan
 80.0000	368.0000	  3.9141	 -3.8911	     nan
 96.0000	368.0000	  4.1101	 -4.1023	     nan
112.0000	368.0000	  4.1577	 -4.2232	     nan
128.0000	368.0000	  4.3404	 -4.2320	     nan
144.0000	368.0000	  4.4095	 -4.2335	     nan
160.0000	368.0000	  4.2213	 -4.2118	     nan
176.0000	368.0000	  4.2317	 -4.2147	     nan
192.0000	368.0000	  4.0372	 -4.0412	     nan
208.0000	368.0000	  3.9043	 -3.9246	     nan
224.0000	368.0000	  3.7274	 -3.7428	     nan
240.0000	368.0000	  3.2390	 -3.2505	     nan
256.0000	368.0000	  2.7908	 -2.7930	     nan
272.0000	368.0000	  2.3044	 -2.2996	     nan
288.0000	368.0000	  1.6958	 -1.6704	     nan
304.0000	368.0000	  1.0485	 -1.0451	     nan
320.0000	368.0000	  0.4378	 -0.4302	     nan
336.0000	368.0000	  0.0374	 -0.0236	     nan
352.0000	368.0000	 -0.1365	  0.1335	     nan
368.0000	368.0000	 -0.1069	  0.1011	     nan
384.0000	368.0000	 -0.0945	  0.0784	     nan
400.0000	368.0000	  0.0141	 -0.0126	     nan
416.0000	368.0000	  0.0098	 -0.0148	     nan
432.0000	368.0000	  0.0451	 -0.0376	     nan
448.0000	368.0000	 -0.0018	  0.0056	     nan
464.0000	368.0000	  0.0476	 -0.0419	     nan
480.0000	368.0000	  0.0204	 -0.0260	     nan
496.0000	368.0000	  0.0270	 -0.0226	     nan
 16.0000	352.0000	  1.6500	 -2.2311	     nan
 32.0000	352.0000	  2.5480	 -2.5302	     nan
 48.0000	352.0000	  2.9056	 -2.9200	     nan
 64.0000	352.0000	  3.2643	 -3.2887	     nan
 80.0000	352.0000	  3.5956	 -3.5900	     nan
 96.0000	352.0000	  3.8310	 -3.8294	     nan
112.0000	352.0000	  3.9853	 -4.0150	     nan
128.0000	352.0000	  4.1868	 -4.2506	     nan
144.0000	352.0000	  4.3324	 -4.3032	     nan
160.0000	352.0000	  4.2915	 -4.2975	     nan
176.0000	352.0000	  4.2835	 -4.3304	     nan
192.0000	352.0000	  4.2169	 -4.2110	     nan
208.0000	352.0000	  4.0630	 -4.0753	     nan
224.0000	352.0000	  3.8394	 -3.8261	     nan
240.0000	352.0000	  3.5932	 -3.5709	     nan
256.0000	352.0000	  3.2682	 -3.2659	     nan
272.0000	352.0000	  2.8389	 -2.8520	     nan
288.0000	352.0000	  2.3157	 -2.3285	     nan
304.0000	352.0000	  1.7787	 -1.7844	     nan
320.0000	352.0000	  1.1353	 -1.1456	     nan
336.0000	352.0000	  0.5629	 -0.5681	     nan
352.0000	352.0000	  0.0752	 -0.0757	     nan
368.0000	352.0000	 -0.0592	  0.0635	     nan
384.0000	352.0000	 -0.0457	  0.0399	     nan
400.0000	352.0000	  0.0046	 -0.0081	     nan
416.0000	352.0000	 -0.1028	  0.1005	     nan
432.0000	352.0000	 -0.0088	  0.0173	     nan
448.0000	352.0000	  0.0488	 -0.0425	     nan
464.0000	352.0000	  0.1416	 -0.1283	     nan
480.0000	352.0000	  0.0126	 -0.0103	     nan
496.0000	352.0000	  0.0273	 -0.0227	     nan
 16.0000	336.0000	  1.3839	 -1.1601	     nan
 32.0000	336.0000	  1.8217	 -1.7810	     nan
 48.0000	336.0000	  2.5531	 -2.5034	     nan
 64.0000	336.0000	  2.9441	 -2.8847	     nan
 80.0000	336.0000	  3.3374	 -3.3072	     nan
 96.0000	336.0000	  3.5589	 -3.5458	     nan
112.0000	336.0000	  3.8333	 -3.8378	     nan
128.0000	336.0000	  4.0746	 -4.1241	     nan
144.0000	336.0000	  4.2777	 -4.2687	     nan
160.0000	336.0000	  4.3365	 -4.3115	     nan
176.0000	336.0000	  4.3580	 -4.2757	     nan
192.0000	336.0000	  4.3014	 -4.2667	     nan
208.0000	336.0000	  4.2150	 -4.1388	     nan
224.0000	336.0000	  4.0013	 -3.9554	     nan
240.0000	336.0000	  3.7654	 -3.7323	     nan
256.0000	336.0000	  3.5453	 -3.5464	     nan
272.0000	336.0000	  3.2746	 -3.2774	     nan
288.0000	336.0000	  2.8651	 -2.8628	     nan
304.0000	336.0000	  2.3415	 -2.3566	     nan
320.0000	336.0000	  1.7843	 -1.8255	     nan
336.0000	336.0000	  1.1982	 -1.2249	     nan
352.0000	336.0000	  0.4266	 -0.4187	     nan
368.0000	336.0000	  0.1699	 -0.1630	     nan
384.0000	336.0000	  0.0696	 -0.0688	     nan
400.0000	336.0000	 -0.0628	  0.0386	     nan
416.0000	336.0000	  0.0253	  0.0268	     nan
432.0000	336.0000	 -0.0006	 -0.0414	     nan
448.0000	336.0000	  0.0252	 -0.0067	     nan
464.0000	336.0000	 -0.0269	  0.0260	     nan
480.0000	336.0000	  0.0574	 -0.0551	     nan
496.0000	336.0000	  0.0531	 -0.0535	     nan
 16.0000	320.0000	  0.6141	 -0.6075	     nan
 32.0000	320.0000	  1.3478	 -1.3648	     nan
 48.0000	320.0000	  1.5948	 -1.6081	     nan
 64.0000	320.0000	  2.1793	 -2.1925	     nan
 80.0000	320.0000	  2.7834	 -2.7862	     nan
 96.0000	320.0000	  3.2073	 -3.2275	     nan
112.0000	320.0000	  3.6163	 -3.6185	     nan
128.0000	320.0000	  3.8660	 -3.8751	     nan
144.0000	320.0000	  4.1338	 -4.1542	     nan
160.0000	320.0000	  4.2802	 -4.2844	     nan
176.0000	320.0000	  4.3630	 -4.3233	     nan
192.0000	320.0000	  4.3306	 -4.2873	     nan
208.0000	320.0000	  4.4006	 -4.3631	     nan
224.0000	320.0000	  4.1943	 -4.2326	     nan
240.0000	320.0000	  4.0983	 -4.0967	     nan
256.0000	320.0000	  3.8079	 -3.8275	     nan
272.0000	320.0000	  3.5813	 -3.5781	     nan
288.0000	320.0000	  3.3023	 -3.2881	     nan
304.0000	320.0000	  2.8344	 -2.8507	     nan
320.0000	320.0000	  2.2899	 -2.3102	     nan
336.0000	320.0000	  1.7403	 -1.7581	     nan
352.0000	320.0000	  1.1566	 -1.1742	     nan
368.0000	320.0000	  0.4957	 -0.4888	     nan
384.0000	320.0000	  0.0097	 -0.0128	     nan
400.0000	320.0000	 -0.0621	 -0.1168	     nan
416.0000	320.0000	 -0.0635	  0.0577	     nan
432.0000	320.0000	 -0.0151	 -0.0179	     nan
448.0000	320.0000	  0.0307	 -0.0164	     nan
464.0000	320.0000	 -0.0111	  0.0121	     nan
480.0000	320.0000	  0.0582	 -0.0529	     nan
496.0000	320.0000	  0.0578	 -0.0529	     nan
 16.0000	304.0000	  0.2139	 -0.2893	     nan
 32.0000	304.0000	  0.7099	 -0.6958	     nan
 48.0000	304.0000	  0.8131	 -0.8040	     nan
 64.0000	304.0000	  1.6782	 -1.7091	     nan
 80.0000	304.0000	  2.3607	 -2.3659	     nan
 96.0000	304.0000	  2.8860	 -2.9011	     nan
112.0000	304.0000	  3.3636	 -3.3654	     nan
128.0000	304.0000	  3.5903	 -3.6048	     nan
144.0000	304.0000	  3.7852	 -3.8056	     nan
160.0000	304.0000	  4.0627	 -4.0708	     nan
176.0000	304.0000	  4.2849	 -4.2723	     nan
192.0000	304.0000	  4.3595	 -4.3349	     nan
208.0000	304.0000	  4.3561	 -4.3934	     nan
224.0000	304.0000	  4.3353	 -4.3247	     nan
240.0000	304.0000	  4.2020	 -4.2353	     nan
256.0000	304.0000	  4.0715	 -4.0415	     nan
272.0000	304.0000	  3.8402	 -3.8320	     nan
288.0000	304.0000	  3.5639	 -3.5735	     nan
304.0000	304.0000	  3.2285	 -3.2429	     nan
320.0000	304.0000	  2.7853	 -2.7850	     nan
336.0000	304.0000	  2.2814	 -2.2805	     nan
352.0000	304.0000	  1.6995	 -1.7175	     nan
368.0000	304.0000	  1.1484	 -1.1275	     nan
384.0000	304.0000	  0.5552	 -0.5486	     nan
400.0000	304.0000	  0.1143	 -0.1027	     nan
416.0000	304.0000	 -0.0183	  0.0173	     nan
432.0000	304.0000	  0.0249	 -0.0232	     nan
448.0000	304.0000	  0.0139	 -0.0220	     nan
464.0000	304.0000	  0.1469	 -0.1482	     nan
480.0000	304.0000	  0.0250	 -0.0148	     nan
496.0000	304.0000	  0.0600	 -0.0405	     nan
 16.0000	288.0000	  0.0859	  0.0748	     nan
 32.0000	288.0000	  0.1032	 -0.1195	     nan
 48.0000	288.0000	 -0.0336	 -0.0026	     nan
 64.0000	288.0000	  1.0179	 -1.0348	     nan
 80.0000	288.0000	  1.8622	 -1.8430	     nan
 96.0000	288.0000	  2.3215	 -2.5203	     nan
112.0000	288.0000	  2.9182	 -2.9060	     nan
128.0000	288.0000	  3.2391	 -3.2551	     nan
144.0000	288.0000	  3.5060	 -3.5096	     nan
160.0000	288.0000	  3.8298	 -3.8174	     nan
176.0000	288.0000	  4.1583	 -4.0853	     nan
192.0000	288.0000	  4.2245	 -4.2265	     nan
208.0000	288.0000	  4.3290	 -4.3619	     nan
224.0000	288.0000	  4.3895	 -4.3906	     nan
240.0000	288.0000	  4.2549	 -4.3057	     nan
256.0000	288.0000	  4.1649	 -4.1763	     nan
272.0000	288.0000	  4.0943	 -4.0981	     nan
288.0000	288.0000	  3.8413	 -3.8502	     nan
304.0000	288.0000	  3.5581	 -3.5574	     nan
320.0000	288.0000	  3.2426	 -3.2035	     nan
336.0000	288.0000	  2.8283	 -2.8131	     nan
352.0000	288.0000	  2.3674	 -2.3406	     nan
368.0000	288.0000	  1.7415	 -1.7225	     nan
384.0000	288.0000	  1.0909	 -1.0773	     nan
400.0000	288.0000	  0.5358	 -0.5317	     nan
416.0000	288.0000	  0.1573	 -0.1659	     nan
432.0000	288.0000	 -0.0082	 -0.0040	     nan
448.0000	288.0000	 -0.0385	  0.0450	     nan
464.0000	288.0000	 -0.0387	  0.0396	     nan
480.0000	288.0000	 -0.0378	  0.0362	     nan
496.0000	288.0000	 -0.0004	 -0.0016	     nan
 16.0000	272.0000	 -0.0659	  0.1141	     nan
 32.0000	272.0000	 -0.0922	  0.0251	     nan
 48.0000	272.0000	 -0.3724	  0.3290	     nan
 64.0000	272.0000	  0.5023	 -0.2383	     nan
 80.0000	272.0000	  1.1247	 -1.1250	     nan
 96.0000	272.0000	  2.0389	 -2.0420	     nan
112.0000	272.0000	  2.4358	 -2.3858	     nan
128.0000	272.0000	  2.8714	 -2.8751	     nan
144.0000	272.0000	  3.2270	 -3.2120	     nan
160.0000	272.0000	  3.5818	 -3.5523	     nan
176.0000	272.0000	  3.9310	 -3.8126	     nan
192.0000	272.0000	  4.1113	 -4.0971	     nan
208.0000	272.0000	  4.2066	 -4.2134	     nan
224.0000	272.0000	  4.3202	 -4.2867	     nan
240.0000	272.0000	  4.2916	 -4.2657	     nan
256.0000	272.0000	  4.3108	 -4.2914	     nan
272.0000	272.0000	  4.2564	 -4.2572	     nan
288.0000	272.0000	  4.1143	 -4.1355	     nan
304.0000	272.0000	  3.8992	 -3.8910	     nan
320.0000	272.0000	  3.5993	 -3.5827	     nan
336.0000	272.0000	  3.2216	 -3.2139	     nan
352.0000	272.0000	  2.8031	 -2.7970	     nan
368.0000	272.0000	  2.2928	 -2.2927	     nan
384.0000	272.0000	  1.7456	 -1.7458	     nan
400.0000	272.0000	  1.1085	 -1.1171	     nan
416.0000	272.0000	  0.5541	 -0.5553	     nan
432.0000	272.0000	  0.1634	 -0.1771	     nan
448.0000	272.0000	 -0.0584	  0.0749	     nan
464.0000	272.0000	 -0.0559	  0.1002	     nan
480.0000	272.0000	  0.0327	 -0.0112	     nan
496.0000	272.0000	 -0.0453	  0.0524	     nan
 16.0000	256.0000	 -0.0893	  0.0696	     nan
 32.0000	256.0000	  0.0732	 -0.0341	     nan
 48.0000	256.0000	 -0.0716	  0.0688	     nan
 64.0000	256.0000	  0.1479	 -0.1886	     nan
 80.0000	256.0000	  0.3350	 -0.3256	     nan
 96.0000	256.0000	  1.2468	 -1.0868	     nan
112.0000	256.0000	  1.7980	 -1.7436	     nan
128.0000	256.0000	  2.3655	 -2.4172	     nan
144.0000	256.0000	  2.8524	 -2.8621	     nan
160.0000	256.0000	  3.2602	 -3.2181	     nan
176.0000	256.0000	  3.6728	 -3.5371	     nan
192.0000	256.0000	  3.9202	 -3.8952	     nan
208.0000	256.0000	  4.0883	 -4.0806	     nan
224.0000	256.0000	  4.2510	 -4.2458	     nan
240.0000	256.0000	  4.3037	 -4.3164	     nan
256.0000	256.0000	  4.3864	 -4.3928	     nan
272.0000	256.0000	  4.3509	 -4.3888	     nan
288.0000	256.0000	  4.2547	 -4.2608	     nan
304.0000	256.0000	  4.0998	 -4.1010	     nan
320.0000	256.0000	  3.8792	 -3.8720	     nan
336.0000	256.0000	  3.5885	 -3.5739	     nan
352.0000	256.0000	  3.2185	 -3.1936	     nan
368.0000	256.0000	  2.7854	 -2.7475	     nan
384.0000	256.0000	  2.2648	 -2.2605	     nan
400.0000	256.0000	  1.7021	 -1.7157	     nan
416.0000	256.0000	  1.1185	 -1.1403	     nan
432.0000	256.0000	  0.4909	 -0.5144	     nan
448.0000	256.0000	  0.0753	 -0.0733	     nan
464.0000	256.0000	 -0.1256	  0.1317	     nan
480.0000	256.0000	  0.0118	 -0.0251	     nan
496.0000	256.0000	 -0.0501	  0.0739	     nan
 16.0000	240.0000	 -0.1264	  0.1086	     nan
 32.0000	240.0000	 -0.0769	  0.0678	     nan
 48.0000	240.0000	 -0.0977	  0.2487	     nan
 64.0000	240.0000	  0.0107	  0.1014	     nan
 80.0000	240.0000	 -0.0813	  0.0785	     nan
 96.0000	240.0000	  0.6037	 -0.4965	     nan
112.0000	240.0000	  1.2862	 -1.1757	     nan
128.0000	240.0000	  1.7492	 -1.7837	     nan
144.0000	240.0000	  2.3070	 -2.3216	     nan
160.0000	240.0000	  2.7586	 -2.7568	     nan
176.0000	240.0000	  3.2599	 -3.2370	     nan
192.0000	240.0000	  3.6351	 -3.6575	     nan
208.0000	240.0000	  3.7229	 -3.7079	     nan
224.0000	240.0000	  4.0840	 -4.0704	     nan
240.0000	240.0000	  4.2338	 -4.2067	     nan
256.0000	240.0000	  4.3469	 -4.3163	     nan
272.0000	240.0000	  4.3710	 -4.3330	     nan
288.0000	240.0000	  4.3366	 -4.3217	     nan
304.0000	240.0000	  4.2515	 -4.2433	     nan
320.0000	240.0000	  4.1016	 -4.0890	     nan
336.0000	240.0000	  3.8856	 -3.8747	     nan
352.0000	240.0000	  3.5871	 -3.5913	     nan
368.0000	240.0000	  3.2152	 -3.2091	     nan
384.0000	240.0000	  2.7333	 -2.7607	     nan
400.0000	240.0000	  2.3006	 -2.2990	     nan
416.0000	240.0000	  1.7583	 -1.7662	     nan
432.0000	240.0000	  1.0843	 -1.1041	     nan
448.0000	240.0000	  0.4800	 -0.4681	     nan
464.0000	240.0000	  0.0875	 -0.0731	     nan
480.0000	240.0000	  0.0953	 -0.0973	     nan
496.0000	240.0000	 -0.0879	  0.1581	     nan
 16.0000	224.0000	 -0.0617	  0.0551	     nan
 32.0000	224.0000	  0.0434	 -0.0213	     nan
 48.0000	224.0000	 -0.0927	  0.0822	     nan
 64.0000	224.0000	 -0.0025	  0.0045	     nan
 80.0000	224.0000	 -0.3384	  0.2945	     nan
 96.0000	224.0000	  0.0271	 -0.0787	     nan
112.0000	224.0000	  0.6529	 -0.5576	     nan
128.0000	224.0000	  1.0529	 -1.0580	     nan
144.0000	224.0000	  1.7125	 -1.6698	     nan
160.0000	224.0000	  2.3594	 -2.3150	     nan
176.0000	224.0000	  2.7359	 -2.7592	     nan
192.0000	224.0000	  3.2003	 -3.2478	     nan
208.0000	224.0000	  3.4292	 -3.4243	     nan
224.0000	224.0000	  3.8687	 -3.9005	     nan
240.0000	224.0000	  4.1013	 -4.1056	     nan
256.0000	224.0000	  4.2463	 -4.2492	     nan
272.0000	224.0000	  4.3231	 -4.3217	     nan
288.0000	224.0000	  4.3476	 -4.3187	     nan
304.0000	224.0000	  4.3145	 -4.3026	     nan
320.0000	224.0000	  4.2456	 -4.2372	     nan
336.0000	224.0000	  4.0915	 -4.0948	     nan
352.0000	224.0000	  3.8555	 -3.8606	     nan
368.0000	224.0000	  3.5563	 -3.5571	     nan
384.0000	224.0000	  3.2164	 -3.2016	     nan
400.0000	224.0000	  2.8319	 -2.8191	     nan
416.0000	224.0000	  2.3672	 -2.3681	     nan
432.0000	224.0000	  1.7678	 -1.7852	     nan
448.0000	224.0000	  1.0229	 -1.0280	     nan
464.0000	224.0000	  0.4388	 -0.4308	     nan
480.0000	224.0000	  0.2279	 -0.2838	     nan
496.0000	224.0000	  0.1855	 -0.0251	     nan
 16.0000	208.0000	 -0.0130	  0.0233	     nan
 32.0000	208.0000	  0.0327	 -0.0123	     nan
 48.0000	208.0000	  0.1697	 -0.0832	     nan
 64.0000	208.0000	  0.0702	 -0.0721	     nan
 80.0000	208.0000	 -0.0104	  0.0057	     nan
 96.0000	208.0000	  0.0279	 -0.0397	     nan
112.0000	208.0000	  0.1031	 -0.1438	     nan
128.0000	208.0000	  0.4091	 -0.4742	     nan
144.0000	208.0000	  1.1070	 -1.1662	     nan
160.0000	208.0000	  1.6510	 -1.6831	     nan
176.0000	208.0000	  2.2899	 -2.2045	     nan
192.0000	208.0000	  2.7852	 -2.7715	     nan
208.0000	208.0000	  3.1953	 -3.2383	     nan
224.0000	208.0000	  3.5701	 -3.5648	     nan
240.0000	208.0000	  3.8651	 -3.8508	     nan
256.0000	208.0000	  4.0894	 -4.0708	     nan
272.0000	208.0000	  4.2309	 -4.2159	     nan
288.0000	208.0000	  4.3086	 -4.3522	     nan
304.0000	208.0000	  4.3518	 -4.3758	     nan
320.0000	208.0000	  4.3175	 -4.3303	     nan
336.0000	208.0000	  4.2343	 -4.2674	     nan
352.0000	208.0000	  4.0920	 -4.0704	     nan
368.0000	208.0000	  3.8915	 -3.8538	     nan
384.0000	208.0000	  3.5550	 -3.5531	     nan
400.0000	208.0000	  3.2264	 -3.2163	     nan
416.0000	208.0000	  2.8341	 -2.8176	     nan
432.0000	208.0000	  2.3686	 -2.3571	     nan
448.0000	208.0000	  1.7391	 -1.7539	     nan
464.0000	208.0000	  0.9346	 -0.9316	     nan
480.0000	208.0000	  0.5119	 -0.5531	     nan
496.0000	208.0000	  0.3020	 -0.1877	     nan
 16.0000	192.0000	  0.0286	 -0.0222	     nan
 32.0000	192.0000	  0.0350	 -0.0311	     nan
 48.0000	192.0000	  0.1904	 -0.1411	     nan
 64.0000	192.0000	  0.1128	 -0.1024	     nan
 80.0000	192.0000	 -0.0277	  0.0180	     nan
 96.0000	192.0000	 -0.1227	  0.1001	     nan
112.0000	192.0000	 -0.0502	  0.0455	     nan
128.0000	192.0000	  0.0654	 -0.0678	     nan
144.0000	192.0000	  0.5201	 -0.5502	     nan
160.0000	192.0000	  1.0866	 -1.1164	     nan
176.0000	192.0000	  1.7264	 -1.7394	     nan
192.0000	192.0000	  2.2724	 -2.2881	     nan
208.0000	192.0000	  2.7307	 -2.7601	     nan
224.0000	192.0000	  3.2058	 -3.1996	     nan
240.0000	192.0000	  3.5813	 -3.5990	     nan
256.0000	192.0000	  3.8690	 -3.8491	     nan
272.0000	192.0000	  4.1016	 -4.0889	     nan
288.0000	192.0000	  4.2410	 -4.2431	     nan
304.0000	192.0000	  4.3590	 -4.3216	     nan
320.0000	192.0000	  4.3407	 -4.3402	     nan
336.0000	192.0000	  4.3273	 -4.3421	     nan
352.0000	192.0000	  4.2482	 -4.2605	     nan
368.0000	192.0000	  4.1242	 -4.1198	     nan
384.0000	192.0000	  3.8885	 -3.9030	     nan
400.0000	192.0000	  3.5548	 -3.5541	     nan
416.0000	192.0000	  3.1969	 -3.1639	     nan
432.0000	192.0000	  2.8277	 -2.8160	     nan
448.0000	192.0000	  2.3190	 -2.2893	     nan
464.0000	192.0000	  1.6932	 -1.7608	     nan
480.0000	192.0000	  1.0670	 -0.6067	     nan
496.0000	192.0000	  0.5279	 -0.5390	     nan
 16.0000	176.0000	 -0.0051	 -0.0079	     nan
 32.0000	176.0000	  0.0052	 -0.0059	     nan
 48.0000	176.0000	  0.1515	 -0.1196	     nan
 64.0000	176.0000	  0.0536	 -0.0565	     nan
 80.0000	176.0000	 -0.0541	  0.0403	     nan
 96.0000	176.0000	 -0.0257	  0.0334	     nan
112.0000	176.0000	 -0.0745	  0.0676	     nan
128.0000	176.0000	 -0.0698	  0.0612	     nan
144.0000	176.0000	  0.1497	 -0.1702	     nan
160.0000	176.0000	  0.5328	 -0.5245	     nan
176.0000	176.0000	  1.1543	 -1.1532	     nan
192.0000	176.0000	  1.7437	 -1.7174	     nan
208.0000	176.0000	  2.2538	 -2.2545	     nan
224.0000	176.0000	  2.7766	 -2.7671	     nan
240.0000	176.0000	  3.2167	 -3.2086	     nan
256.0000	176.0000	  3.5730	 -3.5736	     nan
272.0000	176.0000	  3.8803	 -3.8713	     nan
288.0000	176.0000	  4.0770	 -4.0706	     nan
304.0000	176.0000	  4.2600	 -4.2445	     nan
320.0000	176.0000	  4.3643	 -4.3569	     nan
336.0000	176.0000	  4.3913	 -4.3913	     nan
352.0000	176.0000	  4.3495	 -4.3559	     nan
368.0000	176.0000	  4.2660	 -4.2769	     nan
384.0000	176.0000	  4.1421	 -4.1342	     nan
400.0000	176.0000	  3.8906	 -3.8886	     nan
416.0000	176.0000	  3.5688	 -3.5196	     nan
432.0000	176.0000	  3.2159	 -3.2033	     nan
448.0000	176.0000	  2.7884	 -2.7899	     nan
464.0000	176.0000	  2.1597	 -2.2498	     nan
480.0000	176.0000	  1.3583	 -0.9521	     nan
496.0000	176.0000	  0.9043	 -1.0991	     nan
 16.0000	160.0000	 -0.0231	  0.0037	     nan
 32.0000	160.0000	  0.0062	  0.0112	     nan
 48.0000	160.0000	  0.0090	 -0.0079	     nan
 64.0000	160.0000	  0.0048	 -0.0019	     nan
 80.0000	160.0000	 -0.0282	  0.0095	     nan
 96.0000	160.0000	  0.0416	 -0.0467	     nan
112.0000	160.0000	 -0.0332	  0.0468	     nan
128.0000	160.0000	 -0.0278	  0.0468	     nan
144.0000	160.0000	  0.0244	 -0.0364	     nan
160.0000	160.0000	  0.1429	 -0.1415	     nan
176.0000	160.0000	  0.5072	 -0.5039	     nan
192.0000	160.0000	  1.0020	 -0.9565	     nan
208.0000	160.0000	  1.7843	 -1.7760	     nan
224.0000	160.0000	  2.2774	 -2.3632	     nan
240.0000	160.0000	  2.7551	 -2.7475	     nan
256.0000	160.0000	  3.2255	 -3.2211	     nan
272.0000	160.0000	  3.5392	 -3.5400	     nan
288.0000	160.0000	  3.8298	 -3.8241	     nan
304.0000	160.0000	  4.1029	 -4.0783	     nan
320.0000	160.0000	  4.2819	 -4.2737	     nan
336.0000	160.0000	  4.3694	 -4.3535	     nan
352.0000	160.0000	  4.3890	 -4.3732	     nan
368.0000	160.0000	  4.3586	 -4.3614	     nan
384.0000	160.0000	  4.2933	 -4.2837	     nan
400.0000	160.0000	  4.0892	 -4.0828	     nan
416.0000	160.0000	  3.8258	 -3.7846	     nan
432.0000	160.0000	  3.6198	 -3.6001	     nan
448.0000	160.0000	  3.2487	 -3.2800	     nan
464.0000	160.0000	  2.6288	 -2.6106	     nan
480.0000	160.0000	  2.4005	 -2.3807	     nan
496.0000	160.0000	  1.4934	 -1.5175	     nan
 16.0000	144.0000	  0.0019	  0.0041	     nan
 32.0000	144.0000	  0.0223	 -0.0000	     nan
 48.0000	144.0000	  0.0065	  0.0144	     nan
 64.0000	144.0000	  0.0216	 -0.0119	     nan
 80.0000	144.0000	 -0.0002	 -0.0399	     nan
 96.0000	144.0000	 -0.0356	  0.0524	     nan
112.0000	144.0000	 -0.0046	 -0.0256	     nan
128.0000	144.0000	 -0.0141	  0.0267	     nan
144.0000	144.0000	 -0.0247	  0.0307	     nan
160.0000	144.0000	  0.0150	  0.0146	     nan
176.0000	144.0000	  0.0823	 -0.0850	     nan
192.0000	144.0000	  0.4420	 -0.4142	     nan
208.0000	144.0000	  1.0411	 -1.0273	     nan
224.0000	144.0000	  1.6931	 -1.7150	     nan
240.0000	144.0000	  2.3310	 -2.3384	     nan
256.0000	144.0000	  2.8394	 -2.8415	     nan
272.0000	144.0000	  3.2025	 -3.2054	     nan
288.0000	144.0000	  3.4813	 -3.4849	     nan
304.0000	144.0000	  3.8435	 -3.8327	     nan
320.0000	144.0000	  4.0896	 -4.0907	     nan
336.0000	144.0000	  4.2453	 -4.2559	     nan
352.0000	144.0000	  4.3329	 -4.3415	     nan
368.0000	144.0000	  4.3843	 -4.3861	     nan
384.0000	144.0000	  4.3576	 -4.3627	     nan
400.0000	144.0000	  4.2737	 -4.2649	     nan
416.0000	144.0000	  4.1648	 -4.1813	     nan
432.0000	144.0000	  3.8751	 -3.8683	     nan
448.0000	144.0000	  3.5676	 -3.5859	     nan
464.0000	144.0000	  3.4303	 -3.4770	     nan
480.0000	144.0000	  2.6590	 -2.7308	     nan
496.0000	144.0000	  2.0810	 -2.1125	     nan
 16.0000	128.0000	  0.0177	 -0.0151	     nan
 32.0000	128.0000	  0.0088	  0.0079	     nan
 48.0000	128.0000	  0.0557	 -0.0368	     nan
 64.0000	128.0000	  0.0370	 -0.0362	     nan
 80.0000	128.0000	 -0.0022	 -0.0500	     nan
 96.0000	128.0000	  0.0243	 -0.0259	     nan
112.0000	128.0000	  0.0519	 -0.0788	     nan
128.0000	128.0000	  0.0381	 -0.0129	     nan
144.0000	128.0000	 -0.0239	  0.0028	     nan
160.0000	128.0000	 -0.0172	  0.0189	     nan
176.0000	128.0000	  0.0023	 -0.0259	     nan
192.0000	128.0000	  0.0308	 -0.0283	     nan
208.0000	128.0000	  0.3875	 -0.3835	     nan
224.0000	128.0000	  1.1079	 -1.1243	     nan
240.0000	128.0000	  1.8312	 -1.8229	     nan
256.0000	128.0000	  2.3521	 -2.3606	     nan
272.0000	128.0000	  2.8584	 -2.8305	     nan
288.0000	128.0000	  3.1780	 -3.1657	     nan
304.0000	128.0000	  3.5180	 -3.5228	     nan
320.0000	128.0000	  3.8588	 -3.8678	     nan
336.0000	128.0000	  4.0706	 -4.0972	     nan
352.0000	128.0000	  4.2365	 -4.2515	     nan
368.0000	128.0000	  4.3564	 -4.3571	     nan
384.0000	128.0000	  4.3970	 -4.4030	     nan
400.0000	128.0000	  4.3753	 -4.3915	     nan
416.0000	128.0000	  4.3077	 -4.3206	     nan
432.0000	128.0000	  4.1723	 -4.1635	     nan
448.0000	128.0000	  3.9207	 -3.9094	     nan
464.0000	128.0000	  3.8709	 -3.8809	     nan
480.0000	128.0000	  3.1932	 -3.1867	     nan
496.0000	128.0000	  2.7004	 -2.6580	     nan
 16.0000	112.0000	 -0.0157	  0.0151	     nan
 32.0000	112.0000	  0.0096	  0.0006	     nan
 48.0000	112.0000	  0.0077	  0.0139	     nan
 64.0000	112.0000	  0.0402	 -0.0404	     nan
 80.0000	112.0000	 -0.0156	 -0.0836	     nan
 96.0000	112.0000	 -0.0344	 -0.0927	     nan
112.0000	112.0000	 -0.0224	 -0.0375	     nan
128.0000	112.0000	 -0.0337	  0.0023	     nan
144.0000	112.0000	 -0.0110	  0.0139	     nan
160.0000	112.0000	 -0.0093	  0.0034	     nan
176.0000	112.0000	 -0.0340	  0.0366	     nan
192.0000	112.0000	 -0.1709	  0.1724	     nan
208.0000	112.0000	 -0.0330	 -0.0033	     nan
224.0000	112.0000	  0.4133	 -0.4699	     nan
240.0000	112.0000	  1.1157	 -1.0898	     nan
256.0000	112.0000	  1.7983	 -1.8061	     nan
272.0000	112.0000	  2.4238	 -2.3601	     nan
288.0000	112.0000	  2.8321	 -2.8180	     nan
304.0000	112.0000	  3.2244	 -3.2187	     nan
320.0000	112.0000	  3.6032	 -3.5936	     nan
336.0000	112.0000	  3.8537	 -3.8500	     nan
352.0000	112.0000	  4.0942	 -4.0900	     nan
368.0000	112.0000	  4.2577	 -4.2569	     nan
384.0000	112.0000	  4.3472	 -4.3459	     nan
400.0000	112.0000	  4.4107	 -4.4071	     nan
416.0000	112.0000	  4.4621	 -4.4379	     nan
432.0000	112.0000	  4.3071	 -4.3159	     nan
448.0000	112.0000	  4.1295	 -4.1247	     nan
464.0000	112.0000	  3.8865	 -3.8496	     nan
480.0000	112.0000	  3.5110	 -3.4391	     nan
496.0000	112.0000	  3.1773	 -3.1596	     nan
 16.0000	 96.0000	 -0.0365	  0.0358	     nan
 32.0000	 96.0000	  0.0085	 -0.0038	     nan
 48.0000	 96.0000	 -0.0427	  0.0336	     nan
 64.0000	 96.0000	  0.0229	 -0.0323	     nan
 80.0000	 96.0000	 -0.0627	  0.0646	     nan
 96.0000	 96.0000	  0.0172	 -0.0108	     nan
112.0000	 96.0000	  0.0262	 -0.0149	     nan
128.0000	 96.0000	 -0.0072	 -0.0050	     nan
144.0000	 96.0000	 -0.0282	  0.0201	     nan
160.0000	 96.0000	 -0.0247	 -0.0240	     nan
176.0000	 96.0000	 -0.0113	  0.0099	     nan
192.0000	 96.0000	 -0.0683	  0.0282	     nan
208.0000	 96.0000	 -0.1143	  0.1038	     nan
224.0000	 96.0000	  0.0029	 -0.0438	     nan
240.0000	 96.0000	  0.5305	 -0.4914	     nan
256.0000	 96.0000	  1.1554	 -1.1259	     nan
272.0000	 96.0000	  1.7442	 -1.7861	     nan
288.0000	 96.0000	  2.3702	 -2.3572	     nan
304.0000	 96.0000	  2.7658	 -2.7678	     nan
320.0000	 96.0000	  3.2628	 -3.2769	     nan
336.0000	 96.0000	  3.6026	 -3.5843	     nan
352.0000	 96.0000	  3.8690	 -3.8680	     nan
368.0000	 96.0000	  4.0755	 -4.0889	     nan
384.0000	 96.0000	  4.2291	 -4.2369	     nan
400.0000	 96.0000	  4.3261	 -4.3221	     nan
416.0000	 96.0000	  4.4098	 -4.4046	     nan
432.0000	 96.0000	  4.3081	 -4.3508	     nan
448.0000	 96.0000	  4.1996	 -4.1963	     nan
464.0000	 96.0000	  4.0667	 -4.0609	     nan
480.0000	 96.0000	  3.7194	 -3.7164	     nan
496.0000	 96.0000	  3.6581	 -3.5813	     nan
 16.0000	 80.0000	 -0.0072	  0.0069	     nan
 32.0000	 80.0000	  0.0115	 -0.0080	     nan
 48.0000	 80.0000	 -0.0197	  0.0140	     nan
 64.0000	 80.0000	  0.0132	 -0.0172	     nan
 80.0000	 80.0000	 -0.0200	 -0.0201	     nan
 96.0000	 80.0000	  0.0354	 -0.0483	     nan
112.0000	 80.0000	 -0.0044	 -0.0205	     nan
128.0000	 80.0000	 -0.0273	  0.0043	     nan
144.0000	 80.0000	 -0.0160	  0.0163	     nan
160.0000	 80.0000	 -0.0099	 -0.0055	     nan
176.0000	 80.0000	 -0.0000	  0.0016	     nan
192.0000	 80.0000	 -0.0432	  0.0186	     nan
208.0000	 80.0000	 -0.1061	  0.0763	     nan
224.0000	 80.0000	 -0.0514	  0.0248	     nan
240.0000	 80.0000	  0.0751	 -0.0246	     nan
256.0000	 80.0000	  0.3572	 -0.3758	     nan
272.0000	 80.0000	  1.2654	 -1.2272	     nan
288.0000	 80.0000	  1.7910	 -1.7895	     nan
304.0000	 80.0000	  2.2683	 -2.2689	     nan
320.0000	 80.0000	  2.8796	 -2.7557	     nan
336.0000	 80.0000	  3.2147	 -3.1502	     nan
352.0000	 80.0000	  3.5678	 -3.5662	     nan
368.0000	 80.0000	  3.8563	 -3.8868	     nan
384.0000	 80.0000	  4.0699	 -4.0901	     nan
400.0000	 80.0000	  4.2387	 -4.2432	     nan
416.0000	 80.0000	  4.3578	 -4.3572	     nan
432.0000	 80.0000	  4.3742	 -4.3835	     nan
448.0000	 80.0000	  4.3183	 -4.2601	     nan
464.0000	 80.0000	  4.2729	 -4.1817	     nan
480.0000	 80.0000	  4.0008	 -4.0214	     nan
496.0000	 80.0000	  3.9626	 -3.9569	     nan
 16.0000	 64.0000	  0.0050	 -0.0058	     nan
 32.0000	 64.0000	  0.0120	 -0.0069	     nan
 48.0000	 64.0000	  0.0247	 -0.0242	     nan
 64.0000	 64.0000	  0.0133	 -0.0139	     nan
 80.0000	 64.0000	 -0.0323	  0.0200	     nan
 96.0000	 64.0000	 -0.0281	  0.0215	     nan
112.0000	 64.0000	 -0.0225	  0.0166	     nan
128.0000	 64.0000	 -0.0101	  0.0066	     nan
144.0000	 64.0000	 -0.0083	  0.0030	     nan
160.0000	 64.0000	  0.0010	 -0.0002	     nan
176.0000	 64.0000	  0.0040	 -0.0021	     nan
192.0000	 64.0000	  0.0005	 -0.0015	     nan
208.0000	 64.0000	 -0.0000	 -0.0175	     nan
224.0000	 64.0000	  0.0123	 -0.0130	     nan
240.0000	 64.0000	  0.1013	 -0.0692	     nan
256.0000	 64.0000	  0.2866	 -0.2243	     nan
272.0000	 64.0000	  0.5368	 -0.5702	     nan
288.0000	 64.0000	  1.0819	 -1.0536	     nan
304.0000	 64.0000	  1.6665	 -1.6356	     nan
320.0000	 64.0000	  2.2887	 -2.2775	     nan
336.0000	 64.0000	  2.8621	 -2.8616	     nan
352.0000	 64.0000	  3.2052	 -3.2281	     nan
368.0000	 64.0000	  3.5739	 -3.5947	     nan
384.0000	 64.0000	  3.8569	 -3.8603	     nan
400.0000	 64.0000	  4.1034	 -4.0797	     nan
416.0000	 64.0000	  4.2786	 -4.2425	     nan
432.0000	 64.0000	  4.3547	 -4.3270	     nan
448.0000	 64.0000	  4.3968	 -4.3630	     nan
464.0000	 64.0000	  4.3505	 -4.3112	     nan
480.0000	 64.0000	  4.2639	 -4.2560	     nan
496.0000	 64.0000	  4.1010	 -4.1148	     nan
 16.0000	 48.0000	  0.0106	 -0.0046	     nan
 32.0000	 48.0000	 -0.0097	 -0.0130	     nan
 48.0000	 48.0000	  0.0407	 -0.0600	     nan
 64.0000	 48.0000	  0.0219	 -0.0318	     nan
 80.0000	 48.0000	 -0.0475	  0.0293	     nan
 96.0000	 48.0000	 -0.0613	  0.0443	     nan
112.0000	 48.0000	 -0.0479	  0.0317	     nan
128.0000	 48.0000	 -0.0287	  0.0206	     nan
144.0000	 48.0000	 -0.0159	  0.0130	     nan
160.0000	 48.0000	 -0.0005	  0.0032	     nan
176.0000	 48.0000	  0.0120	 -0.0106	     nan
192.0000	 48.0000	  0.0123	 -0.0115	     nan
208.0000	 48.0000	  0.0268	 -0.0357	     nan
224.0000	 48.0000	  0.0294	 -0.0478	     nan
240.0000	 48.0000	 -0.0295	  0.0162	     nan
256.0000	 48.0000	 -0.0777	  0.0334	     nan
272.0000	 48.0000	 -0.1620	  0.1123	     nan
288.0000	 48.0000	  0.4286	 -0.4075	     nan
304.0000	 48.0000	  1.1884	 -1.1605	     nan
320.0000	 48.0000	  1.7857	 -1.7727	     nan
336.0000	 48.0000	  2.1931	 -2.1873	     nan
352.0000	 48.0000	  2.6738	 -2.6808	     nan
368.0000	 48.0000	  3.1866	 -3.2170	     nan
384.0000	 48.0000	  3.5537	 -3.5021	     nan
400.0000	 48.0000	  3.8336	 -3.7993	     nan
416.0000	 48.0000	  4.1015	 -4.0350	     nan
432.0000	 48.0000	  4.2544	 -4.2083	     nan
448.0000	 48.0000	  4.3629	 -4.3056	     nan
464.0000	 48.0000	  4.3835	 -4.3624	     nan
480.0000	 48.0000	  4.3145	 -4.3159	     nan
496.0000	 48.0000	  4.2739	 -4.2616	     nan
 16.0000	 32.0000	  0.0076	 -0.0095	     nan
 32.0000	 32.0000	 -0.0022	 -0.0003	     nan
 48.0000	 32.0000	 -0.0036	  0.0097	     nan
 64.0000	 32.0000	  0.0088	  0.0006	     nan
 80.0000	 32.0000	  0.0234	 -0.0164	     nan
 96.0000	 32.0000	  0.0171	 -0.0143	     nan
112.0000	 32.0000	  0.0288	 -0.0246	     nan
128.0000	 32.0000	  0.0190	 -0.0198	     nan
144.0000	 32.0000	 -0.0013	 -0.0028	     nan
160.0000	 32.0000	 -0.0065	  0.0003	     nan
176.0000	 32.0000	 -0.0094	  0.0042	     nan
192.0000	 32.0000	 -0.0226	  0.0178	     nan
208.0000	 32.0000	 -0.0193	  0.0175	     nan
224.0000	 32.0000	 -0.0009	  0.0098	     nan
240.0000	 32.0000	  0.0274	 -0.0157	     nan
256.0000	 32.0000	  0.0748	 -0.0417	     nan
272.0000	 32.0000	 -0.0454	  0.0615	     nan
288.0000	 32.0000	 -0.0272	 -0.0003	     nan
304.0000	 32.0000	  0.4881	 -0.4131	     nan
320.0000	 32.0000	  1.2436	 -1.1237	     nan
336.0000	 32.0000	  1.7266	 -1.7573	     nan
352.0000	 32.0000	  2.3273	 -2.3430	     nan
368.0000	 32.0000	  2.7789	 -2.8182	     nan
384.0000	 32.0000	  3.2108	 -3.2375	     nan
400.0000	 32.0000	  3.5492	 -3.5955	     nan
416.0000	 32.0000	  3.8824	 -3.9067	     nan
432.0000	 32.0000	  4.1151	 -4.1414	     nan
448.0000	 32.0000	  4.3108	 -4.2939	     nan
464.0000	 32.0000	  4.3731	 -4.3590	     nan
480.0000	 32.0000	  4.3716	 -4.3762	     nan
496.0000	 32.0000	  4.3780	 -4.3641	     nan
 16.0000	 16.0000	  0.0088	 -0.0107	     nan
 32.0000	 16.0000	  0.0090	 -0.0078	     nan
 48.0000	 16.0000	  0.0033	 -0.0051	     nan
 64.0000	 16.0000	  0.0203	 -0.0213	     nan
 80.0000	 16.0000	 -0.0047	  0.0163	     nan
 96.0000	 16.0000	 -0.0159	  0.0111	     nan
112.0000	 16.0000	 -0.0086	  0.0064	     nan
128.0000	 16.0000	 -0.0081	  0.0019	     nan
144.0000	 16.0000	 -0.0154	  0.0076	     nan
160.0000	 16.0000	  0.0069	 -0.0077	     nan
176.0000	 16.0000	 -0.0008	  0.0006	     nan
192.0000	 16.0000	  0.0023	 -0.0034	     nan
208.0000	 16.0000	  0.0051	 -0.0060	     nan
224.0000	 16.0000	 -0.0015	 -0.0016	     nan
240.0000	 16.0000	 -0.0053	 -0.0154	     nan
256.0000	 16.0000	  0.0148	  0.0172	     nan
272.0000	 16.0000	 -0.0697	  0.0752	     nan
288.0000	 16.0000	 -0.0889	  0.0823	     nan
304.0000	 16.0000	  0.1692	 -0.1088	     nan
320.0000	 16.0000	  0.7517	 -0.7680	     nan
336.0000	 16.0000	  1.3707	 -1.3568	     nan
352.0000	 16.0000	  1.7449	 -1.6986	     nan
368.0000	 16.0000	  2.1719	 -2.2671	     nan
384.0000	 16.0000	  2.6021	 -2.7917	     nan
400.0000	 16.0000	  3.0753	 -3.1029	     nan
416.0000	 16.0000	  3.5818	 -3.4365	     nan
432.0000	 16.0000	  3.7277	 -3.9100	     nan
448.0000	 16.0000	  4.0921	 -4.0607	     nan
464.0000	 16.0000	  4.3503	 -4.3259	     nan
480.0000	 16.0000	  4.3473	 -4.3605	     nan
496.0000	 16.0000	  4.3646	 -4.3566	     nan
