 32.0000	 32.0000	  4.3110	 -4.2409	  4.4428
 64.0000	 32.0000	  4.2293	 -4.2269	  4.7062
 96.0000	 32.0000	  3.7970	 -3.8306	  5.2212
128.0000	 32.0000	  3.2130	 -3.3287	  4.3802
160.0000	 32.0000	  2.0978	 -2.0266	  3.5647
192.0000	 32.0000	  1.6578	 -1.7293	  3.2545
224.0000	 32.0000	  0.2769	 -0.2442	  3.8805
256.0000	 32.0000	  0.0822	 -0.0255	  5.2791
288.0000	 32.0000	 -0.0315	 -0.0018	  4.8304
320.0000	 32.0000	 -0.0998	 -0.0273	  4.2123
352.0000	 32.0000	  0.0546	 -0.0554	  2.8345
384.0000	 32.0000	  0.0366	 -0.0076	  3.2170
416.0000	 32.0000	 -0.0324	 -0.0135	  5.1947
448.0000	 32.0000	 -0.0185	 -0.0181	  4.7910
480.0000	 32.0000	 -0.0006	 -0.0060	  2.9675
 32.0000	 64.0000	  4.1501	 -4.1550	  3.7606
 64.0000	 64.0000	  4.2281	 -4.2868	  4.5059
 96.0000	 64.0000	  4.1869	 -4.1484	  5.3948
128.0000	 64.0000	  3.8721	 -3.8763	  5.6143
160.0000	 64.0000	  2.8640	 -2.7215	  3.5524
192.0000	 64.0000	  2.0125	 -2.0372	  4.0289
224.0000	 64.0000	  0.9869	 -1.0093	  2.2776
256.0000	 64.0000	  0.4110	 -0.2296	  2.8447
288.0000	 64.0000	 -0.0052	  0.0623	  4.1977
320.0000	 64.0000	 -0.1054	  0.0054	  3.3767
352.0000	 64.0000	  0.0296	  0.0001	  4.8633
384.0000	 64.0000	  0.0193	 -0.0000	  3.7955
416.0000	 64.0000	 -0.0366	  0.0159	  4.4225
448.0000	 64.0000	 -0.0172	  0.0141	  5.0274
480.0000	 64.0000	  0.0000	  0.0032	  4.1462
 32.0000	 96.0000	  3.5445	 -3.5742	  2.8770
 64.0000	 96.0000	  4.1187	 -4.2976	  3.9156
 96.0000	 96.0000	  4.3349	 -4.3027	  4.4066
128.0000	 96.0000	  4.2636	 -4.1476	  4.1579
160.0000	 96.0000	  3.7981	 -3.7999	  3.7252
192.0000	 96.0000	  3.0725	 -3.1684	  3.7369
224.0000	 96.0000	  1.8846	 -1.9694	  1.7290
256.0000	 96.0000	  1.1264	 -1.1783	  1.7995
288.0000	 96.0000	  0.3072	 -0.3406	  1.8811
320.0000	 96.0000	 -0.0088	 -0.0140	  3.8664
352.0000	 96.0000	  0.0050	 -0.0074	  5.0039
384.0000	 96.0000	  0.0000	  0.0058	  3.5706
416.0000	 96.0000	 -0.0069	  0.0184	  3.9227
448.0000	 96.0000	  0.0202	 -0.0120	  5.7480
480.0000	 96.0000	 -0.0004	 -0.0459	  3.6307
 32.0000	128.0000	  3.1193	 -3.1098	  5.0444
 64.0000	128.0000	  3.8471	 -3.8585	  3.6640
 96.0000	128.0000	  4.1909	 -4.1994	  3.1031
128.0000	128.0000	  4.3905	 -4.2761	  4.3798
160.0000	128.0000	  4.1642	 -4.1031	  5.2748
192.0000	128.0000	  3.6270	 -3.7552	  4.5396
224.0000	128.0000	  3.2092	 -3.1871	  3.2135
256.0000	128.0000	  2.0723	 -2.1804	  2.8108
288.0000	128.0000	  1.1414	 -1.1326	  3.5960
320.0000	128.0000	  0.3002	 -0.2879	  4.4074
352.0000	128.0000	 -0.0096	 -0.0152	  3.1720
384.0000	128.0000	  0.0239	 -0.0164	  2.6405
416.0000	128.0000	 -0.0082	 -0.0108	  3.2794
448.0000	128.0000	  0.0308	 -0.0312	  4.3809
480.0000	128.0000	 -0.0023	 -0.0311	  3.9737
 32.0000	160.0000	  2.6573	 -2.5968	  3.1145
 64.0000	160.0000	  3.0529	 -3.0535	  3.7227
 96.0000	160.0000	  3.7922	 -3.6940	  2.6819
128.0000	160.0000	  4.3019	 -4.2223	  4.2912
160.0000	160.0000	  4.3223	 -4.2306	  3.8174
192.0000	160.0000	  3.9339	 -3.9072	  3.2173
224.0000	160.0000	  3.5587	 -3.4888	  2.4976
256.0000	160.0000	  3.0320	 -2.9786	  3.2871
288.0000	160.0000	  1.9078	 -1.8462	  2.6657
320.0000	160.0000	  0.8165	 -0.6787	  3.9197
352.0000	160.0000	  0.1111	 -0.0944	  3.8022
384.0000	160.0000	 -0.0645	 -0.0539	  3.4182
416.0000	160.0000	  0.0000	 -0.0001	  2.0929
448.0000	160.0000	  0.0040	  0.0353	  3.6162
480.0000	160.0000	 -0.0019	  0.0288	  5.5176
 32.0000	192.0000	  1.0160	 -1.0450	  3.7298
 64.0000	192.0000	  1.9884	 -2.0023	  3.4737
 96.0000	192.0000	  2.9616	 -3.0648	  2.5590
128.0000	192.0000	  3.8104	 -3.8311	  2.3018
160.0000	192.0000	  4.2691	 -4.2463	  2.0030
192.0000	192.0000	  4.2875	 -4.2968	  2.3940
224.0000	192.0000	  4.0984	 -4.1143	  3.9695
256.0000	192.0000	  3.8076	 -3.7933	  4.0530
288.0000	192.0000	  3.1136	 -3.0517	  3.9536
320.0000	192.0000	  2.3145	 -2.2523	  3.2012
352.0000	192.0000	  0.9244	 -0.9384	  2.9450
384.0000	192.0000	  0.0774	 -0.2321	  2.6544
416.0000	192.0000	  0.0060	  0.0076	  2.9773
448.0000	192.0000	  0.0627	  0.0253	  4.5507
480.0000	192.0000	 -0.0027	  0.0190	  5.5797
 32.0000	224.0000	  0.4025	 -0.3907	  3.1736
 64.0000	224.0000	  0.9630	 -0.9389	  3.8757
 96.0000	224.0000	  1.8940	 -1.8824	  2.8973
128.0000	224.0000	  2.6418	 -2.6794	  2.7473
160.0000	224.0000	  3.6960	 -3.6821	  2.3882
192.0000	224.0000	  4.2381	 -4.2681	  1.5419
224.0000	224.0000	  4.2860	 -4.2833	  4.1102
256.0000	224.0000	  4.2115	 -4.1968	  4.6061
288.0000	224.0000	  3.8008	 -3.8367	  4.0552
320.0000	224.0000	  3.2804	 -3.3176	  4.6026
352.0000	224.0000	  2.1953	 -2.2380	  2.9581
384.0000	224.0000	  1.1825	 -1.1938	  3.1054
416.0000	224.0000	  0.2899	 -0.2921	  4.2745
448.0000	224.0000	  0.0498	 -0.0334	  5.2655
480.0000	224.0000	 -0.0078	 -0.0215	  4.8268
 32.0000	256.0000	  0.0147	  0.0012	  2.0419
 64.0000	256.0000	  0.4052	 -0.3763	  1.5573
 96.0000	256.0000	  1.6855	 -1.6776	  2.9031
128.0000	256.0000	  2.0709	 -2.0753	  2.7283
160.0000	256.0000	  3.1272	 -3.1154	  1.9297
192.0000	256.0000	  3.6288	 -3.7227	  3.5402
224.0000	256.0000	  4.1966	 -4.1837	  4.3223
256.0000	256.0000	  4.3121	 -4.3111	  3.9430
288.0000	256.0000	  4.1262	 -4.1284	  3.3735
320.0000	256.0000	  3.8324	 -3.8205	  4.4265
352.0000	256.0000	  3.2128	 -3.1963	  3.0645
384.0000	256.0000	  1.9003	 -1.9052	  4.4031
416.0000	256.0000	  1.1940	 -1.2133	  4.0698
448.0000	256.0000	  0.1469	 -0.1403	  5.0630
480.0000	256.0000	 -0.0034	 -0.0045	  4.4940
 32.0000	288.0000	  0.0057	 -0.0635	  3.4421
 64.0000	288.0000	  0.1208	 -0.1010	  2.4428
 96.0000	288.0000	  0.2819	 -0.2428	  3.3403
128.0000	288.0000	  0.6142	 -0.7047	  3.3742
160.0000	288.0000	  2.2128	 -2.1762	  1.9922
192.0000	288.0000	  3.3125	 -3.3775	  3.8980
224.0000	288.0000	  3.9476	 -3.9438	  4.1515
256.0000	288.0000	  4.2397	 -4.2432	  2.9030
288.0000	288.0000	  4.2605	 -4.1939	  2.8274
320.0000	288.0000	  4.1084	 -3.9887	  2.3730
352.0000	288.0000	  3.7679	 -3.7663	  3.0841
384.0000	288.0000	  2.8555	 -2.8363	  3.4144
416.0000	288.0000	  2.0704	 -2.0812	  2.9937
448.0000	288.0000	  0.9942	 -0.9250	  2.0920
480.0000	288.0000	  0.0531	 -0.0131	  3.5669
 32.0000	320.0000	  0.0052	  0.0145	  5.1820
 64.0000	320.0000	  0.0578	 -0.0398	  5.2740
 96.0000	320.0000	  0.0652	 -0.0623	  5.5232
128.0000	320.0000	  0.1863	 -0.2114	  4.7644
160.0000	320.0000	  0.5937	 -0.7430	  3.0752
192.0000	320.0000	  2.1842	 -2.4895	  2.2466
224.0000	320.0000	  2.8186	 -3.0415	  2.2835
256.0000	320.0000	  3.8627	 -3.8003	  2.5218
288.0000	320.0000	  4.2084	 -4.1169	  3.9064
320.0000	320.0000	  4.2569	 -4.3092	  3.0772
352.0000	320.0000	  4.0988	 -4.2000	  3.7276
384.0000	320.0000	  3.8150	 -3.7858	  3.4086
416.0000	320.0000	  2.9873	 -2.9919	  3.2171
448.0000	320.0000	  2.6554	 -2.6464	  2.7896
480.0000	320.0000	  0.2301	 -0.2061	  1.7976
 32.0000	352.0000	  0.0017	  0.0571	  4.9628
 64.0000	352.0000	  0.0000	  0.0484	  4.8481
 96.0000	352.0000	  0.0041	 -0.0000	  3.8536
128.0000	352.0000	  0.0657	 -0.0641	  4.1296
160.0000	352.0000	  0.1175	 -0.1167	  4.2476
192.0000	352.0000	  0.8140	 -0.7647	  3.3070
224.0000	352.0000	  1.8902	 -1.9861	  3.2895
256.0000	352.0000	  2.8508	 -2.9220	  2.8709
288.0000	352.0000	  3.9263	 -3.8761	  4.5457
320.0000	352.0000	  4.1709	 -4.2027	  3.1748
352.0000	352.0000	  4.2196	 -4.2892	  4.5586
384.0000	352.0000	  4.2171	 -4.1913	  4.0649
416.0000	352.0000	  3.9246	 -3.9129	  3.9753
448.0000	352.0000	  3.0566	 -3.0534	  2.8603
480.0000	352.0000	  2.6615	 -2.6716	  2.5708
 32.0000	384.0000	  0.0938	 -0.0001	  2.3881
 64.0000	384.0000	  0.0220	  0.0705	  3.9062
 96.0000	384.0000	 -0.0515	  0.0675	  3.2215
128.0000	384.0000	 -0.0186	  0.0018	  3.2243
160.0000	384.0000	  0.0373	  0.0429	  3.5580
192.0000	384.0000	  0.3974	 -0.2465	  3.9177
224.0000	384.0000	  1.3062	 -1.1802	  2.5499
256.0000	384.0000	  2.2916	 -2.2762	  3.0721
288.0000	384.0000	  3.1774	 -3.2556	  3.5325
320.0000	384.0000	  3.8340	 -3.8367	  3.3634
352.0000	384.0000	  4.2007	 -4.1879	  3.1846
384.0000	384.0000	  4.2850	 -4.3101	  3.2820
416.0000	384.0000	  4.2358	 -4.3534	  3.7941
448.0000	384.0000	  3.9548	 -4.0041	  3.4891
480.0000	384.0000	  3.5455	 -3.6541	  2.8639
 32.0000	416.0000	  0.0572	 -0.0364	  3.9810
 64.0000	416.0000	  0.0148	 -0.0004	  4.3925
 96.0000	416.0000	 -0.0251	 -0.0001	  6.1807
128.0000	416.0000	  0.0052	 -0.0044	  2.9159
160.0000	416.0000	  0.0951	 -0.0767	  2.8686
192.0000	416.0000	 -0.0167	 -0.0741	  4.8269
224.0000	416.0000	  0.0194	 -0.2070	  2.6455
256.0000	416.0000	  1.8654	 -1.6114	  2.0034
288.0000	416.0000	  2.6692	 -2.6360	  2.3425
320.0000	416.0000	  3.3116	 -3.2934	  3.8739
352.0000	416.0000	  3.7966	 -3.7701	  3.6809
384.0000	416.0000	  4.1923	 -4.1931	  2.8353
416.0000	416.0000	  4.2933	 -4.2809	  3.3873
448.0000	416.0000	  4.2342	 -4.1171	  3.8711
480.0000	416.0000	  3.7986	 -3.8393	  3.6454
 32.0000	448.0000	  0.0002	 -0.0001	  5.1437
 64.0000	448.0000	  0.0018	  0.0002	  4.1965
 96.0000	448.0000	  0.0010	  0.0005	  5.4166
128.0000	448.0000	  0.0242	  0.0009	  2.8425
160.0000	448.0000	  0.0753	  0.0082	  4.5817
192.0000	448.0000	 -0.0181	  0.0126	  5.6561
224.0000	448.0000	 -0.2005	  0.0197	  2.2351
256.0000	448.0000	  0.2227	 -0.1280	  2.1855
288.0000	448.0000	  0.8840	 -0.8292	  1.9449
320.0000	448.0000	  2.6749	 -2.6971	  2.6302
352.0000	448.0000	  3.0804	 -3.0943	  3.8469
384.0000	448.0000	  3.8038	 -3.7218	  2.5149
416.0000	448.0000	  4.2238	 -4.0677	  2.7436
448.0000	448.0000	  4.2474	 -4.2219	  2.6525
480.0000	448.0000	  3.8738	 -4.0748	  3.1250
 32.0000	480.0000	 -0.0000	  0.0398	  2.9324
 64.0000	480.0000	  0.0001	  0.0009	  3.8849
 96.0000	480.0000	  0.0399	  0.0002	  4.9415
128.0000	480.0000	 -0.0045	  0.0044	  3.0223
160.0000	480.0000	 -0.0548	  0.0665	  4.4101
192.0000	480.0000	 -0.0001	  0.0702	  6.0858
224.0000	480.0000	 -0.0003	  0.0477	  3.3933
256.0000	480.0000	  0.0230	  0.0582	  4.4710
288.0000	480.0000	  0.0202	  0.0356	  4.5666
320.0000	480.0000	  1.3376	 -1.3099	  2.7767
352.0000	480.0000	  2.0323	 -2.0294	  4.3500
384.0000	480.0000	  3.0027	 -3.0121	  2.5364
416.0000	480.0000	  3.8457	 -3.7552	  3.2422
448.0000	480.0000	  4.1406	 -4.0286	  3.9845
480.0000	480.0000	  4.1163	 -4.1265	  3.8597
