 32.0000	 32.0000	  4.3128	 -4.3591	  0.0000
 64.0000	 32.0000	  4.1192	 -4.1125	  0.0000
 96.0000	 32.0000	  3.6980	 -3.6681	  0.0000
128.0000	 32.0000	  3.0868	 -3.0496	  0.0000
160.0000	 32.0000	  2.2916	 -2.3147	  0.0000
192.0000	 32.0000	  1.1117	 -1.1076	  0.0000
224.0000	 32.0000	  0.2813	 -0.1613	  0.0000
256.0000	 32.0000	 -0.0064	 -0.0062	  0.0000
288.0000	 32.0000	  0.0197	 -0.0016	  0.0000
320.0000	 32.0000	 -0.0006	 -0.0332	  0.0000
352.0000	 32.0000	 -0.0225	 -0.0371	  0.0000
384.0000	 32.0000	 -0.0001	 -0.0005	  0.0000
416.0000	 32.0000	 -0.0134	 -0.0005	  0.0000
448.0000	 32.0000	  0.0001	 -0.0510	  0.0000
480.0000	 32.0000	 -0.0002	 -0.1104	  0.0000
 32.0000	 64.0000	  4.2423	 -4.0091	  0.0000
 64.0000	 64.0000	  4.3197	 -4.2191	  0.0000
 96.0000	 64.0000	  4.2299	 -4.4516	  0.0000
128.0000	 64.0000	  3.5404	 -3.7248	  0.0000
160.0000	 64.0000	  3.1213	 -3.1972	  0.0000
192.0000	 64.0000	  2.8198	 -2.9172	  0.0000
224.0000	 64.0000	  1.2463	 -1.2664	  0.0000
256.0000	 64.0000	  0.8503	 -0.8548	  0.0000
288.0000	 64.0000	 -0.0022	  0.0347	  0.0000
320.0000	 64.0000	  0.0009	  0.0325	  0.0000
352.0000	 64.0000	 -0.0244	  0.0001	  0.0000
384.0000	 64.0000	  0.0108	  0.0001	  0.0000
416.0000	 64.0000	 -0.0000	 -0.0000	  0.0000
448.0000	 64.0000	  0.0500	 -0.0000	  0.0000
480.0000	 64.0000	 -0.0001	  0.0797	  0.0000
 32.0000	 96.0000	  3.9220	 -3.9993	  0.0000
 64.0000	 96.0000	  4.1649	 -4.1906	  0.0000
 96.0000	 96.0000	  4.3431	 -4.3584	  0.0000
128.0000	 96.0000	  4.1956	 -4.2706	  0.0000
160.0000	 96.0000	  3.7028	 -3.6242	  0.0000
192.0000	 96.0000	  3.2341	 -3.2096	  0.0000
224.0000	 96.0000	  2.0213	 -2.0861	  0.0000
256.0000	 96.0000	  1.2321	 -1.3045	  0.0000
288.0000	 96.0000	  0.0954	 -0.1469	  0.0000
320.0000	 96.0000	  0.0007	  0.0007	  0.0000
352.0000	 96.0000	  0.0001	 -0.0524	  0.0000
384.0000	 96.0000	  0.0141	 -0.0979	  0.0000
416.0000	 96.0000	  0.0027	  0.0001	  0.0000
448.0000	 96.0000	  0.0358	  0.0739	  0.0000
480.0000	 96.0000	 -0.0018	  0.1611	  0.0000
 32.0000	128.0000	  2.8992	 -2.8943	  0.0000
 64.0000	128.0000	  3.7872	 -3.8815	  0.0000
 96.0000	128.0000	  4.3154	 -4.2039	  0.0000
128.0000	128.0000	  4.3473	 -4.3025	  0.0000
160.0000	128.0000	  4.0215	 -3.9628	  0.0000
192.0000	128.0000	  3.7538	 -3.7003	  0.0000
224.0000	128.0000	  3.0759	 -3.1575	  0.0000
256.0000	128.0000	  2.7997	 -2.9130	  0.0000
288.0000	128.0000	  0.5969	 -0.5817	  0.0000
320.0000	128.0000	  0.1618	 -0.1714	  0.0000
352.0000	128.0000	  0.0001	 -0.0093	  0.0000
384.0000	128.0000	 -0.0001	 -0.0424	  0.0000
416.0000	128.0000	  0.0020	 -0.0388	  0.0000
448.0000	128.0000	  0.0124	  0.0001	  0.0000
480.0000	128.0000	 -0.0013	 -0.0000	  0.0000
 32.0000	160.0000	  1.9371	 -1.8855	  0.0000
 64.0000	160.0000	  3.0478	 -3.2057	  0.0000
 96.0000	160.0000	  3.9061	 -3.9256	  0.0000
128.0000	160.0000	  4.0838	 -4.0979	  0.0000
160.0000	160.0000	  4.2931	 -4.3014	  0.0000
192.0000	160.0000	  4.2296	 -4.2070	  0.0000
224.0000	160.0000	  3.7251	 -3.7200	  0.0000
256.0000	160.0000	  3.3559	 -3.3602	  0.0000
288.0000	160.0000	     nan	     nan	  1.0000
320.0000	160.0000	  1.0613	 -1.0579	  0.0000
352.0000	160.0000	  0.7112	 -0.6818	  0.0000
384.0000	160.0000	  0.0137	  0.0844	  0.0000
416.0000	160.0000	 -0.0112	 -0.0268	  0.0000
448.0000	160.0000	  0.0228	  0.0058	  0.0000
480.0000	160.0000	 -0.0002	  0.0051	  0.0000
 32.0000	192.0000	  1.3065	 -1.2914	  0.0000
 64.0000	192.0000	  2.2109	 -2.3059	  0.0000
 96.0000	192.0000	  3.4392	 -3.3873	  0.0000
128.0000	192.0000	  3.8131	 -3.8247	  0.0000
160.0000	192.0000	  4.1737	 -4.1317	  0.0000
192.0000	192.0000	  4.2542	 -4.2339	  0.0000
224.0000	192.0000	  4.1218	 -4.1334	  0.0000
256.0000	192.0000	  4.0030	 -4.0017	  0.0000
288.0000	192.0000	  3.7766	 -3.8019	  0.0000
320.0000	192.0000	  1.7414	 -1.7136	  0.0000
352.0000	192.0000	  1.1452	 -1.1893	  0.0000
384.0000	192.0000	  0.1644	 -0.1395	  0.0000
416.0000	192.0000	  0.0309	  0.0242	  0.0000
448.0000	192.0000	  0.0122	 -0.0022	  0.0000
480.0000	192.0000	 -0.0361	 -0.0011	  0.0000
 32.0000	224.0000	  0.8869	 -0.8270	  0.0000
 64.0000	224.0000	  1.6998	 -1.7478	  0.0000
 96.0000	224.0000	  2.7000	 -2.6934	  0.0000
128.0000	224.0000	  3.0831	 -3.1384	  0.0000
160.0000	224.0000	  3.8373	 -3.8288	  0.0000
192.0000	224.0000	  4.1241	 -4.1424	  0.0000
224.0000	224.0000	  4.2837	 -4.2984	  0.0000
256.0000	224.0000	  4.1985	 -4.1981	  0.0000
288.0000	224.0000	  3.9584	 -3.9389	  0.0000
320.0000	224.0000	  3.1773	 -3.2492	  0.0000
352.0000	224.0000	  2.1271	 -2.0657	  0.0000
384.0000	224.0000	  0.8446	 -0.8349	  0.0000
416.0000	224.0000	  0.2129	 -0.0972	  0.0000
448.0000	224.0000	  0.0132	  0.0003	  0.0000
480.0000	224.0000	 -0.1127	  0.0001	  0.0000
 32.0000	256.0000	  0.0003	 -0.0038	  0.0000
 64.0000	256.0000	  0.2822	 -0.3442	  0.0000
 96.0000	256.0000	  1.1245	 -1.1054	  0.0000
128.0000	256.0000	  2.7388	 -2.7473	  0.0000
160.0000	256.0000	  3.2748	 -3.2683	  0.0000
192.0000	256.0000	  3.7663	 -3.7882	  0.0000
224.0000	256.0000	  4.2543	 -4.1981	  0.0000
256.0000	256.0000	  4.2787	 -4.3172	  0.0000
288.0000	256.0000	  4.1283	 -4.2824	  0.0000
320.0000	256.0000	  3.9727	 -4.0538	  0.0000
352.0000	256.0000	  3.1870	 -3.2709	  0.0000
384.0000	256.0000	  2.6340	 -2.7350	  0.0000
416.0000	256.0000	  0.9390	 -0.8345	  0.0000
448.0000	256.0000	  0.2435	 -0.2194	  0.0000
480.0000	256.0000	 -0.0788	  0.0007	  0.0000
 32.0000	288.0000	  0.0002	 -0.0414	  0.0000
 64.0000	288.0000	 -0.0001	 -0.0583	  0.0000
 96.0000	288.0000	  0.6184	 -0.6127	  0.0000
128.0000	288.0000	  1.1428	 -1.1363	  0.0000
160.0000	288.0000	  2.5979	 -2.5949	  0.0000
192.0000	288.0000	  3.0959	 -3.0809	  0.0000
224.0000	288.0000	  4.0928	 -3.9762	  0.0000
256.0000	288.0000	  4.2227	 -4.2475	  0.0000
288.0000	288.0000	  4.1844	 -4.3517	  0.0000
320.0000	288.0000	  4.2791	 -4.3027	  0.0000
352.0000	288.0000	  3.6304	 -3.6354	  0.0000
384.0000	288.0000	  3.0525	 -3.0605	  0.0000
416.0000	288.0000	  2.2193	 -2.1559	  0.0000
448.0000	288.0000	  1.1925	 -1.1299	  0.0000
480.0000	288.0000	  0.2165	 -0.2209	  0.0000
 32.0000	320.0000	  0.0002	 -0.0262	  0.0000
 64.0000	320.0000	  0.0010	 -0.0382	  0.0000
 96.0000	320.0000	  0.1776	 -0.1808	  0.0000
128.0000	320.0000	  0.3849	 -0.3618	  0.0000
160.0000	320.0000	  1.1508	 -1.1115	  0.0000
192.0000	320.0000	  2.0238	 -2.0517	  0.0000
224.0000	320.0000	  3.2575	 -3.1664	  0.0000
256.0000	320.0000	  3.4662	 -3.4140	  0.0000
288.0000	320.0000	  4.1891	 -3.9595	  0.0000
320.0000	320.0000	  4.3631	 -4.2400	  0.0000
352.0000	320.0000	  4.1189	 -4.1958	  0.0000
384.0000	320.0000	  3.3612	 -3.3475	  0.0000
416.0000	320.0000	  2.9071	 -2.8614	  0.0000
448.0000	320.0000	  2.1388	 -2.0805	  0.0000
480.0000	320.0000	  1.7594	 -1.8300	  0.0000
 32.0000	352.0000	  0.0114	  0.0354	  0.0000
 64.0000	352.0000	  0.0012	  0.0383	  0.0000
 96.0000	352.0000	  0.0591	 -0.0006	  0.0000
128.0000	352.0000	  0.0879	 -0.0748	  0.0000
160.0000	352.0000	  0.3021	 -0.2555	  0.0000
192.0000	352.0000	  0.8579	 -0.8430	  0.0000
224.0000	352.0000	  2.9737	 -2.9310	  0.0000
256.0000	352.0000	  3.2085	 -3.1820	  0.0000
288.0000	352.0000	  3.8135	 -3.7060	  0.0000
320.0000	352.0000	  4.1774	 -4.0923	  0.0000
352.0000	352.0000	  4.2433	 -4.3524	  0.0000
384.0000	352.0000	  4.1117	 -4.1983	  0.0000
416.0000	352.0000	  3.8067	 -3.8392	  0.0000
448.0000	352.0000	  3.0973	 -2.8827	  0.0000
480.0000	352.0000	  2.2137	 -2.1733	  0.0000
 32.0000	384.0000	  0.0200	  0.1056	  0.0000
 64.0000	384.0000	 -0.0011	  0.2091	  0.0000
 96.0000	384.0000	  0.0376	  0.0012	  0.0000
128.0000	384.0000	  0.0057	  0.0013	  0.0000
160.0000	384.0000	  0.0067	  0.0074	  0.0000
192.0000	384.0000	  0.0974	 -0.0911	  0.0000
224.0000	384.0000	  0.9019	 -0.9787	  0.0000
256.0000	384.0000	  2.8419	 -2.8096	  0.0000
288.0000	384.0000	  3.3079	 -3.3055	  0.0000
320.0000	384.0000	  3.6793	 -3.6069	  0.0000
352.0000	384.0000	  4.3575	 -4.2703	  0.0000
384.0000	384.0000	  4.2228	 -4.2401	  0.0000
416.0000	384.0000	  4.1432	 -4.1552	  0.0000
448.0000	384.0000	  4.0006	 -4.0523	  0.0000
480.0000	384.0000	  2.9268	 -3.2509	  0.0000
 32.0000	416.0000	  0.0005	  0.0002	  0.0000
 64.0000	416.0000	 -0.0002	  0.0003	  0.0000
 96.0000	416.0000	  0.0020	 -0.0062	  0.0000
128.0000	416.0000	 -0.0002	 -0.0072	  0.0000
160.0000	416.0000	  0.0327	  0.0000	  0.0000
192.0000	416.0000	  0.0140	 -0.0089	  0.0000
224.0000	416.0000	  0.2871	 -0.2238	  0.0000
256.0000	416.0000	  0.5944	 -0.6464	  0.0000
288.0000	416.0000	     nan	     nan	  1.0000
320.0000	416.0000	  2.8147	 -2.8003	  0.0000
352.0000	416.0000	  3.4120	 -3.3487	  0.0000
384.0000	416.0000	  4.1116	 -4.0246	  0.0000
416.0000	416.0000	  4.3673	 -4.4049	  0.0000
448.0000	416.0000	  4.2466	 -4.2718	  0.0000
480.0000	416.0000	  3.6576	 -3.7978	  0.0000
 32.0000	448.0000	  0.0015	 -0.0078	  0.0000
 64.0000	448.0000	  0.0392	 -0.0119	  0.0000
 96.0000	448.0000	 -0.0002	 -0.0000	  0.0000
128.0000	448.0000	 -0.0636	  0.0001	  0.0000
160.0000	448.0000	 -0.0037	 -0.1319	  0.0000
192.0000	448.0000	  0.0000	 -0.0909	  0.0000
224.0000	448.0000	  0.0947	 -0.0270	  0.0000
256.0000	448.0000	  0.0346	 -0.0897	  0.0000
288.0000	448.0000	  0.1932	 -0.3826	  0.0000
320.0000	448.0000	  1.8981	 -2.0066	  0.0000
352.0000	448.0000	  3.2581	 -3.3182	  0.0000
384.0000	448.0000	  3.5511	 -3.6005	  0.0000
416.0000	448.0000	  4.1871	 -4.1660	  0.0000
448.0000	448.0000	  4.3007	 -4.2123	  0.0000
480.0000	448.0000	  4.1266	 -3.9309	  0.0000
 32.0000	480.0000	  0.0328	  0.0030	  0.0000
 64.0000	480.0000	  0.0464	  0.0018	  0.0000
 96.0000	480.0000	 -0.0446	  0.0054	  0.0000
128.0000	480.0000	 -0.0386	  0.0048	  0.0000
160.0000	480.0000	  0.0041	  0.0016	  0.0000
192.0000	480.0000	  0.0000	  0.0015	  0.0000
224.0000	480.0000	 -0.0001	  0.0091	  0.0000
256.0000	480.0000	  0.0034	  0.0501	  0.0000
288.0000	480.0000	  0.1591	 -0.1346	  0.0000
320.0000	480.0000	  0.3605	 -0.3213	  0.0000
352.0000	480.0000	  2.8512	 -2.9318	  0.0000
384.0000	480.0000	  3.2446	 -3.1980	  0.0000
416.0000	480.0000	  3.9333	 -3.8334	  0.0000
448.0000	480.0000	  4.0948	 -4.0979	  0.0000
480.0000	480.0000	  4.3411	 -4.3471	  0.0000
