 16.0000	496.0000	  4.3250	 -4.3533	  0.0000
 32.0000	496.0000	  4.3342	 -4.3530	  0.0000
 48.0000	496.0000	  4.3325	 -4.3399	  0.0000
 64.0000	496.0000	  4.1902	 -4.1892	  0.0000
 80.0000	496.0000	  3.9550	 -3.9350	  0.0000
 96.0000	496.0000	  3.7111	 -3.7175	  0.0000
112.0000	496.0000	  3.3552	 -3.3713	  0.0000
128.0000	496.0000	  2.9695	 -2.8206	  0.0000
144.0000	496.0000	  2.5135	 -2.3890	  0.0000
160.0000	496.0000	  2.2290	 -2.1271	  0.0000
176.0000	496.0000	  1.4224	 -1.2951	  0.0000
192.0000	496.0000	  0.3342	 -0.4797	  0.0000
208.0000	496.0000	  0.0146	 -0.1421	  0.0000
224.0000	496.0000	 -0.1371	  0.0875	  0.0000
240.0000	496.0000	  0.2991	 -0.3082	  0.0000
256.0000	496.0000	 -0.0294	 -0.0577	  0.0000
272.0000	496.0000	 -0.0040	  0.0070	  0.0000
288.0000	496.0000	 -0.0191	  0.0184	  0.0000
304.0000	496.0000	  0.0076	 -0.0144	  0.0000
320.0000	496.0000	  0.0485	 -0.0240	  0.0000
336.0000	496.0000	  0.0370	 -0.0367	  0.0000
352.0000	496.0000	  0.0513	 -0.0513	  0.0000
368.0000	496.0000	 -0.0075	  0.0123	  0.0000
384.0000	496.0000	 -0.0166	  0.0160	  0.0000
400.0000	496.0000	 -0.0038	  0.0103	  0.0000
416.0000	496.0000	 -0.0201	  0.0281	  0.0000
432.0000	496.0000	 -0.0203	  0.0288	  0.0000
448.0000	496.0000	  0.0379	 -0.0189	  0.0000
464.0000	496.0000	  0.0020	 -0.0007	  0.0000
480.0000	496.0000	  0.0158	 -0.0173	  0.0000
496.0000	496.0000	  0.0183	 -0.0221	  0.0000
 16.0000	480.0000	  4.2783	 -4.2836	  0.0000
 32.0000	480.0000	  4.3946	 -4.3973	  0.0000
 48.0000	480.0000	  4.3275	 -4.3251	  0.0000
 64.0000	480.0000	  4.2500	 -4.2581	  0.0000
 80.0000	480.0000	  4.0392	 -4.0525	  0.0000
 96.0000	480.0000	  3.7613	 -3.7726	  0.0000
112.0000	480.0000	  3.5099	 -3.5259	  0.0000
128.0000	480.0000	  3.1730	 -3.1645	  0.0000
144.0000	480.0000	  2.7800	 -2.7753	  0.0000
160.0000	480.0000	  2.3228	 -2.3341	  0.0000
176.0000	480.0000	  1.8387	 -1.8398	  0.0000
192.0000	480.0000	  1.1294	 -1.1144	  0.0000
208.0000	480.0000	  0.3760	 -0.3547	  0.0000
224.0000	480.0000	  0.3566	 -0.4614	  0.0000
240.0000	480.0000	  0.2055	 -0.2536	  0.0000
256.0000	480.0000	  0.1458	 -0.1524	  0.0000
272.0000	480.0000	  0.0506	 -0.0409	  0.0000
288.0000	480.0000	 -0.0175	  0.0236	  0.0000
304.0000	480.0000	 -0.0168	  0.0187	  0.0000
320.0000	480.0000	  0.0058	 -0.0063	  0.0000
336.0000	480.0000	  0.0321	 -0.0522	  0.0000
352.0000	480.0000	  0.0109	 -0.0109	  0.0000
368.0000	480.0000	  0.0101	 -0.0045	  0.0000
384.0000	480.0000	 -0.0111	  0.0097	  0.0000
400.0000	480.0000	 -0.0133	  0.0493	  0.0000
416.0000	480.0000	  0.0402	 -0.0230	  0.0000
432.0000	480.0000	  0.0560	 -0.0381	  0.0000
448.0000	480.0000	 -0.0313	  0.0322	  0.0000
464.0000	480.0000	 -0.0466	  0.0508	  0.0000
480.0000	480.0000	 -0.0213	  0.0163	  0.0000
496.0000	480.0000	  0.0053	 -0.0083	  0.0000
 16.0000	464.0000	  4.2788	 -4.3014	  0.0000
 32.0000	464.0000	  4.3305	 -4.3286	  0.0000
 48.0000	464.0000	  4.4146	 -4.3961	  0.0000
 64.0000	464.0000	  4.3898	 -4.3748	  0.0000
 80.0000	464.0000	  4.2980	 -4.2865	  0.0000
 96.0000	464.0000	  4.1248	 -4.1117	  0.0000
112.0000	464.0000	  3.8511	 -3.9032	  0.0000
128.0000	464.0000	  3.5246	 -3.5741	  0.0000
144.0000	464.0000	  3.0837	 -3.1502	  0.0000
160.0000	464.0000	  2.5980	 -2.6582	  0.0000
176.0000	464.0000	  2.1592	 -2.1996	  0.0000
192.0000	464.0000	  1.6374	 -1.6763	  0.0000
208.0000	464.0000	  1.1832	 -1.1736	  0.0000
224.0000	464.0000	  0.4610	 -0.4696	  0.0000
240.0000	464.0000	 -0.0356	  0.0359	  0.0000
256.0000	464.0000	 -0.1166	  0.1261	  0.0000
272.0000	464.0000	 -0.0387	  0.0423	  0.0000
288.0000	464.0000	  0.0675	 -0.0725	  0.0000
304.0000	464.0000	  0.1878	 -0.2136	  0.0000
320.0000	464.0000	  0.2363	 -0.2658	  0.0000
336.0000	464.0000	  0.1633	 -0.1496	  0.0000
352.0000	464.0000	  0.1061	 -0.1084	  0.0000
368.0000	464.0000	 -0.0363	  0.0373	  0.0000
384.0000	464.0000	 -0.0419	  0.0429	  0.0000
400.0000	464.0000	 -0.0845	  0.0920	  0.0000
416.0000	464.0000	 -0.2356	  0.1818	  0.0000
432.0000	464.0000	  0.0016	 -0.0055	  0.0000
448.0000	464.0000	  0.1651	 -0.2366	  0.0000
464.0000	464.0000	  0.1726	 -0.1596	  0.0000
480.0000	464.0000	  0.0344	 -0.0305	  0.0000
496.0000	464.0000	  0.0465	 -0.0467	  0.0000
 16.0000	448.0000	  4.0827	 -4.1051	  0.0000
 32.0000	448.0000	  4.1743	 -4.1570	  0.0000
 48.0000	448.0000	  4.2867	 -4.2819	  0.0000
 64.0000	448.0000	  4.3351	 -4.3399	  0.0000
 80.0000	448.0000	  4.3465	 -4.3165	  0.0000
 96.0000	448.0000	  4.2657	 -4.2500	  0.0000
112.0000	448.0000	  4.0753	 -4.0737	  0.0000
128.0000	448.0000	  3.7979	 -3.7875	  0.0000
144.0000	448.0000	  3.4751	 -3.3986	  0.0000
160.0000	448.0000	  3.1389	 -3.0229	  0.0000
176.0000	448.0000	  2.8313	 -2.8081	  0.0000
192.0000	448.0000	  2.2894	 -2.3326	  0.0000
208.0000	448.0000	  1.7552	 -1.7301	  0.0000
224.0000	448.0000	  1.0686	 -1.0801	  0.0000
240.0000	448.0000	  0.3831	 -0.3629	  0.0000
256.0000	448.0000	 -0.0365	  0.0374	  0.0000
272.0000	448.0000	  0.0274	  0.0368	  0.0000
288.0000	448.0000	  0.1133	 -0.1221	  0.0000
304.0000	448.0000	  0.1615	  0.1089	  0.0000
320.0000	448.0000	  0.0429	 -0.0001	  0.0000
336.0000	448.0000	  0.0272	  0.0191	  0.0000
352.0000	448.0000	  0.0349	  0.0009	  0.0000
368.0000	448.0000	 -0.0361	  0.0680	  0.0000
384.0000	448.0000	  0.1643	 -0.1513	  0.0000
400.0000	448.0000	 -0.1094	  0.1140	  0.0000
416.0000	448.0000	 -0.1478	  0.1299	  0.0000
432.0000	448.0000	  0.0357	 -0.0298	  0.0000
448.0000	448.0000	  0.0845	 -0.1142	  0.0000
464.0000	448.0000	  0.1665	 -0.1555	  0.0000
480.0000	448.0000	  0.0693	 -0.1071	  0.0000
496.0000	448.0000	  0.0693	 -0.1071	  0.0000
 16.0000	432.0000	  3.7879	 -3.7743	  0.0000
 32.0000	432.0000	  4.0868	 -4.0013	  0.0000
 48.0000	432.0000	  4.1585	 -4.0566	  0.0000
 64.0000	432.0000	  4.2271	 -4.1935	  0.0000
 80.0000	432.0000	  4.3510	 -4.3551	  0.0000
 96.0000	432.0000	  4.3459	 -4.3482	  0.0000
112.0000	432.0000	  4.2533	 -4.2519	  0.0000
128.0000	432.0000	  4.0647	 -4.0637	  0.0000
144.0000	432.0000	  3.8415	 -3.8338	  0.0000
160.0000	432.0000	  3.5602	 -3.5435	  0.0000
176.0000	432.0000	  3.3622	 -3.2488	  0.0000
192.0000	432.0000	  2.7428	 -2.7449	  0.0000
208.0000	432.0000	  2.4298	 -2.3849	  0.0000
224.0000	432.0000	  1.9074	 -1.8417	  0.0000
240.0000	432.0000	  1.1237	 -1.0468	  0.0000
256.0000	432.0000	  0.4672	 -0.4793	  0.0000
272.0000	432.0000	  0.2772	 -0.1700	  0.0000
288.0000	432.0000	  0.0852	 -0.0727	  0.0000
304.0000	432.0000	  0.0870	 -0.1703	  0.0000
320.0000	432.0000	 -0.0108	  0.0001	  0.0000
336.0000	432.0000	 -0.0631	  0.0710	  0.0000
352.0000	432.0000	 -0.0099	  0.0126	  0.0000
368.0000	432.0000	  0.0524	 -0.0722	  0.0000
384.0000	432.0000	 -0.1521	  0.1545	  0.0000
400.0000	432.0000	 -0.0016	  0.0036	  0.0000
416.0000	432.0000	  0.1326	 -0.1292	  0.0000
432.0000	432.0000	  0.0132	 -0.0071	  0.0000
448.0000	432.0000	  0.0079	 -0.0506	  0.0000
464.0000	432.0000	  0.0528	 -0.0444	  0.0000
480.0000	432.0000	  0.1684	 -0.2738	  0.0000
496.0000	432.0000	  0.0386	 -0.0348	  0.0000
 16.0000	416.0000	  3.6094	 -3.5751	  0.0000
 32.0000	416.0000	  3.7796	 -3.7566	  0.0000
 48.0000	416.0000	  3.9775	 -3.9687	  0.0000
 64.0000	416.0000	  4.2232	 -4.2037	  0.0000
 80.0000	416.0000	  4.3341	 -4.3216	  0.0000
 96.0000	416.0000	  4.4105	 -4.3937	  0.0000
112.0000	416.0000	  4.3682	 -4.3499	  0.0000
128.0000	416.0000	  4.2532	 -4.2414	  0.0000
144.0000	416.0000	  4.1541	 -4.1202	  0.0000
160.0000	416.0000	  3.9280	 -3.8901	  0.0000
176.0000	416.0000	  3.5960	 -3.5670	  0.0000
192.0000	416.0000	  3.2361	 -3.2566	  0.0000
208.0000	416.0000	  2.9062	 -2.9112	  0.0000
224.0000	416.0000	  2.3774	 -2.3876	  0.0000
240.0000	416.0000	  1.8205	 -1.8416	  0.0000
256.0000	416.0000	  1.1546	 -1.1836	  0.0000
272.0000	416.0000	  0.6483	 -0.6495	  0.0000
288.0000	416.0000	  0.3401	 -0.3429	  0.0000
304.0000	416.0000	  0.0390	 -0.1148	  0.0000
320.0000	416.0000	 -0.0955	  0.0915	  0.0000
336.0000	416.0000	 -0.1050	  0.0721	  0.0000
352.0000	416.0000	  0.0425	 -0.0378	  0.0000
368.0000	416.0000	  0.0581	 -0.0556	  0.0000
384.0000	416.0000	  0.0795	 -0.0801	  0.0000
400.0000	416.0000	  0.1639	 -0.1509	  0.0000
416.0000	416.0000	  0.2369	 -0.2001	  0.0000
432.0000	416.0000	 -0.0109	  0.0170	  0.0000
448.0000	416.0000	 -0.1137	  0.0751	  0.0000
464.0000	416.0000	 -0.1245	  0.1229	  0.0000
480.0000	416.0000	  0.1138	 -0.2305	  0.0000
496.0000	416.0000	 -0.0125	  0.0115	  0.0000
 16.0000	400.0000	  3.4742	 -3.4129	  0.0000
 32.0000	400.0000	  3.5402	 -3.5280	  0.0000
 48.0000	400.0000	  3.8713	 -3.8465	  0.0000
 64.0000	400.0000	  4.1425	 -4.1243	  0.0000
 80.0000	400.0000	  4.2504	 -4.2578	  0.0000
 96.0000	400.0000	  4.3606	 -4.3809	  0.0000
112.0000	400.0000	  4.4023	 -4.4034	  0.0000
128.0000	400.0000	  4.3112	 -4.3587	  0.0000
144.0000	400.0000	  4.2535	 -4.2853	  0.0000
160.0000	400.0000	  4.0964	 -4.0590	  0.0000
176.0000	400.0000	  3.8504	 -3.8003	  0.0000
192.0000	400.0000	  3.5522	 -3.5482	  0.0000
208.0000	400.0000	  3.2926	 -3.2976	  0.0000
224.0000	400.0000	  2.8781	 -2.8389	  0.0000
240.0000	400.0000	  2.3289	 -2.3235	  0.0000
256.0000	400.0000	  1.7019	 -1.6934	  0.0000
272.0000	400.0000	  1.0683	 -1.0570	  0.0000
288.0000	400.0000	  0.5455	 -0.5887	  0.0000
304.0000	400.0000	  0.0686	 -0.1313	  0.0000
320.0000	400.0000	  0.0159	 -0.1270	  0.0000
336.0000	400.0000	 -0.0383	  0.0289	  0.0000
352.0000	400.0000	  0.0035	 -0.0073	  0.0000
368.0000	400.0000	  0.0640	 -0.0826	  0.0000
384.0000	400.0000	  0.0939	 -0.1040	  0.0000
400.0000	400.0000	  0.2365	 -0.2213	  0.0000
416.0000	400.0000	  0.1441	 -0.0741	  0.0000
432.0000	400.0000	  0.0502	 -0.0568	  0.0000
448.0000	400.0000	 -0.1682	  0.1743	  0.0000
464.0000	400.0000	 -0.2640	  0.2366	  0.0000
480.0000	400.0000	  0.0395	 -0.0385	  0.0000
496.0000	400.0000	  0.0132	 -0.0066	  0.0000
 16.0000	384.0000	  3.0236	 -3.0305	  0.0000
 32.0000	384.0000	  3.2389	 -3.1782	  0.0000
 48.0000	384.0000	  3.6274	 -3.6343	  0.0000
 64.0000	384.0000	  3.8588	 -3.8523	  0.0000
 80.0000	384.0000	  4.1034	 -4.0992	  0.0000
 96.0000	384.0000	  4.2439	 -4.2571	  0.0000
112.0000	384.0000	  4.3481	 -4.3489	  0.0000
128.0000	384.0000	  4.3351	 -4.3735	  0.0000
144.0000	384.0000	  4.3235	 -4.3534	  0.0000
160.0000	384.0000	  4.2762	 -4.2580	  0.0000
176.0000	384.0000	  4.0611	 -3.9984	  0.0000
192.0000	384.0000	  3.7550	 -3.7338	  0.0000
208.0000	384.0000	  3.5546	 -3.4908	  0.0000
224.0000	384.0000	  3.2411	 -3.2051	  0.0000
240.0000	384.0000	  2.7624	 -2.7907	  0.0000
256.0000	384.0000	  2.2577	 -2.2770	  0.0000
272.0000	384.0000	  1.7295	 -1.7258	  0.0000
288.0000	384.0000	  0.9913	 -0.9814	  0.0000
304.0000	384.0000	  0.4682	 -0.4964	  0.0000
320.0000	384.0000	  0.1822	 -0.2283	  0.0000
336.0000	384.0000	  0.1457	 -0.1337	  0.0000
352.0000	384.0000	  0.0138	 -0.0273	  0.0000
368.0000	384.0000	  0.0606	 -0.0776	  0.0000
384.0000	384.0000	 -0.0003	 -0.0195	  0.0000
400.0000	384.0000	  0.0377	 -0.0382	  0.0000
416.0000	384.0000	  0.0781	 -0.0302	  0.0000
432.0000	384.0000	  0.0241	 -0.0200	  0.0000
448.0000	384.0000	 -0.1024	  0.1034	  0.0000
464.0000	384.0000	 -0.1255	  0.1237	  0.0000
480.0000	384.0000	  0.0296	 -0.0244	  0.0000
496.0000	384.0000	  0.0051	 -0.0040	  0.0000
 16.0000	368.0000	  2.0434	 -2.0523	  0.0000
 32.0000	368.0000	  2.6794	 -2.3739	  0.0000
 48.0000	368.0000	  3.2619	 -3.2744	  0.0000
 64.0000	368.0000	  3.6068	 -3.5990	  0.0000
 80.0000	368.0000	  3.8465	 -3.8538	  0.0000
 96.0000	368.0000	  4.0780	 -4.0890	  0.0000
112.0000	368.0000	  4.2154	 -4.2168	  0.0000
128.0000	368.0000	  4.3285	 -4.3435	  0.0000
144.0000	368.0000	  4.4023	 -4.4272	  0.0000
160.0000	368.0000	  4.3426	 -4.3700	  0.0000
176.0000	368.0000	  4.2406	 -4.1810	  0.0000
192.0000	368.0000	  4.0706	 -3.9637	  0.0000
208.0000	368.0000	  3.8439	 -3.7665	  0.0000
224.0000	368.0000	  3.6170	 -3.5773	  0.0000
240.0000	368.0000	  3.2336	 -3.2336	  0.0000
256.0000	368.0000	  2.8159	 -2.8198	  0.0000
272.0000	368.0000	  2.2970	 -2.2927	  0.0000
288.0000	368.0000	  1.6848	 -1.6805	  0.0000
304.0000	368.0000	  1.0105	 -1.0562	  0.0000
320.0000	368.0000	  0.5289	 -0.5618	  0.0000
336.0000	368.0000	  0.0420	 -0.0937	  0.0000
352.0000	368.0000	 -0.0987	  0.0766	  0.0000
368.0000	368.0000	 -0.0215	  0.0183	  0.0000
384.0000	368.0000	 -0.0639	  0.0617	  0.0000
400.0000	368.0000	 -0.0862	  0.0910	  0.0000
416.0000	368.0000	 -0.0560	  0.0432	  0.0000
432.0000	368.0000	 -0.0552	  0.0553	  0.0000
448.0000	368.0000	 -0.0101	  0.0405	  0.0000
464.0000	368.0000	 -0.0362	  0.0130	  0.0000
480.0000	368.0000	  0.0201	 -0.0160	  0.0000
496.0000	368.0000	 -0.0062	  0.0070	  0.0000
 16.0000	352.0000	  1.4861	 -1.4594	  0.0000
 32.0000	352.0000	  2.2845	 -2.2901	  0.0000
 48.0000	352.0000	  2.8873	 -2.7884	  0.0000
 64.0000	352.0000	  3.2519	 -3.1999	  0.0000
 80.0000	352.0000	  3.5466	 -3.5631	  0.0000
 96.0000	352.0000	  3.8471	 -3.8620	  0.0000
112.0000	352.0000	  4.0148	 -4.0165	  0.0000
128.0000	352.0000	  4.2070	 -4.2251	  0.0000
144.0000	352.0000	  4.3570	 -4.4024	  0.0000
160.0000	352.0000	  4.4575	 -4.4553	  0.0000
176.0000	352.0000	  4.3443	 -4.3734	  0.0000
192.0000	352.0000	  4.2348	 -4.2130	  0.0000
208.0000	352.0000	  4.1053	 -4.0890	  0.0000
224.0000	352.0000	  3.9128	 -3.9260	  0.0000
240.0000	352.0000	  3.5897	 -3.5840	  0.0000
256.0000	352.0000	  3.2268	 -3.2325	  0.0000
272.0000	352.0000	  2.8247	 -2.8231	  0.0000
288.0000	352.0000	  2.2954	 -2.2764	  0.0000
304.0000	352.0000	  1.7434	 -1.6794	  0.0000
320.0000	352.0000	  1.0228	 -1.0203	  0.0000
336.0000	352.0000	  0.4600	 -0.4644	  0.0000
352.0000	352.0000	  0.0431	 -0.0487	  0.0000
368.0000	352.0000	 -0.0200	  0.0245	  0.0000
384.0000	352.0000	 -0.1018	  0.1077	  0.0000
400.0000	352.0000	 -0.0817	 -0.0231	  0.0000
416.0000	352.0000	  0.1237	 -0.1135	  0.0000
432.0000	352.0000	 -0.1233	  0.0432	  0.0000
448.0000	352.0000	  0.0353	 -0.0294	  0.0000
464.0000	352.0000	  0.0735	 -0.0516	  0.0000
480.0000	352.0000	 -0.0520	  0.0475	  0.0000
496.0000	352.0000	 -0.0033	  0.0048	  0.0000
 16.0000	336.0000	  1.2612	 -1.3959	  0.0000
 32.0000	336.0000	  1.6365	 -1.6221	  0.0000
 48.0000	336.0000	  2.3023	 -2.2840	  0.0000
 64.0000	336.0000	  2.8247	 -2.8141	  0.0000
 80.0000	336.0000	  3.2335	 -3.2461	  0.0000
 96.0000	336.0000	  3.5923	 -3.6102	  0.0000
112.0000	336.0000	  3.8354	 -3.8397	  0.0000
128.0000	336.0000	  4.0251	 -4.0265	  0.0000
144.0000	336.0000	  4.2268	 -4.2890	  0.0000
160.0000	336.0000	  4.3846	 -4.4093	  0.0000
176.0000	336.0000	  4.4259	 -4.4265	  0.0000
192.0000	336.0000	  4.3687	 -4.3525	  0.0000
208.0000	336.0000	  4.2831	 -4.2665	  0.0000
224.0000	336.0000	  4.0757	 -4.1071	  0.0000
240.0000	336.0000	  3.8295	 -3.8232	  0.0000
256.0000	336.0000	  3.5251	 -3.5208	  0.0000
272.0000	336.0000	  3.2185	 -3.2057	  0.0000
288.0000	336.0000	  2.7826	 -2.7838	  0.0000
304.0000	336.0000	  2.3321	 -2.3000	  0.0000
320.0000	336.0000	  1.7279	 -1.7693	  0.0000
336.0000	336.0000	  1.1642	 -1.2264	  0.0000
352.0000	336.0000	  0.5852	 -0.5759	  0.0000
368.0000	336.0000	  0.2345	 -0.2325	  0.0000
384.0000	336.0000	 -0.1078	  0.1028	  0.0000
400.0000	336.0000	 -0.2245	  0.0911	  0.0000
416.0000	336.0000	 -0.0710	  0.0752	  0.0000
432.0000	336.0000	 -0.2034	  0.1338	  0.0000
448.0000	336.0000	 -0.0461	  0.0325	  0.0000
464.0000	336.0000	  0.1321	 -0.0986	  0.0000
480.0000	336.0000	 -0.0360	  0.0265	  0.0000
496.0000	336.0000	  0.0149	 -0.0136	  0.0000
 16.0000	320.0000	  0.4350	 -0.4264	  0.0000
 32.0000	320.0000	  1.0597	 -0.9945	  0.0000
 48.0000	320.0000	  1.5937	 -1.5267	  0.0000
 64.0000	320.0000	  2.2101	 -2.1400	  0.0000
 80.0000	320.0000	  2.7657	 -2.7896	  0.0000
 96.0000	320.0000	  3.2910	 -3.2949	  0.0000
112.0000	320.0000	  3.6228	 -3.6247	  0.0000
128.0000	320.0000	  3.8207	 -3.8217	  0.0000
144.0000	320.0000	  4.1485	 -4.1629	  0.0000
160.0000	320.0000	  4.2794	 -4.2742	  0.0000
176.0000	320.0000	  4.3885	 -4.3666	  0.0000
192.0000	320.0000	  4.3790	 -4.3792	  0.0000
208.0000	320.0000	  4.3644	 -4.3610	  0.0000
224.0000	320.0000	  4.2251	 -4.2563	  0.0000
240.0000	320.0000	  4.0746	 -4.0604	  0.0000
256.0000	320.0000	  3.8301	 -3.8079	  0.0000
272.0000	320.0000	  3.4637	 -3.4584	  0.0000
288.0000	320.0000	  3.1573	 -3.1718	  0.0000
304.0000	320.0000	  2.8149	 -2.8054	  0.0000
320.0000	320.0000	  2.3704	 -2.3104	  0.0000
336.0000	320.0000	  1.9125	 -1.9205	  0.0000
352.0000	320.0000	  1.2697	 -1.2599	  0.0000
368.0000	320.0000	  0.6107	 -0.6078	  0.0000
384.0000	320.0000	  0.0065	 -0.0084	  0.0000
400.0000	320.0000	 -0.4232	  0.4017	  0.0000
416.0000	320.0000	 -0.1188	  0.1086	  0.0000
432.0000	320.0000	 -0.0965	  0.0603	  0.0000
448.0000	320.0000	  0.0117	 -0.0089	  0.0000
464.0000	320.0000	  0.0760	 -0.0497	  0.0000
480.0000	320.0000	  0.0681	 -0.0603	  0.0000
496.0000	320.0000	  0.0544	 -0.0480	  0.0000
 16.0000	304.0000	  0.1938	 -0.2991	  0.0000
 32.0000	304.0000	  0.4427	 -0.3932	  0.0000
 48.0000	304.0000	  0.7939	 -0.7785	  0.0000
 64.0000	304.0000	  1.5537	 -1.3467	  0.0000
 80.0000	304.0000	  2.1211	 -2.0745	  0.0000
 96.0000	304.0000	  2.8478	 -2.8213	  0.0000
112.0000	304.0000	  3.2788	 -3.2857	  0.0000
128.0000	304.0000	  3.5401	 -3.5332	  0.0000
144.0000	304.0000	  3.8525	 -3.8445	  0.0000
160.0000	304.0000	  4.0970	 -4.0334	  0.0000
176.0000	304.0000	  4.2587	 -4.1905	  0.0000
192.0000	304.0000	  4.2180	 -4.2114	  0.0000
208.0000	304.0000	  4.3782	 -4.3623	  0.0000
224.0000	304.0000	  4.3293	 -4.3214	  0.0000
240.0000	304.0000	  4.2585	 -4.2627	  0.0000
256.0000	304.0000	  4.0762	 -4.0859	  0.0000
272.0000	304.0000	  3.8068	 -3.7958	  0.0000
288.0000	304.0000	  3.5984	 -3.5875	  0.0000
304.0000	304.0000	  3.3113	 -3.2811	  0.0000
320.0000	304.0000	  2.9110	 -2.8902	  0.0000
336.0000	304.0000	  2.3869	 -2.3515	  0.0000
352.0000	304.0000	  1.7942	 -1.7870	  0.0000
368.0000	304.0000	  1.0893	 -1.0849	  0.0000
384.0000	304.0000	  0.3882	 -0.3793	  0.0000
400.0000	304.0000	 -0.0465	  0.0422	  0.0000
416.0000	304.0000	  0.2452	 -0.2250	  0.0000
432.0000	304.0000	  0.0085	 -0.0079	  0.0000
448.0000	304.0000	  0.0205	 -0.0056	  0.0000
464.0000	304.0000	  0.0259	 -0.0062	  0.0000
480.0000	304.0000	  0.0157	 -0.0035	  0.0000
496.0000	304.0000	 -0.0018	  0.0030	  0.0000
 16.0000	288.0000	 -0.0815	  0.1051	  0.0000
 32.0000	288.0000	 -0.0081	  0.0993	  0.0000
 48.0000	288.0000	  0.1936	  0.0457	  0.0000
 64.0000	288.0000	  1.1491	 -1.1128	  0.0000
 80.0000	288.0000	  1.5713	 -1.5742	  0.0000
 96.0000	288.0000	  2.3141	 -2.3182	  0.0000
112.0000	288.0000	  2.8015	 -2.8223	  0.0000
128.0000	288.0000	  3.1617	 -3.1798	  0.0000
144.0000	288.0000	  3.5421	 -3.5472	  0.0000
160.0000	288.0000	  3.8370	 -3.8387	  0.0000
176.0000	288.0000	  4.0496	 -4.0416	  0.0000
192.0000	288.0000	  4.2635	 -4.2599	  0.0000
208.0000	288.0000	  4.3484	 -4.3418	  0.0000
224.0000	288.0000	  4.3762	 -4.3744	  0.0000
240.0000	288.0000	  4.3331	 -4.3674	  0.0000
256.0000	288.0000	  4.2672	 -4.2808	  0.0000
272.0000	288.0000	  4.0902	 -4.0886	  0.0000
288.0000	288.0000	  3.8466	 -3.8461	  0.0000
304.0000	288.0000	  3.5758	 -3.5621	  0.0000
320.0000	288.0000	  3.2793	 -3.2473	  0.0000
336.0000	288.0000	  2.7841	 -2.7422	  0.0000
352.0000	288.0000	  2.3389	 -2.3232	  0.0000
368.0000	288.0000	  1.7524	 -1.7401	  0.0000
384.0000	288.0000	  1.0444	 -1.0705	  0.0000
400.0000	288.0000	  0.5212	 -0.5235	  0.0000
416.0000	288.0000	  0.3871	 -0.3781	  0.0000
432.0000	288.0000	  0.0980	 -0.0870	  0.0000
448.0000	288.0000	 -0.1314	  0.1333	  0.0000
464.0000	288.0000	 -0.1916	  0.1273	  0.0000
480.0000	288.0000	 -0.0471	  0.0579	  0.0000
496.0000	288.0000	 -0.0670	  0.0622	  0.0000
 16.0000	272.0000	 -0.0235	  0.0086	  0.0000
 32.0000	272.0000	 -0.0228	  0.0330	  0.0000
 48.0000	272.0000	 -0.0788	  0.0766	  0.0000
 64.0000	272.0000	  0.2602	 -0.2653	  0.0000
 80.0000	272.0000	  1.0117	 -1.0155	  0.0000
 96.0000	272.0000	  1.7748	 -1.7726	  0.0000
112.0000	272.0000	  2.3327	 -2.3508	  0.0000
128.0000	272.0000	  2.7861	 -2.8160	  0.0000
144.0000	272.0000	  3.2196	 -3.2542	  0.0000
160.0000	272.0000	  3.5971	 -3.6151	  0.0000
176.0000	272.0000	  3.8593	 -3.8538	  0.0000
192.0000	272.0000	  4.0752	 -4.0811	  0.0000
208.0000	272.0000	  4.2394	 -4.2238	  0.0000
224.0000	272.0000	  4.3491	 -4.3357	  0.0000
240.0000	272.0000	  4.3784	 -4.4272	  0.0000
256.0000	272.0000	  4.3657	 -4.3717	  0.0000
272.0000	272.0000	  4.2690	 -4.2744	  0.0000
288.0000	272.0000	  4.0877	 -4.0927	  0.0000
304.0000	272.0000	  3.7351	 -3.7530	  0.0000
320.0000	272.0000	  3.5243	 -3.5251	  0.0000
336.0000	272.0000	  3.2767	 -3.2645	  0.0000
352.0000	272.0000	  2.9140	 -2.9116	  0.0000
368.0000	272.0000	  2.4094	 -2.4458	  0.0000
384.0000	272.0000	  1.8047	 -1.8886	  0.0000
400.0000	272.0000	  1.0683	 -1.1207	  0.0000
416.0000	272.0000	  0.5334	 -0.5317	  0.0000
432.0000	272.0000	 -0.0912	  0.0667	  0.0000
448.0000	272.0000	 -0.0905	  0.1599	  0.0000
464.0000	272.0000	 -0.1731	  0.2615	  0.0000
480.0000	272.0000	  0.0589	 -0.0667	  0.0000
496.0000	272.0000	 -0.0652	  0.0516	  0.0000
 16.0000	256.0000	 -0.0027	  0.0318	  0.0000
 32.0000	256.0000	  0.1442	 -0.1277	  0.0000
 48.0000	256.0000	 -0.1019	  0.1140	  0.0000
 64.0000	256.0000	  0.0248	 -0.0312	  0.0000
 80.0000	256.0000	  0.5717	 -0.5739	  0.0000
 96.0000	256.0000	  1.2440	 -1.2371	  0.0000
112.0000	256.0000	  1.7976	 -1.8057	  0.0000
128.0000	256.0000	  2.2962	 -2.3117	  0.0000
144.0000	256.0000	  2.8062	 -2.8515	  0.0000
160.0000	256.0000	  3.3104	 -3.3015	  0.0000
176.0000	256.0000	  3.6453	 -3.6338	  0.0000
192.0000	256.0000	  3.8682	 -3.8775	  0.0000
208.0000	256.0000	  4.0743	 -4.0915	  0.0000
224.0000	256.0000	  4.2386	 -4.2515	  0.0000
240.0000	256.0000	  4.3450	 -4.3455	  0.0000
256.0000	256.0000	  4.3833	 -4.3913	  0.0000
272.0000	256.0000	  4.3593	 -4.3714	  0.0000
288.0000	256.0000	  4.2305	 -4.2514	  0.0000
304.0000	256.0000	  4.0962	 -4.0900	  0.0000
320.0000	256.0000	  3.7744	 -3.7854	  0.0000
336.0000	256.0000	  3.4940	 -3.5110	  0.0000
352.0000	256.0000	  3.3329	 -3.3418	  0.0000
368.0000	256.0000	  2.8194	 -2.7687	  0.0000
384.0000	256.0000	  2.2415	 -2.2658	  0.0000
400.0000	256.0000	  1.6850	 -1.7517	  0.0000
416.0000	256.0000	  1.0575	 -1.0256	  0.0000
432.0000	256.0000	  0.2913	 -0.2802	  0.0000
448.0000	256.0000	  0.0949	 -0.0562	  0.0000
464.0000	256.0000	 -0.1646	  0.1327	  0.0000
480.0000	256.0000	  0.2199	 -0.2473	  0.0000
496.0000	256.0000	  0.0828	 -0.1143	  0.0000
 16.0000	240.0000	 -0.0381	  0.0367	  0.0000
 32.0000	240.0000	  0.0216	  0.0004	  0.0000
 48.0000	240.0000	 -0.0972	  0.0873	  0.0000
 64.0000	240.0000	  0.0357	 -0.0378	  0.0000
 80.0000	240.0000	  0.3252	 -0.2919	  0.0000
 96.0000	240.0000	  0.6250	 -0.5631	  0.0000
112.0000	240.0000	  1.2040	 -1.1845	  0.0000
128.0000	240.0000	  1.7146	 -1.7016	  0.0000
144.0000	240.0000	  2.1925	 -2.1874	  0.0000
160.0000	240.0000	  2.8115	 -2.8189	  0.0000
176.0000	240.0000	  3.2275	 -3.2333	  0.0000
192.0000	240.0000	  3.5506	 -3.5479	  0.0000
208.0000	240.0000	  3.8287	 -3.8288	  0.0000
224.0000	240.0000	  4.0741	 -4.0637	  0.0000
240.0000	240.0000	  4.2159	 -4.2284	  0.0000
256.0000	240.0000	  4.3547	 -4.3604	  0.0000
272.0000	240.0000	  4.3769	 -4.3972	  0.0000
288.0000	240.0000	  4.3296	 -4.3268	  0.0000
304.0000	240.0000	  4.1154	 -4.2513	  0.0000
320.0000	240.0000	  4.0161	 -4.0601	  0.0000
336.0000	240.0000	  3.7796	 -3.8207	  0.0000
352.0000	240.0000	  3.6214	 -3.6422	  0.0000
368.0000	240.0000	  3.2408	 -3.1446	  0.0000
384.0000	240.0000	  2.7793	 -2.7619	  0.0000
400.0000	240.0000	  2.4154	 -2.3093	  0.0000
416.0000	240.0000	  1.7560	 -1.7180	  0.0000
432.0000	240.0000	  1.0482	 -1.0525	  0.0000
448.0000	240.0000	  0.6669	 -0.6408	  0.0000
464.0000	240.0000	  0.2582	 -0.3130	  0.0000
480.0000	240.0000	 -0.0243	  0.1908	  0.0000
496.0000	240.0000	 -0.0840	  0.1027	  0.0000
 16.0000	224.0000	 -0.0479	  0.0367	  0.0000
 32.0000	224.0000	 -0.0492	  0.0362	  0.0000
 48.0000	224.0000	 -0.0148	  0.0034	  0.0000
 64.0000	224.0000	  0.0158	 -0.0094	  0.0000
 80.0000	224.0000	  0.1260	 -0.1241	  0.0000
 96.0000	224.0000	  0.2781	 -0.2555	  0.0000
112.0000	224.0000	  0.5105	 -0.4955	  0.0000
128.0000	224.0000	  1.0432	 -0.9956	  0.0000
144.0000	224.0000	  1.6828	 -1.6790	  0.0000
160.0000	224.0000	  2.2514	 -2.2102	  0.0000
176.0000	224.0000	  2.8131	 -2.7594	  0.0000
192.0000	224.0000	  3.2258	 -3.2053	  0.0000
208.0000	224.0000	  3.5557	 -3.5616	  0.0000
224.0000	224.0000	  3.8617	 -3.8609	  0.0000
240.0000	224.0000	  4.0483	 -4.0472	  0.0000
256.0000	224.0000	  4.2553	 -4.2571	  0.0000
272.0000	224.0000	  4.3589	 -4.3730	  0.0000
288.0000	224.0000	  4.3733	 -4.3856	  0.0000
304.0000	224.0000	  4.2605	 -4.3142	  0.0000
320.0000	224.0000	  4.1788	 -4.2307	  0.0000
336.0000	224.0000	  4.0569	 -4.1227	  0.0000
352.0000	224.0000	  3.9373	 -3.9322	  0.0000
368.0000	224.0000	  3.6079	 -3.6044	  0.0000
384.0000	224.0000	  3.2368	 -3.2393	  0.0000
400.0000	224.0000	  2.8622	 -2.8458	  0.0000
416.0000	224.0000	  2.3697	 -2.3659	  0.0000
432.0000	224.0000	  1.6836	 -1.7022	  0.0000
448.0000	224.0000	  1.1885	 -1.2056	  0.0000
464.0000	224.0000	  0.1199	 -0.1337	  0.0000
480.0000	224.0000	  0.2361	 -0.2233	  0.0000
496.0000	224.0000	  0.3115	 -0.3326	  0.0000
 16.0000	208.0000	  0.0201	 -0.0177	  0.0000
 32.0000	208.0000	  0.0518	 -0.0512	  0.0000
 48.0000	208.0000	  0.1493	 -0.1511	  0.0000
 64.0000	208.0000	  0.0584	 -0.0552	  0.0000
 80.0000	208.0000	 -0.0829	  0.0830	  0.0000
 96.0000	208.0000	 -0.2295	  0.2407	  0.0000
112.0000	208.0000	 -0.0446	  0.0389	  0.0000
128.0000	208.0000	  0.4926	 -0.5102	  0.0000
144.0000	208.0000	  1.1096	 -1.0939	  0.0000
160.0000	208.0000	  1.8153	 -1.7706	  0.0000
176.0000	208.0000	  2.3382	 -2.2887	  0.0000
192.0000	208.0000	  2.8370	 -2.8364	  0.0000
208.0000	208.0000	  3.2092	 -3.2269	  0.0000
224.0000	208.0000	  3.5305	 -3.5375	  0.0000
240.0000	208.0000	  3.8321	 -3.8286	  0.0000
256.0000	208.0000	  4.0602	 -4.0727	  0.0000
272.0000	208.0000	  4.2853	 -4.2611	  0.0000
288.0000	208.0000	  4.3652	 -4.3732	  0.0000
304.0000	208.0000	  4.3919	 -4.4174	  0.0000
320.0000	208.0000	  4.3456	 -4.3844	  0.0000
336.0000	208.0000	  4.2216	 -4.2656	  0.0000
352.0000	208.0000	  4.0938	 -4.0769	  0.0000
368.0000	208.0000	  3.7181	 -3.7177	  0.0000
384.0000	208.0000	  3.4795	 -3.4249	  0.0000
400.0000	208.0000	  3.2224	 -3.2161	  0.0000
416.0000	208.0000	  2.9432	 -2.8951	  0.0000
432.0000	208.0000	  2.0187	 -2.2929	  0.0000
448.0000	208.0000	  1.6816	 -1.6834	  0.0000
464.0000	208.0000	  0.4797	 -0.4454	  0.0000
480.0000	208.0000	  0.4872	 -0.4005	  0.0000
496.0000	208.0000	  0.0686	 -0.1029	  0.0000
 16.0000	192.0000	  0.0909	 -0.0743	  0.0000
 32.0000	192.0000	  0.1303	 -0.1189	  0.0000
 48.0000	192.0000	  0.2987	 -0.1468	  0.0000
 64.0000	192.0000	  0.0487	 -0.0750	  0.0000
 80.0000	192.0000	 -0.2744	  0.2943	  0.0000
 96.0000	192.0000	 -0.1814	  0.0004	  0.0000
112.0000	192.0000	 -0.3341	  0.2720	  0.0000
128.0000	192.0000	  0.0244	 -0.0544	  0.0000
144.0000	192.0000	  0.5189	 -0.5277	  0.0000
160.0000	192.0000	  1.1090	 -1.1124	  0.0000
176.0000	192.0000	  1.7331	 -1.7578	  0.0000
192.0000	192.0000	  2.3709	 -2.3434	  0.0000
208.0000	192.0000	  2.8391	 -2.8430	  0.0000
224.0000	192.0000	  3.2243	 -3.2390	  0.0000
240.0000	192.0000	  3.5750	 -3.5795	  0.0000
256.0000	192.0000	  3.8679	 -3.8662	  0.0000
272.0000	192.0000	  4.0914	 -4.0980	  0.0000
288.0000	192.0000	  4.2616	 -4.2723	  0.0000
304.0000	192.0000	  4.4231	 -4.3586	  0.0000
320.0000	192.0000	  4.4376	 -4.3679	  0.0000
336.0000	192.0000	  4.4078	 -4.3764	  0.0000
352.0000	192.0000	  4.2306	 -4.2046	  0.0000
368.0000	192.0000	  4.0794	 -4.0623	  0.0000
384.0000	192.0000	  3.7766	 -3.7759	  0.0000
400.0000	192.0000	  3.5615	 -3.5736	  0.0000
416.0000	192.0000	  3.3018	 -3.2880	  0.0000
432.0000	192.0000	  2.8256	 -2.9035	  0.0000
448.0000	192.0000	  2.1717	 -2.2092	  0.0000
464.0000	192.0000	  1.7502	 -1.8013	  0.0000
480.0000	192.0000	  1.4709	 -1.4269	  0.0000
496.0000	192.0000	  0.4794	 -0.4987	  0.0000
 16.0000	176.0000	  0.0557	 -0.0442	  0.0000
 32.0000	176.0000	  0.0956	 -0.0938	  0.0000
 48.0000	176.0000	  0.3233	 -0.1704	  0.0000
 64.0000	176.0000	  0.1362	 -0.1335	  0.0000
 80.0000	176.0000	 -0.1930	  0.2062	  0.0000
 96.0000	176.0000	 -0.1792	  0.1810	  0.0000
112.0000	176.0000	 -0.0543	  0.0933	  0.0000
128.0000	176.0000	 -0.0758	  0.0185	  0.0000
144.0000	176.0000	  0.0474	 -0.0447	  0.0000
160.0000	176.0000	  0.5726	 -0.5469	  0.0000
176.0000	176.0000	  1.1143	 -1.1192	  0.0000
192.0000	176.0000	  1.7852	 -1.7238	  0.0000
208.0000	176.0000	  2.3168	 -2.3160	  0.0000
224.0000	176.0000	  2.8244	 -2.8310	  0.0000
240.0000	176.0000	  3.2299	 -3.2391	  0.0000
256.0000	176.0000	  3.5737	 -3.5741	  0.0000
272.0000	176.0000	  3.8591	 -3.8575	  0.0000
288.0000	176.0000	  4.1076	 -4.0940	  0.0000
304.0000	176.0000	  4.2786	 -4.2629	  0.0000
320.0000	176.0000	  4.3990	 -4.3793	  0.0000
336.0000	176.0000	  4.4332	 -4.4526	  0.0000
352.0000	176.0000	  4.3827	 -4.3781	  0.0000
368.0000	176.0000	  4.2892	 -4.2335	  0.0000
384.0000	176.0000	  4.0698	 -4.0468	  0.0000
400.0000	176.0000	  3.8702	 -3.8828	  0.0000
416.0000	176.0000	  3.6031	 -3.6190	  0.0000
432.0000	176.0000	  3.2000	 -3.2193	  0.0000
448.0000	176.0000	  2.7071	 -2.7119	  0.0000
464.0000	176.0000	  2.2636	 -2.2640	  0.0000
480.0000	176.0000	  1.8331	 -1.7610	  0.0000
496.0000	176.0000	  1.2924	 -1.0411	  0.0000
 16.0000	160.0000	 -0.0031	  0.0338	  0.0000
 32.0000	160.0000	 -0.0097	 -0.0151	  0.0000
 48.0000	160.0000	  0.0453	 -0.1418	  0.0000
 64.0000	160.0000	  0.1847	 -0.1791	  0.0000
 80.0000	160.0000	  0.0074	 -0.0188	  0.0000
 96.0000	160.0000	 -0.1071	  0.1186	  0.0000
112.0000	160.0000	 -0.1299	  0.1114	  0.0000
128.0000	160.0000	 -0.0608	  0.0483	  0.0000
144.0000	160.0000	  0.0047	 -0.0054	  0.0000
160.0000	160.0000	  0.2041	 -0.2557	  0.0000
176.0000	160.0000	  0.4871	 -0.6389	  0.0000
192.0000	160.0000	  1.1534	 -1.0848	  0.0000
208.0000	160.0000	  1.7099	 -1.7164	  0.0000
224.0000	160.0000	  2.3201	 -2.3142	  0.0000
240.0000	160.0000	  2.8055	 -2.8042	  0.0000
256.0000	160.0000	  3.1933	 -3.2121	  0.0000
272.0000	160.0000	  3.5809	 -3.5748	  0.0000
288.0000	160.0000	  3.8820	 -3.8608	  0.0000
304.0000	160.0000	  4.0950	 -4.0700	  0.0000
320.0000	160.0000	  4.3030	 -4.2643	  0.0000
336.0000	160.0000	  4.3028	 -4.4187	  0.0000
352.0000	160.0000	  4.4249	 -4.4546	  0.0000
368.0000	160.0000	  4.3585	 -4.3626	  0.0000
384.0000	160.0000	  4.2237	 -4.2258	  0.0000
400.0000	160.0000	  4.0725	 -4.0842	  0.0000
416.0000	160.0000	  3.8830	 -3.8996	  0.0000
432.0000	160.0000	  3.5731	 -3.5701	  0.0000
448.0000	160.0000	  3.1680	 -3.1758	  0.0000
464.0000	160.0000	  2.6821	 -2.6367	  0.0000
480.0000	160.0000	  2.1150	 -2.1194	  0.0000
496.0000	160.0000	  2.0442	 -1.9086	  0.0000
 16.0000	144.0000	  0.0180	 -0.0201	  0.0000
 32.0000	144.0000	 -0.0044	  0.0051	  0.0000
 48.0000	144.0000	  0.0677	 -0.0656	  0.0000
 64.0000	144.0000	  0.0474	 -0.0534	  0.0000
 80.0000	144.0000	  0.0511	 -0.0542	  0.0000
 96.0000	144.0000	  0.0440	 -0.0421	  0.0000
112.0000	144.0000	  0.0716	 -0.0995	  0.0000
128.0000	144.0000	  0.0027	 -0.0055	  0.0000
144.0000	144.0000	 -0.0204	  0.0199	  0.0000
160.0000	144.0000	  0.0343	 -0.0275	  0.0000
176.0000	144.0000	  0.0941	 -0.0978	  0.0000
192.0000	144.0000	  0.3594	 -0.3584	  0.0000
208.0000	144.0000	  1.1823	 -1.1667	  0.0000
224.0000	144.0000	  1.7842	 -1.7977	  0.0000
240.0000	144.0000	  2.3389	 -2.3501	  0.0000
256.0000	144.0000	  2.7936	 -2.8316	  0.0000
272.0000	144.0000	  3.2394	 -3.1994	  0.0000
288.0000	144.0000	  3.5706	 -3.5656	  0.0000
304.0000	144.0000	  3.8291	 -3.8335	  0.0000
320.0000	144.0000	  4.0168	 -4.0488	  0.0000
336.0000	144.0000	  4.2169	 -4.1859	  0.0000
352.0000	144.0000	  4.3709	 -4.3564	  0.0000
368.0000	144.0000	  4.3906	 -4.3386	  0.0000
384.0000	144.0000	  4.3409	 -4.2852	  0.0000
400.0000	144.0000	  4.2478	 -4.2526	  0.0000
416.0000	144.0000	  4.1571	 -4.1509	  0.0000
432.0000	144.0000	  3.9034	 -3.9076	  0.0000
448.0000	144.0000	  3.6057	 -3.6201	  0.0000
464.0000	144.0000	  3.2332	 -3.2368	  0.0000
480.0000	144.0000	  2.6459	 -2.7238	  0.0000
496.0000	144.0000	  2.6261	 -2.7116	  0.0000
 16.0000	128.0000	  0.0146	 -0.0110	  0.0000
 32.0000	128.0000	 -0.0016	 -0.0091	  0.0000
 48.0000	128.0000	 -0.0953	  0.0910	  0.0000
 64.0000	128.0000	 -0.0352	  0.0341	  0.0000
 80.0000	128.0000	  0.0181	 -0.0478	  0.0000
 96.0000	128.0000	  0.0646	 -0.0939	  0.0000
112.0000	128.0000	 -0.0099	 -0.0122	  0.0000
128.0000	128.0000	 -0.0098	  0.0027	  0.0000
144.0000	128.0000	 -0.0159	  0.0155	  0.0000
160.0000	128.0000	 -0.0097	  0.0116	  0.0000
176.0000	128.0000	 -0.1840	  0.1771	  0.0000
192.0000	128.0000	 -0.0023	  0.0059	  0.0000
208.0000	128.0000	  0.4728	 -0.4650	  0.0000
224.0000	128.0000	  1.0958	 -1.0918	  0.0000
240.0000	128.0000	  1.7612	 -1.7554	  0.0000
256.0000	128.0000	  2.3152	 -2.3124	  0.0000
272.0000	128.0000	  2.8517	 -2.8301	  0.0000
288.0000	128.0000	  3.2192	 -3.2102	  0.0000
304.0000	128.0000	  3.5794	 -3.5685	  0.0000
320.0000	128.0000	  3.8309	 -3.8372	  0.0000
336.0000	128.0000	  4.0952	 -4.0683	  0.0000
352.0000	128.0000	  4.2234	 -4.1986	  0.0000
368.0000	128.0000	  4.4654	 -4.1512	  0.0000
384.0000	128.0000	  4.3321	 -4.3510	  0.0000
400.0000	128.0000	  4.3476	 -4.3591	  0.0000
416.0000	128.0000	  4.2736	 -4.2710	  0.0000
432.0000	128.0000	  4.1190	 -4.1287	  0.0000
448.0000	128.0000	  3.8789	 -3.8781	  0.0000
464.0000	128.0000	  3.5840	 -3.5881	  0.0000
480.0000	128.0000	  3.0314	 -3.0484	  0.0000
496.0000	128.0000	  2.9724	 -2.9686	  0.0000
 16.0000	112.0000	  0.0090	 -0.0016	  0.0000
 32.0000	112.0000	  0.1231	 -0.0632	  0.0000
 48.0000	112.0000	 -0.0977	  0.1232	  0.0000
 64.0000	112.0000	 -0.0535	  0.0555	  0.0000
 80.0000	112.0000	  0.1144	 -0.0924	  0.0000
 96.0000	112.0000	  0.1997	 -0.1212	  0.0000
112.0000	112.0000	  0.0972	 -0.0930	  0.0000
128.0000	112.0000	 -0.0138	  0.0143	  0.0000
144.0000	112.0000	 -0.0234	  0.0178	  0.0000
160.0000	112.0000	  0.0277	 -0.0259	  0.0000
176.0000	112.0000	  0.0198	 -0.0280	  0.0000
192.0000	112.0000	 -0.0777	  0.1174	  0.0000
208.0000	112.0000	  0.0810	 -0.0799	  0.0000
224.0000	112.0000	  0.4455	 -0.4810	  0.0000
240.0000	112.0000	  1.1301	 -1.1174	  0.0000
256.0000	112.0000	  1.7380	 -1.7216	  0.0000
272.0000	112.0000	  2.3583	 -2.3699	  0.0000
288.0000	112.0000	  2.8024	 -2.7987	  0.0000
304.0000	112.0000	  3.2527	 -3.2488	  0.0000
320.0000	112.0000	  3.5879	 -3.5763	  0.0000
336.0000	112.0000	  3.8668	 -3.8591	  0.0000
352.0000	112.0000	  4.0698	 -4.0567	  0.0000
368.0000	112.0000	  4.2194	 -4.2176	  0.0000
384.0000	112.0000	  4.3607	 -4.3695	  0.0000
400.0000	112.0000	  4.4098	 -4.4201	  0.0000
416.0000	112.0000	  4.3607	 -4.3570	  0.0000
432.0000	112.0000	  4.2305	 -4.2367	  0.0000
448.0000	112.0000	  4.0528	 -4.0456	  0.0000
464.0000	112.0000	  3.8359	 -3.8360	  0.0000
480.0000	112.0000	  3.3844	 -3.3909	  0.0000
496.0000	112.0000	  3.3835	 -3.3470	  0.0000
 16.0000	 96.0000	  0.0119	 -0.0419	  0.0000
 32.0000	 96.0000	  0.1449	 -0.1477	  0.0000
 48.0000	 96.0000	 -0.0600	  0.0446	  0.0000
 64.0000	 96.0000	  0.0423	 -0.0390	  0.0000
 80.0000	 96.0000	  0.1471	 -0.1625	  0.0000
 96.0000	 96.0000	  0.1388	 -0.1949	  0.0000
112.0000	 96.0000	  0.0511	 -0.0762	  0.0000
128.0000	 96.0000	  0.0049	 -0.0267	  0.0000
144.0000	 96.0000	 -0.0266	  0.0218	  0.0000
160.0000	 96.0000	 -0.0383	  0.0332	  0.0000
176.0000	 96.0000	 -0.1177	  0.0759	  0.0000
192.0000	 96.0000	 -0.1392	  0.0908	  0.0000
208.0000	 96.0000	 -0.0778	  0.0580	  0.0000
224.0000	 96.0000	  0.1033	 -0.1025	  0.0000
240.0000	 96.0000	  0.5044	 -0.5190	  0.0000
256.0000	 96.0000	  1.1123	 -1.1165	  0.0000
272.0000	 96.0000	  1.7678	 -1.7531	  0.0000
288.0000	 96.0000	  2.3341	 -2.3300	  0.0000
304.0000	 96.0000	  2.7479	 -2.7967	  0.0000
320.0000	 96.0000	  3.2154	 -3.2274	  0.0000
336.0000	 96.0000	  3.5909	 -3.5682	  0.0000
352.0000	 96.0000	  3.8987	 -3.8863	  0.0000
368.0000	 96.0000	  4.1066	 -4.1045	  0.0000
384.0000	 96.0000	  4.2528	 -4.2332	  0.0000
400.0000	 96.0000	  4.3714	 -4.3713	  0.0000
416.0000	 96.0000	  4.4144	 -4.4056	  0.0000
432.0000	 96.0000	  4.3434	 -4.3702	  0.0000
448.0000	 96.0000	  4.2484	 -4.2438	  0.0000
464.0000	 96.0000	  4.1110	 -4.1103	  0.0000
480.0000	 96.0000	  3.8238	 -3.7149	  0.0000
496.0000	 96.0000	  3.6652	 -3.2191	  0.0000
 16.0000	 80.0000	 -0.0072	 -0.0052	  0.0000
 32.0000	 80.0000	  0.0981	 -0.0797	  0.0000
 48.0000	 80.0000	  0.0696	 -0.0319	  0.0000
 64.0000	 80.0000	  0.0479	 -0.0443	  0.0000
 80.0000	 80.0000	  0.0331	 -0.0491	  0.0000
 96.0000	 80.0000	 -0.0798	  0.0780	  0.0000
112.0000	 80.0000	 -0.0338	 -0.0030	  0.0000
128.0000	 80.0000	  0.0738	 -0.0699	  0.0000
144.0000	 80.0000	  0.0042	 -0.0095	  0.0000
160.0000	 80.0000	 -0.0086	  0.0037	  0.0000
176.0000	 80.0000	 -0.0535	  0.0240	  0.0000
192.0000	 80.0000	 -0.1282	  0.1240	  0.0000
208.0000	 80.0000	 -0.0820	  0.0972	  0.0000
224.0000	 80.0000	 -0.0491	  0.0338	  0.0000
240.0000	 80.0000	  0.0224	 -0.0590	  0.0000
256.0000	 80.0000	  0.4533	 -0.4333	  0.0000
272.0000	 80.0000	  1.1390	 -1.1376	  0.0000
288.0000	 80.0000	  1.7501	 -1.7472	  0.0000
304.0000	 80.0000	  2.2724	 -2.2942	  0.0000
320.0000	 80.0000	  2.8341	 -2.8199	  0.0000
336.0000	 80.0000	  3.2101	 -3.1644	  0.0000
352.0000	 80.0000	  3.6046	 -3.5798	  0.0000
368.0000	 80.0000	  3.8128	 -3.8072	  0.0000
384.0000	 80.0000	  4.0600	 -4.0256	  0.0000
400.0000	 80.0000	  4.1582	 -4.1664	  0.0000
416.0000	 80.0000	  4.3762	 -4.3752	  0.0000
432.0000	 80.0000	  4.3972	 -4.4233	  0.0000
448.0000	 80.0000	  4.3524	 -4.3533	  0.0000
464.0000	 80.0000	  4.2897	 -4.3013	  0.0000
480.0000	 80.0000	  3.9834	 -4.0047	  0.0000
496.0000	 80.0000	  3.9515	 -3.9719	  0.0000
 16.0000	 64.0000	  0.0046	  0.0006	  0.0000
 32.0000	 64.0000	  0.0688	 -0.0556	  0.0000
 48.0000	 64.0000	  0.1190	 -0.1070	  0.0000
 64.0000	 64.0000	  0.0175	 -0.0130	  0.0000
 80.0000	 64.0000	 -0.0606	  0.0505	  0.0000
 96.0000	 64.0000	 -0.1288	  0.0554	  0.0000
112.0000	 64.0000	  0.0339	 -0.0302	  0.0000
128.0000	 64.0000	  0.0429	 -0.0333	  0.0000
144.0000	 64.0000	 -0.0153	  0.0131	  0.0000
160.0000	 64.0000	 -0.0515	  0.0500	  0.0000
176.0000	 64.0000	 -0.0154	  0.0160	  0.0000
192.0000	 64.0000	 -0.0184	  0.0208	  0.0000
208.0000	 64.0000	  0.0181	 -0.0158	  0.0000
224.0000	 64.0000	 -0.0393	  0.0326	  0.0000
240.0000	 64.0000	 -0.1243	  0.1180	  0.0000
256.0000	 64.0000	  0.0469	 -0.0484	  0.0000
272.0000	 64.0000	  0.3940	 -0.4105	  0.0000
288.0000	 64.0000	  1.0576	 -1.0589	  0.0000
304.0000	 64.0000	  1.7934	 -1.7885	  0.0000
320.0000	 64.0000	  2.4192	 -2.3720	  0.0000
336.0000	 64.0000	  2.8000	 -2.8057	  0.0000
352.0000	 64.0000	  3.2072	 -3.1934	  0.0000
368.0000	 64.0000	  3.5740	 -3.5610	  0.0000
384.0000	 64.0000	  3.8438	 -3.8223	  0.0000
400.0000	 64.0000	  4.0103	 -4.0436	  0.0000
416.0000	 64.0000	  4.2407	 -4.2142	  0.0000
432.0000	 64.0000	  4.3418	 -4.3582	  0.0000
448.0000	 64.0000	  4.4201	 -4.4423	  0.0000
464.0000	 64.0000	  4.3904	 -4.4046	  0.0000
480.0000	 64.0000	  4.1728	 -4.1475	  0.0000
496.0000	 64.0000	  4.1436	 -4.2149	  0.0000
 16.0000	 48.0000	  0.0251	 -0.0112	  0.0000
 32.0000	 48.0000	  0.0841	 -0.0598	  0.0000
 48.0000	 48.0000	 -0.0037	  0.0021	  0.0000
 64.0000	 48.0000	  0.1272	 -0.0827	  0.0000
 80.0000	 48.0000	 -0.0008	  0.0059	  0.0000
 96.0000	 48.0000	 -0.1378	  0.1318	  0.0000
112.0000	 48.0000	 -0.0854	  0.0922	  0.0000
128.0000	 48.0000	  0.0224	 -0.0100	  0.0000
144.0000	 48.0000	 -0.0200	  0.0159	  0.0000
160.0000	 48.0000	  0.0061	 -0.0085	  0.0000
176.0000	 48.0000	  0.0232	 -0.0249	  0.0000
192.0000	 48.0000	  0.0900	 -0.1289	  0.0000
208.0000	 48.0000	  0.0763	 -0.0880	  0.0000
224.0000	 48.0000	 -0.0271	  0.0267	  0.0000
240.0000	 48.0000	  0.0078	 -0.0028	  0.0000
256.0000	 48.0000	  0.0215	 -0.0263	  0.0000
272.0000	 48.0000	  0.0393	 -0.0471	  0.0000
288.0000	 48.0000	  0.6192	 -0.6231	  0.0000
304.0000	 48.0000	  1.2517	 -1.2810	  0.0000
320.0000	 48.0000	  1.7933	 -1.7768	  0.0000
336.0000	 48.0000	  2.2213	 -2.3098	  0.0000
352.0000	 48.0000	  2.7488	 -2.8002	  0.0000
368.0000	 48.0000	  3.2187	 -3.2197	  0.0000
384.0000	 48.0000	  3.5868	 -3.5577	  0.0000
400.0000	 48.0000	  3.7714	 -3.7533	  0.0000
416.0000	 48.0000	  4.0100	 -3.9870	  0.0000
432.0000	 48.0000	  4.2382	 -4.3073	  0.0000
448.0000	 48.0000	  4.4261	 -4.4895	  0.0000
464.0000	 48.0000	  4.4625	 -4.4070	  0.0000
480.0000	 48.0000	  4.3290	 -4.2236	  0.0000
496.0000	 48.0000	  4.1990	 -4.2004	  0.0000
 16.0000	 32.0000	 -0.0029	 -0.0108	  0.0000
 32.0000	 32.0000	  0.0130	 -0.0120	  0.0000
 48.0000	 32.0000	  0.0397	 -0.0527	  0.0000
 64.0000	 32.0000	  0.0428	 -0.0380	  0.0000
 80.0000	 32.0000	  0.0814	 -0.0838	  0.0000
 96.0000	 32.0000	  0.0583	 -0.0511	  0.0000
112.0000	 32.0000	  0.0648	 -0.0572	  0.0000
128.0000	 32.0000	  0.0905	 -0.0895	  0.0000
144.0000	 32.0000	 -0.0063	  0.0044	  0.0000
160.0000	 32.0000	  0.0022	 -0.0114	  0.0000
176.0000	 32.0000	  0.0539	 -0.0516	  0.0000
192.0000	 32.0000	  0.0662	 -0.0583	  0.0000
208.0000	 32.0000	  0.0589	 -0.0602	  0.0000
224.0000	 32.0000	  0.0218	 -0.0059	  0.0000
240.0000	 32.0000	  0.0274	  0.0477	  0.0000
256.0000	 32.0000	 -0.0242	  0.0543	  0.0000
272.0000	 32.0000	  0.0328	 -0.0235	  0.0000
288.0000	 32.0000	  0.0444	 -0.0551	  0.0000
304.0000	 32.0000	  0.3499	 -0.3240	  0.0000
320.0000	 32.0000	  0.8578	 -0.7609	  0.0000
336.0000	 32.0000	  1.3492	 -1.3163	  0.0000
352.0000	 32.0000	  2.1410	 -2.1104	  0.0000
368.0000	 32.0000	  2.7407	 -2.7342	  0.0000
384.0000	 32.0000	  3.2587	 -3.2143	  0.0000
400.0000	 32.0000	  3.7371	 -3.7234	  0.0000
416.0000	 32.0000	  3.8390	 -3.9172	  0.0000
432.0000	 32.0000	  4.1311	 -4.1253	  0.0000
448.0000	 32.0000	  4.2140	 -4.2202	  0.0000
464.0000	 32.0000	  4.2722	 -4.2102	  0.0000
480.0000	 32.0000	  4.3800	 -4.2423	  0.0000
496.0000	 32.0000	  4.1880	 -4.1801	  0.0000
 16.0000	 16.0000	 -0.0050	 -0.0080	  0.0000
 32.0000	 16.0000	  0.0058	  0.0000	  0.0000
 48.0000	 16.0000	  0.0377	 -0.0489	  0.0000
 64.0000	 16.0000	  0.0301	 -0.0377	  0.0000
 80.0000	 16.0000	  0.0228	 -0.0029	  0.0000
 96.0000	 16.0000	 -0.0539	  0.0504	  0.0000
112.0000	 16.0000	 -0.0614	  0.0357	  0.0000
128.0000	 16.0000	  0.0296	 -0.0316	  0.0000
144.0000	 16.0000	  0.0030	 -0.0113	  0.0000
160.0000	 16.0000	  0.0205	 -0.0159	  0.0000
176.0000	 16.0000	  0.0239	 -0.0217	  0.0000
192.0000	 16.0000	  0.0315	 -0.0267	  0.0000
208.0000	 16.0000	  0.0335	 -0.0327	  0.0000
224.0000	 16.0000	  0.0044	  0.0008	  0.0000
240.0000	 16.0000	 -0.0137	  0.0124	  0.0000
256.0000	 16.0000	 -0.0692	  0.0701	  0.0000
272.0000	 16.0000	 -0.0068	 -0.0110	  0.0000
288.0000	 16.0000	 -0.0106	 -0.0376	  0.0000
304.0000	 16.0000	  0.2182	 -0.2084	  0.0000
320.0000	 16.0000	  0.8019	 -0.7534	  0.0000
336.0000	 16.0000	  1.0109	 -1.4286	  0.0000
352.0000	 16.0000	  1.8701	 -2.0786	  0.0000
368.0000	 16.0000	  2.5853	 -2.5404	  0.0000
384.0000	 16.0000	  2.9222	 -2.8250	  0.0000
400.0000	 16.0000	  3.5147	 -3.6231	  0.0000
416.0000	 16.0000	  3.3956	 -4.4776	  0.0000
432.0000	 16.0000	  3.7713	 -4.3414	  0.0000
448.0000	 16.0000	  4.1759	 -4.2014	  0.0000
464.0000	 16.0000	  4.2759	 -4.1773	  0.0000
480.0000	 16.0000	  4.4568	 -3.7407	  0.0000
496.0000	 16.0000	  5.5736	 -4.3738	  0.0000
