 16.0000	496.0000	 -0.0820	 -0.0042	     nan
 32.0000	496.0000	 -0.0507	  0.0024	     nan
 48.0000	496.0000	 -0.0100	  0.0146	     nan
 64.0000	496.0000	 -0.0924	  0.0126	     nan
 80.0000	496.0000	 -0.1679	  0.0070	     nan
 96.0000	496.0000	 -0.1589	 -0.0019	     nan
112.0000	496.0000	 -0.1479	 -0.0096	     nan
128.0000	496.0000	 -0.0270	 -0.0088	     nan
144.0000	496.0000	 -0.0333	 -0.0074	     nan
160.0000	496.0000	 -0.1000	 -0.0010	     nan
176.0000	496.0000	 -0.1142	  0.0014	     nan
192.0000	496.0000	 -0.0696	  0.0076	     nan
208.0000	496.0000	 -0.0960	  0.0139	     nan
224.0000	496.0000	 -0.1167	  0.0110	     nan
240.0000	496.0000	 -0.1102	  0.0051	     nan
256.0000	496.0000	 -0.0816	 -0.0015	     nan
272.0000	496.0000	 -0.0535	  0.0046	     nan
288.0000	496.0000	 -0.0185	  0.0169	     nan
304.0000	496.0000	  0.0343	  0.0229	     nan
320.0000	496.0000	 -0.0052	  0.0148	     nan
336.0000	496.0000	 -0.0106	 -0.0006	     nan
352.0000	496.0000	  0.0174	 -0.0122	     nan
368.0000	496.0000	  0.0591	 -0.0134	     nan
384.0000	496.0000	  0.0476	  0.0065	     nan
400.0000	496.0000	 -0.1127	  0.0330	     nan
416.0000	496.0000	 -0.1445	  0.0453	     nan
432.0000	496.0000	 -0.1022	  0.0155	     nan
448.0000	496.0000	 -0.0382	 -0.0094	     nan
464.0000	496.0000	 -0.0597	 -0.0049	     nan
480.0000	496.0000	 -0.0743	  0.0026	     nan
496.0000	496.0000	  0.0256	 -0.0050	     nan
 16.0000	480.0000	  0.0903	  0.0025	     nan
 32.0000	480.0000	  0.1480	  0.0049	     nan
 48.0000	480.0000	  0.1761	  0.0151	     nan
 64.0000	480.0000	  0.0278	  0.0165	     nan
 80.0000	480.0000	 -0.1124	  0.0105	     nan
 96.0000	480.0000	 -0.0623	 -0.0216	     nan
112.0000	480.0000	 -0.0226	 -0.0457	     nan
128.0000	480.0000	  0.1337	 -0.0446	     nan
144.0000	480.0000	  0.2022	 -0.0265	     nan
160.0000	480.0000	  0.0884	 -0.0031	     nan
176.0000	480.0000	  0.0653	  0.0061	     nan
192.0000	480.0000	  0.1356	  0.0165	     nan
208.0000	480.0000	  0.0915	  0.0161	     nan
224.0000	480.0000	  0.0180	  0.0073	     nan
240.0000	480.0000	  0.0010	  0.0045	     nan
256.0000	480.0000	  0.0594	  0.0046	     nan
272.0000	480.0000	  0.0871	  0.0088	     nan
288.0000	480.0000	  0.1722	  0.0083	     nan
304.0000	480.0000	  0.2569	  0.0169	     nan
320.0000	480.0000	  0.2049	  0.0091	     nan
336.0000	480.0000	  0.1843	 -0.0061	     nan
352.0000	480.0000	  0.2675	 -0.0203	     nan
368.0000	480.0000	  0.3967	 -0.0260	     nan
384.0000	480.0000	  0.3897	  0.0019	     nan
400.0000	480.0000	  0.1211	  0.0342	     nan
416.0000	480.0000	 -0.0137	  0.0457	     nan
432.0000	480.0000	  0.1036	  0.0183	     nan
448.0000	480.0000	  0.2524	 -0.0075	     nan
464.0000	480.0000	  0.2672	 -0.0180	     nan
480.0000	480.0000	  0.1941	 -0.0090	     nan
496.0000	480.0000	  0.2151	 -0.0100	     nan
 16.0000	464.0000	  0.9080	 -0.0031	     nan
 32.0000	464.0000	  0.9199	 -0.0034	     nan
 48.0000	464.0000	  0.6993	 -0.0012	     nan
 64.0000	464.0000	  0.4014	 -0.0136	     nan
 80.0000	464.0000	  0.2030	 -0.0097	     nan
 96.0000	464.0000	  0.3708	 -0.0560	     nan
112.0000	464.0000	  0.4620	 -0.0822	     nan
128.0000	464.0000	  0.7027	 -0.0644	     nan
144.0000	464.0000	  0.8016	 -0.0308	     nan
160.0000	464.0000	  0.7513	 -0.0068	     nan
176.0000	464.0000	  0.7516	 -0.0035	     nan
192.0000	464.0000	  0.7761	 -0.0063	     nan
208.0000	464.0000	  0.7400	 -0.0051	     nan
224.0000	464.0000	  0.6832	 -0.0020	     nan
240.0000	464.0000	  0.6421	  0.0017	     nan
256.0000	464.0000	  0.7318	  0.0039	     nan
272.0000	464.0000	  0.8775	  0.0099	     nan
288.0000	464.0000	  1.0737	  0.0066	     nan
304.0000	464.0000	  1.1117	  0.0063	     nan
320.0000	464.0000	  0.9937	  0.0015	     nan
336.0000	464.0000	  0.9114	 -0.0126	     nan
352.0000	464.0000	  0.9157	 -0.0289	     nan
368.0000	464.0000	  0.9682	 -0.0558	     nan
384.0000	464.0000	  0.8524	 -0.0243	     nan
400.0000	464.0000	  0.4938	 -0.0058	     nan
416.0000	464.0000	  0.3594	 -0.0133	     nan
432.0000	464.0000	  0.5558	 -0.0072	     nan
448.0000	464.0000	  0.6611	  0.0018	     nan
464.0000	464.0000	  0.6778	 -0.0136	     nan
480.0000	464.0000	  0.6676	 -0.0150	     nan
496.0000	464.0000	  0.6769	 -0.0184	     nan
 16.0000	448.0000	  2.6049	 -0.0143	     nan
 32.0000	448.0000	  2.5870	 -0.0100	     nan
 48.0000	448.0000	  2.4064	 -0.0042	     nan
 64.0000	448.0000	  2.1588	 -0.0193	     nan
 80.0000	448.0000	  2.0519	 -0.0288	     nan
 96.0000	448.0000	  2.2268	 -0.0414	     nan
112.0000	448.0000	  2.4033	 -0.0447	     nan
128.0000	448.0000	  2.6077	 -0.0290	     nan
144.0000	448.0000	  2.6038	 -0.0084	     nan
160.0000	448.0000	  2.4840	 -0.0008	     nan
176.0000	448.0000	  2.4878	 -0.0015	     nan
192.0000	448.0000	  2.5729	 -0.0055	     nan
208.0000	448.0000	  2.5616	 -0.0037	     nan
224.0000	448.0000	  2.5121	  0.0012	     nan
240.0000	448.0000	  2.4371	  0.0049	     nan
256.0000	448.0000	  2.4899	  0.0129	     nan
272.0000	448.0000	  2.6192	  0.0217	     nan
288.0000	448.0000	  2.7612	  0.0067	     nan
304.0000	448.0000	  2.7063	  0.0009	     nan
320.0000	448.0000	  2.6056	 -0.0001	     nan
336.0000	448.0000	  2.5922	 -0.0084	     nan
352.0000	448.0000	  2.6244	 -0.0071	     nan
368.0000	448.0000	  2.6249	 -0.0233	     nan
384.0000	448.0000	  2.5424	 -0.0274	     nan
400.0000	448.0000	  2.3376	 -0.0399	     nan
416.0000	448.0000	  2.3651	 -0.0426	     nan
432.0000	448.0000	  2.5777	 -0.0215	     nan
448.0000	448.0000	  2.5962	  0.0101	     nan
464.0000	448.0000	  2.5291	 -0.0104	     nan
480.0000	448.0000	  2.4812	 -0.0023	     nan
496.0000	448.0000	  2.4973	 -0.0061	     nan
 16.0000	432.0000	  4.7301	 -0.0300	     nan
 32.0000	432.0000	  4.7341	 -0.0210	     nan
 48.0000	432.0000	  4.7208	  0.0049	     nan
 64.0000	432.0000	  4.6297	  0.0058	     nan
 80.0000	432.0000	  4.5827	 -0.0015	     nan
 96.0000	432.0000	  4.7076	 -0.0127	     nan
112.0000	432.0000	  4.8942	 -0.0143	     nan
128.0000	432.0000	  5.0052	 -0.0051	     nan
144.0000	432.0000	  4.8630	  0.0081	     nan
160.0000	432.0000	  4.6273	  0.0001	     nan
176.0000	432.0000	  4.6512	  0.0000	     nan
192.0000	432.0000	  4.7853	 -0.0029	     nan
208.0000	432.0000	  4.8311	 -0.0125	     nan
224.0000	432.0000	  4.7383	 -0.0144	     nan
240.0000	432.0000	  4.5379	  0.0037	     nan
256.0000	432.0000	  4.5017	  0.0265	     nan
272.0000	432.0000	  4.5808	  0.0353	     nan
288.0000	432.0000	  4.7060	  0.0194	     nan
304.0000	432.0000	  4.7111	  0.0053	     nan
320.0000	432.0000	  4.6939	  0.0013	     nan
336.0000	432.0000	  4.7182	 -0.0010	     nan
352.0000	432.0000	  4.7449	  0.0022	     nan
368.0000	432.0000	  4.7064	 -0.0073	     nan
384.0000	432.0000	  4.7439	 -0.0165	     nan
400.0000	432.0000	  4.9185	 -0.0439	     nan
416.0000	432.0000	  5.2729	 -0.0486	     nan
432.0000	432.0000	  5.4450	 -0.0338	     nan
448.0000	432.0000	  5.3075	  0.0118	     nan
464.0000	432.0000	  5.0431	 -0.0255	     nan
480.0000	432.0000	  4.8296	 -0.0276	     nan
496.0000	432.0000	  4.7930	 -0.0191	     nan
 16.0000	416.0000	  6.6790	 -0.0235	     nan
 32.0000	416.0000	  6.7161	 -0.0205	     nan
 48.0000	416.0000	  6.8315	  0.0011	     nan
 64.0000	416.0000	  6.9150	  0.0164	     nan
 80.0000	416.0000	  6.9810	  0.0167	     nan
 96.0000	416.0000	  7.0796	  0.0133	     nan
112.0000	416.0000	  7.0908	  0.0140	     nan
128.0000	416.0000	  7.0670	  0.0097	     nan
144.0000	416.0000	  6.9908	  0.0191	     nan
160.0000	416.0000	  6.7938	  0.0035	     nan
176.0000	416.0000	  6.8535	  0.0042	     nan
192.0000	416.0000	  6.9972	  0.0009	     nan
208.0000	416.0000	  6.9876	 -0.0073	     nan
224.0000	416.0000	  6.8006	 -0.0056	     nan
240.0000	416.0000	  6.5645	  0.0082	     nan
256.0000	416.0000	  6.4544	  0.0182	     nan
272.0000	416.0000	  6.5149	  0.0209	     nan
288.0000	416.0000	  6.6194	  0.0160	     nan
304.0000	416.0000	  6.6433	  0.0056	     nan
320.0000	416.0000	  6.6374	 -0.0005	     nan
336.0000	416.0000	  6.6810	  0.0094	     nan
352.0000	416.0000	  6.7099	  0.0172	     nan
368.0000	416.0000	  6.7459	  0.0085	     nan
384.0000	416.0000	  6.8870	 -0.0076	     nan
400.0000	416.0000	  7.1451	 -0.0199	     nan
416.0000	416.0000	  7.4044	 -0.0488	     nan
432.0000	416.0000	  7.3388	 -0.0221	     nan
448.0000	416.0000	  7.1721	 -0.0095	     nan
464.0000	416.0000	  6.9773	 -0.0308	     nan
480.0000	416.0000	  6.9061	 -0.0094	     nan
496.0000	416.0000	  6.9101	  0.0054	     nan
 16.0000	400.0000	  8.4280	 -0.0020	     nan
 32.0000	400.0000	  8.4347	 -0.0129	     nan
 48.0000	400.0000	  8.5370	 -0.0037	     nan
 64.0000	400.0000	  8.5920	  0.0120	     nan
 80.0000	400.0000	  8.6181	  0.0141	     nan
 96.0000	400.0000	  8.6538	  0.0134	     nan
112.0000	400.0000	  8.5751	  0.0132	     nan
128.0000	400.0000	  8.5523	  0.0098	     nan
144.0000	400.0000	  8.5847	  0.0084	     nan
160.0000	400.0000	  8.4905	  0.0012	     nan
176.0000	400.0000	  8.5410	  0.0039	     nan
192.0000	400.0000	  8.6075	  0.0051	     nan
208.0000	400.0000	  8.6036	 -0.0011	     nan
224.0000	400.0000	  8.5164	 -0.0046	     nan
240.0000	400.0000	  8.3937	  0.0011	     nan
256.0000	400.0000	  8.3000	 -0.0067	     nan
272.0000	400.0000	  8.3195	 -0.0135	     nan
288.0000	400.0000	  8.3773	 -0.0028	     nan
304.0000	400.0000	  8.3611	 -0.0076	     nan
320.0000	400.0000	  8.3402	 -0.0033	     nan
336.0000	400.0000	  8.3539	  0.0085	     nan
352.0000	400.0000	  8.3557	  0.0174	     nan
368.0000	400.0000	  8.4089	  0.0148	     nan
384.0000	400.0000	  8.5640	  0.0012	     nan
400.0000	400.0000	  8.7021	 -0.0205	     nan
416.0000	400.0000	  8.7783	 -0.0564	     nan
432.0000	400.0000	  8.6807	 -0.0310	     nan
448.0000	400.0000	  8.5602	 -0.0122	     nan
464.0000	400.0000	  8.5680	 -0.0129	     nan
480.0000	400.0000	  8.5736	  0.0096	     nan
496.0000	400.0000	  8.5896	  0.0208	     nan
 16.0000	384.0000	  9.9070	 -0.0003	     nan
 32.0000	384.0000	  9.9015	 -0.0075	     nan
 48.0000	384.0000	  9.9610	 -0.0029	     nan
 64.0000	384.0000	  9.9465	  0.0099	     nan
 80.0000	384.0000	  9.9322	  0.0118	     nan
 96.0000	384.0000	  9.9346	  0.0070	     nan
112.0000	384.0000	  9.9164	  0.0042	     nan
128.0000	384.0000	  9.9454	  0.0038	     nan
144.0000	384.0000	 10.0073	  0.0053	     nan
160.0000	384.0000	  9.9641	  0.0051	     nan
176.0000	384.0000	  9.9813	  0.0062	     nan
192.0000	384.0000	  9.9380	  0.0061	     nan
208.0000	384.0000	  9.9579	  0.0028	     nan
224.0000	384.0000	  9.9604	 -0.0017	     nan
240.0000	384.0000	  9.9316	 -0.0039	     nan
256.0000	384.0000	  9.8775	 -0.0163	     nan
272.0000	384.0000	  9.8763	 -0.0254	     nan
288.0000	384.0000	  9.8886	 -0.0212	     nan
304.0000	384.0000	  9.8579	 -0.0119	     nan
320.0000	384.0000	  9.8394	 -0.0010	     nan
336.0000	384.0000	  9.8288	  0.0072	     nan
352.0000	384.0000	  9.8371	  0.0100	     nan
368.0000	384.0000	  9.8349	  0.0116	     nan
384.0000	384.0000	  9.9541	  0.0099	     nan
400.0000	384.0000	 10.0711	 -0.0109	     nan
416.0000	384.0000	 10.0180	 -0.0548	     nan
432.0000	384.0000	  9.8873	 -0.0521	     nan
448.0000	384.0000	  9.8484	 -0.0249	     nan
464.0000	384.0000	  9.8435	 -0.0009	     nan
480.0000	384.0000	  9.9323	  0.0120	     nan
496.0000	384.0000	  9.9448	  0.0083	     nan
 16.0000	368.0000	 11.2018	 -0.0046	     nan
 32.0000	368.0000	 11.1997	 -0.0076	     nan
 48.0000	368.0000	 11.2343	 -0.0042	     nan
 64.0000	368.0000	 11.2040	  0.0050	     nan
 80.0000	368.0000	 11.1698	  0.0054	     nan
 96.0000	368.0000	 11.1552	  0.0007	     nan
112.0000	368.0000	 11.1581	 -0.0013	     nan
128.0000	368.0000	 11.2036	  0.0031	     nan
144.0000	368.0000	 11.2906	  0.0105	     nan
160.0000	368.0000	 11.3040	  0.0139	     nan
176.0000	368.0000	 11.3146	  0.0139	     nan
192.0000	368.0000	 11.2532	  0.0130	     nan
208.0000	368.0000	 11.2495	  0.0113	     nan
224.0000	368.0000	 11.2449	  0.0056	     nan
240.0000	368.0000	 11.2392	  0.0004	     nan
256.0000	368.0000	 11.2034	 -0.0067	     nan
272.0000	368.0000	 11.1946	 -0.0111	     nan
288.0000	368.0000	 11.1913	 -0.0099	     nan
304.0000	368.0000	 11.1828	 -0.0042	     nan
320.0000	368.0000	 11.1868	  0.0012	     nan
336.0000	368.0000	 11.1937	  0.0012	     nan
352.0000	368.0000	 11.1944	  0.0005	     nan
368.0000	368.0000	 11.1613	  0.0045	     nan
384.0000	368.0000	 11.1899	  0.0138	     nan
400.0000	368.0000	 11.2494	  0.0141	     nan
416.0000	368.0000	 11.2118	  0.0107	     nan
432.0000	368.0000	 11.1504	  0.0056	     nan
448.0000	368.0000	 11.1263	  0.0010	     nan
464.0000	368.0000	 11.1356	  0.0054	     nan
480.0000	368.0000	 11.2108	  0.0074	     nan
496.0000	368.0000	 11.1914	  0.0049	     nan
 16.0000	352.0000	 12.3435	 -0.0082	     nan
 32.0000	352.0000	 12.3339	 -0.0075	     nan
 48.0000	352.0000	 12.3623	 -0.0020	     nan
 64.0000	352.0000	 12.3498	  0.0032	     nan
 80.0000	352.0000	 12.3256	  0.0007	     nan
 96.0000	352.0000	 12.3008	 -0.0012	     nan
112.0000	352.0000	 12.3020	 -0.0003	     nan
128.0000	352.0000	 12.3260	  0.0035	     nan
144.0000	352.0000	 12.3751	  0.0090	     nan
160.0000	352.0000	 12.4027	  0.0117	     nan
176.0000	352.0000	 12.4156	  0.0125	     nan
192.0000	352.0000	 12.3725	  0.0139	     nan
208.0000	352.0000	 12.3547	  0.0118	     nan
224.0000	352.0000	 12.3452	  0.0062	     nan
240.0000	352.0000	 12.3605	  0.0036	     nan
256.0000	352.0000	 12.3403	  0.0027	     nan
272.0000	352.0000	 12.3238	  0.0016	     nan
288.0000	352.0000	 12.3244	  0.0032	     nan
304.0000	352.0000	 12.3503	  0.0053	     nan
320.0000	352.0000	 12.3975	  0.0043	     nan
336.0000	352.0000	 12.4123	 -0.0002	     nan
352.0000	352.0000	 12.3923	 -0.0017	     nan
368.0000	352.0000	 12.3613	 -0.0017	     nan
384.0000	352.0000	 12.3455	  0.0067	     nan
400.0000	352.0000	 12.3730	  0.0169	     nan
416.0000	352.0000	 12.3470	  0.0313	     nan
432.0000	352.0000	 12.3379	  0.0240	     nan
448.0000	352.0000	 12.3409	  0.0081	     nan
464.0000	352.0000	 12.3340	  0.0042	     nan
480.0000	352.0000	 12.3462	  0.0036	     nan
496.0000	352.0000	 12.3061	  0.0034	     nan
 16.0000	336.0000	 13.3256	 -0.0076	     nan
 32.0000	336.0000	 13.3037	 -0.0046	     nan
 48.0000	336.0000	 13.3051	  0.0019	     nan
 64.0000	336.0000	 13.2951	  0.0033	     nan
 80.0000	336.0000	 13.2689	 -0.0023	     nan
 96.0000	336.0000	 13.2423	 -0.0042	     nan
112.0000	336.0000	 13.2464	 -0.0050	     nan
128.0000	336.0000	 13.2612	 -0.0049	     nan
144.0000	336.0000	 13.2748	 -0.0010	     nan
160.0000	336.0000	 13.2897	  0.0022	     nan
176.0000	336.0000	 13.3171	  0.0042	     nan
192.0000	336.0000	 13.3065	  0.0064	     nan
208.0000	336.0000	 13.3121	  0.0060	     nan
224.0000	336.0000	 13.3126	  0.0048	     nan
240.0000	336.0000	 13.3203	  0.0038	     nan
256.0000	336.0000	 13.2971	  0.0048	     nan
272.0000	336.0000	 13.2793	  0.0068	     nan
288.0000	336.0000	 13.2873	  0.0093	     nan
304.0000	336.0000	 13.3275	  0.0097	     nan
320.0000	336.0000	 13.3785	  0.0077	     nan
336.0000	336.0000	 13.3779	  0.0032	     nan
352.0000	336.0000	 13.3452	  0.0008	     nan
368.0000	336.0000	 13.3258	 -0.0011	     nan
384.0000	336.0000	 13.3186	  0.0030	     nan
400.0000	336.0000	 13.3336	  0.0101	     nan
416.0000	336.0000	 13.3002	  0.0142	     nan
432.0000	336.0000	 13.3029	  0.0052	     nan
448.0000	336.0000	 13.3071	 -0.0033	     nan
464.0000	336.0000	 13.2821	 -0.0011	     nan
480.0000	336.0000	 13.2392	  0.0005	     nan
496.0000	336.0000	 13.1705	  0.0027	     nan
 16.0000	320.0000	 14.1227	  0.0002	     nan
 32.0000	320.0000	 14.1028	  0.0022	     nan
 48.0000	320.0000	 14.0817	  0.0038	     nan
 64.0000	320.0000	 14.0565	  0.0012	     nan
 80.0000	320.0000	 14.0288	 -0.0033	     nan
 96.0000	320.0000	 14.0198	 -0.0052	     nan
112.0000	320.0000	 14.0290	 -0.0085	     nan
128.0000	320.0000	 14.0301	 -0.0102	     nan
144.0000	320.0000	 14.0246	 -0.0074	     nan
160.0000	320.0000	 14.0313	 -0.0049	     nan
176.0000	320.0000	 14.0624	 -0.0043	     nan
192.0000	320.0000	 14.0779	 -0.0033	     nan
208.0000	320.0000	 14.1179	 -0.0014	     nan
224.0000	320.0000	 14.1317	  0.0013	     nan
240.0000	320.0000	 14.1329	  0.0016	     nan
256.0000	320.0000	 14.1155	  0.0003	     nan
272.0000	320.0000	 14.1043	  0.0043	     nan
288.0000	320.0000	 14.1056	  0.0094	     nan
304.0000	320.0000	 14.1293	  0.0099	     nan
320.0000	320.0000	 14.1555	  0.0105	     nan
336.0000	320.0000	 14.1424	  0.0093	     nan
352.0000	320.0000	 14.1157	  0.0060	     nan
368.0000	320.0000	 14.1052	  0.0004	     nan
384.0000	320.0000	 14.1025	 -0.0012	     nan
400.0000	320.0000	 14.1069	  0.0023	     nan
416.0000	320.0000	 14.0629	  0.0032	     nan
432.0000	320.0000	 14.0361	 -0.0019	     nan
448.0000	320.0000	 14.0294	 -0.0015	     nan
464.0000	320.0000	 14.0172	  0.0034	     nan
480.0000	320.0000	 14.0020	  0.0015	     nan
496.0000	320.0000	 13.9580	  0.0010	     nan
 16.0000	304.0000	 14.7297	  0.0038	     nan
 32.0000	304.0000	 14.7179	  0.0044	     nan
 48.0000	304.0000	 14.7013	  0.0016	     nan
 64.0000	304.0000	 14.6798	 -0.0034	     nan
 80.0000	304.0000	 14.6638	 -0.0037	     nan
 96.0000	304.0000	 14.6652	 -0.0021	     nan
112.0000	304.0000	 14.6665	 -0.0062	     nan
128.0000	304.0000	 14.6657	 -0.0071	     nan
144.0000	304.0000	 14.6570	 -0.0035	     nan
160.0000	304.0000	 14.6623	 -0.0032	     nan
176.0000	304.0000	 14.6912	 -0.0059	     nan
192.0000	304.0000	 14.7011	 -0.0071	     nan
208.0000	304.0000	 14.7336	 -0.0048	     nan
224.0000	304.0000	 14.7496	  0.0004	     nan
240.0000	304.0000	 14.7601	  0.0016	     nan
256.0000	304.0000	 14.7678	 -0.0020	     nan
272.0000	304.0000	 14.7667	  0.0010	     nan
288.0000	304.0000	 14.7474	  0.0058	     nan
304.0000	304.0000	 14.7577	  0.0069	     nan
320.0000	304.0000	 14.7748	  0.0090	     nan
336.0000	304.0000	 14.7731	  0.0110	     nan
352.0000	304.0000	 14.7617	  0.0077	     nan
368.0000	304.0000	 14.7373	  0.0003	     nan
384.0000	304.0000	 14.7189	 -0.0034	     nan
400.0000	304.0000	 14.7161	 -0.0019	     nan
416.0000	304.0000	 14.6821	 -0.0001	     nan
432.0000	304.0000	 14.6565	  0.0032	     nan
448.0000	304.0000	 14.6544	  0.0152	     nan
464.0000	304.0000	 14.6564	  0.0195	     nan
480.0000	304.0000	 14.6592	  0.0041	     nan
496.0000	304.0000	 14.6511	 -0.0117	     nan
 16.0000	288.0000	 15.1685	  0.0019	     nan
 32.0000	288.0000	 15.1614	  0.0012	     nan
 48.0000	288.0000	 15.1548	 -0.0033	     nan
 64.0000	288.0000	 15.1486	 -0.0067	     nan
 80.0000	288.0000	 15.1405	 -0.0033	     nan
 96.0000	288.0000	 15.1406	  0.0009	     nan
112.0000	288.0000	 15.1441	 -0.0006	     nan
128.0000	288.0000	 15.1420	  0.0013	     nan
144.0000	288.0000	 15.1252	  0.0043	     nan
160.0000	288.0000	 15.1198	  0.0018	     nan
176.0000	288.0000	 15.1425	 -0.0038	     nan
192.0000	288.0000	 15.1384	 -0.0072	     nan
208.0000	288.0000	 15.1489	 -0.0067	     nan
224.0000	288.0000	 15.1660	 -0.0027	     nan
240.0000	288.0000	 15.1900	 -0.0008	     nan
256.0000	288.0000	 15.2150	 -0.0039	     nan
272.0000	288.0000	 15.2105	 -0.0027	     nan
288.0000	288.0000	 15.1842	 -0.0001	     nan
304.0000	288.0000	 15.1759	  0.0025	     nan
320.0000	288.0000	 15.1876	  0.0047	     nan
336.0000	288.0000	 15.1950	  0.0072	     nan
352.0000	288.0000	 15.1998	  0.0042	     nan
368.0000	288.0000	 15.1790	 -0.0020	     nan
384.0000	288.0000	 15.1496	 -0.0055	     nan
400.0000	288.0000	 15.1377	 -0.0060	     nan
416.0000	288.0000	 15.1261	 -0.0033	     nan
432.0000	288.0000	 15.1201	  0.0032	     nan
448.0000	288.0000	 15.1392	  0.0137	     nan
464.0000	288.0000	 15.1589	  0.0137	     nan
480.0000	288.0000	 15.1698	 -0.0087	     nan
496.0000	288.0000	 15.1751	 -0.0421	     nan
 16.0000	272.0000	 15.4305	 -0.0003	     nan
 32.0000	272.0000	 15.4174	 -0.0008	     nan
 48.0000	272.0000	 15.4146	 -0.0040	     nan
 64.0000	272.0000	 15.4230	 -0.0038	     nan
 80.0000	272.0000	 15.4182	 -0.0017	     nan
 96.0000	272.0000	 15.4212	  0.0008	     nan
112.0000	272.0000	 15.4332	  0.0022	     nan
128.0000	272.0000	 15.4241	  0.0062	     nan
144.0000	272.0000	 15.3979	  0.0093	     nan
160.0000	272.0000	 15.3899	  0.0059	     nan
176.0000	272.0000	 15.4140	 -0.0026	     nan
192.0000	272.0000	 15.4135	 -0.0075	     nan
208.0000	272.0000	 15.4082	 -0.0064	     nan
224.0000	272.0000	 15.4100	 -0.0027	     nan
240.0000	272.0000	 15.4278	 -0.0010	     nan
256.0000	272.0000	 15.4556	 -0.0049	     nan
272.0000	272.0000	 15.4546	 -0.0050	     nan
288.0000	272.0000	 15.4291	 -0.0039	     nan
304.0000	272.0000	 15.4125	 -0.0025	     nan
320.0000	272.0000	 15.4144	  0.0001	     nan
336.0000	272.0000	 15.4249	  0.0027	     nan
352.0000	272.0000	 15.4375	  0.0020	     nan
368.0000	272.0000	 15.4233	 -0.0009	     nan
384.0000	272.0000	 15.3968	 -0.0034	     nan
400.0000	272.0000	 15.3883	 -0.0048	     nan
416.0000	272.0000	 15.3933	 -0.0029	     nan
432.0000	272.0000	 15.3956	  0.0019	     nan
448.0000	272.0000	 15.4107	  0.0075	     nan
464.0000	272.0000	 15.4278	  0.0062	     nan
480.0000	272.0000	 15.4170	 -0.0070	     nan
496.0000	272.0000	 15.3730	 -0.0217	     nan
 16.0000	256.0000	 15.5172	 -0.0010	     nan
 32.0000	256.0000	 15.5010	  0.0014	     nan
 48.0000	256.0000	 15.4988	  0.0021	     nan
 64.0000	256.0000	 15.5053	  0.0022	     nan
 80.0000	256.0000	 15.5004	 -0.0011	     nan
 96.0000	256.0000	 15.5087	 -0.0026	     nan
112.0000	256.0000	 15.5274	 -0.0003	     nan
128.0000	256.0000	 15.5162	  0.0080	     nan
144.0000	256.0000	 15.4942	  0.0136	     nan
160.0000	256.0000	 15.4839	  0.0094	     nan
176.0000	256.0000	 15.5066	 -0.0010	     nan
192.0000	256.0000	 15.5095	 -0.0072	     nan
208.0000	256.0000	 15.4942	 -0.0051	     nan
224.0000	256.0000	 15.4814	  0.0017	     nan
240.0000	256.0000	 15.4759	  0.0074	     nan
256.0000	256.0000	 15.4810	  0.0030	     nan
272.0000	256.0000	 15.4726	 -0.0010	     nan
288.0000	256.0000	 15.4555	 -0.0049	     nan
304.0000	256.0000	 15.4437	 -0.0072	     nan
320.0000	256.0000	 15.4501	 -0.0041	     nan
336.0000	256.0000	 15.4735	 -0.0001	     nan
352.0000	256.0000	 15.4972	  0.0036	     nan
368.0000	256.0000	 15.4940	  0.0034	     nan
384.0000	256.0000	 15.4789	  0.0013	     nan
400.0000	256.0000	 15.4860	  0.0004	     nan
416.0000	256.0000	 15.4989	  0.0004	     nan
432.0000	256.0000	 15.4916	  0.0020	     nan
448.0000	256.0000	 15.4942	  0.0047	     nan
464.0000	256.0000	 15.5102	  0.0027	     nan
480.0000	256.0000	 15.5103	 -0.0065	     nan
496.0000	256.0000	 15.4861	 -0.0111	     nan
 16.0000	240.0000	 15.4185	  0.0033	     nan
 32.0000	240.0000	 15.4189	  0.0056	     nan
 48.0000	240.0000	 15.4067	  0.0115	     nan
 64.0000	240.0000	 15.3962	  0.0085	     nan
 80.0000	240.0000	 15.3883	 -0.0013	     nan
 96.0000	240.0000	 15.4003	 -0.0087	     nan
112.0000	240.0000	 15.4251	 -0.0052	     nan
128.0000	240.0000	 15.4140	  0.0061	     nan
144.0000	240.0000	 15.4060	  0.0121	     nan
160.0000	240.0000	 15.4001	  0.0089	     nan
176.0000	240.0000	 15.4177	  0.0008	     nan
192.0000	240.0000	 15.4239	 -0.0037	     nan
208.0000	240.0000	 15.4084	 -0.0013	     nan
224.0000	240.0000	 15.3871	  0.0079	     nan
240.0000	240.0000	 15.3757	  0.0186	     nan
256.0000	240.0000	 15.3621	  0.0153	     nan
272.0000	240.0000	 15.3479	  0.0087	     nan
288.0000	240.0000	 15.3498	  0.0016	     nan
304.0000	240.0000	 15.3390	 -0.0051	     nan
320.0000	240.0000	 15.3531	 -0.0046	     nan
336.0000	240.0000	 15.3835	 -0.0014	     nan
352.0000	240.0000	 15.4052	  0.0049	     nan
368.0000	240.0000	 15.4083	  0.0073	     nan
384.0000	240.0000	 15.4071	  0.0056	     nan
400.0000	240.0000	 15.4266	  0.0052	     nan
416.0000	240.0000	 15.4407	  0.0052	     nan
432.0000	240.0000	 15.4193	  0.0045	     nan
448.0000	240.0000	 15.4089	  0.0027	     nan
464.0000	240.0000	 15.4134	 -0.0014	     nan
480.0000	240.0000	 15.4237	 -0.0044	     nan
496.0000	240.0000	 15.4225	 -0.0014	     nan
 16.0000	224.0000	 15.1084	  0.0025	     nan
 32.0000	224.0000	 15.1190	  0.0053	     nan
 48.0000	224.0000	 15.1081	  0.0134	     nan
 64.0000	224.0000	 15.0948	  0.0089	     nan
 80.0000	224.0000	 15.0748	 -0.0030	     nan
 96.0000	224.0000	 15.0828	 -0.0163	     nan
112.0000	224.0000	 15.1100	 -0.0171	     nan
128.0000	224.0000	 15.1226	 -0.0046	     nan
144.0000	224.0000	 15.1315	  0.0040	     nan
160.0000	224.0000	 15.1413	  0.0047	     nan
176.0000	224.0000	 15.1527	  0.0017	     nan
192.0000	224.0000	 15.1457	  0.0004	     nan
208.0000	224.0000	 15.1263	  0.0034	     nan
224.0000	224.0000	 15.1057	  0.0130	     nan
240.0000	224.0000	 15.0951	  0.0240	     nan
256.0000	224.0000	 15.0802	  0.0221	     nan
272.0000	224.0000	 15.0748	  0.0151	     nan
288.0000	224.0000	 15.0909	  0.0078	     nan
304.0000	224.0000	 15.0906	  0.0004	     nan
320.0000	224.0000	 15.1044	 -0.0019	     nan
336.0000	224.0000	 15.1207	 -0.0025	     nan
352.0000	224.0000	 15.1261	  0.0005	     nan
368.0000	224.0000	 15.1260	  0.0042	     nan
384.0000	224.0000	 15.1318	  0.0061	     nan
400.0000	224.0000	 15.1482	  0.0088	     nan
416.0000	224.0000	 15.1676	  0.0116	     nan
432.0000	224.0000	 15.1384	  0.0117	     nan
448.0000	224.0000	 15.1179	  0.0097	     nan
464.0000	224.0000	 15.1146	  0.0097	     nan
480.0000	224.0000	 15.1253	  0.0166	     nan
496.0000	224.0000	 15.1396	  0.0326	     nan
 16.0000	208.0000	 14.6151	  0.0151	     nan
 32.0000	208.0000	 14.6331	  0.0170	     nan
 48.0000	208.0000	 14.6293	  0.0148	     nan
 64.0000	208.0000	 14.6200	  0.0043	     nan
 80.0000	208.0000	 14.5726	 -0.0055	     nan
 96.0000	208.0000	 14.5745	 -0.0172	     nan
112.0000	208.0000	 14.6326	 -0.0209	     nan
128.0000	208.0000	 14.6850	 -0.0092	     nan
144.0000	208.0000	 14.7009	 -0.0005	     nan
160.0000	208.0000	 14.7105	  0.0003	     nan
176.0000	208.0000	 14.7052	 -0.0008	     nan
192.0000	208.0000	 14.6727	  0.0004	     nan
208.0000	208.0000	 14.6434	  0.0049	     nan
224.0000	208.0000	 14.6354	  0.0137	     nan
240.0000	208.0000	 14.6404	  0.0200	     nan
256.0000	208.0000	 14.6389	  0.0188	     nan
272.0000	208.0000	 14.6518	  0.0121	     nan
288.0000	208.0000	 14.6712	  0.0059	     nan
304.0000	208.0000	 14.6757	  0.0022	     nan
320.0000	208.0000	 14.6746	 -0.0006	     nan
336.0000	208.0000	 14.6668	 -0.0054	     nan
352.0000	208.0000	 14.6515	 -0.0102	     nan
368.0000	208.0000	 14.6478	 -0.0088	     nan
384.0000	208.0000	 14.6366	 -0.0019	     nan
400.0000	208.0000	 14.6226	  0.0087	     nan
416.0000	208.0000	 14.6576	  0.0194	     nan
432.0000	208.0000	 14.6462	  0.0202	     nan
448.0000	208.0000	 14.6344	  0.0176	     nan
464.0000	208.0000	 14.6426	  0.0222	     nan
480.0000	208.0000	 14.6354	  0.0389	     nan
496.0000	208.0000	 14.6540	  0.0743	     nan
 16.0000	192.0000	 13.9564	  0.0269	     nan
 32.0000	192.0000	 13.9814	  0.0273	     nan
 48.0000	192.0000	 14.0001	  0.0165	     nan
 64.0000	192.0000	 13.9954	  0.0018	     nan
 80.0000	192.0000	 13.9488	 -0.0060	     nan
 96.0000	192.0000	 13.9591	 -0.0112	     nan
112.0000	192.0000	 14.0405	 -0.0195	     nan
128.0000	192.0000	 14.1049	 -0.0109	     nan
144.0000	192.0000	 14.1104	 -0.0023	     nan
160.0000	192.0000	 14.1060	 -0.0043	     nan
176.0000	192.0000	 14.0972	 -0.0080	     nan
192.0000	192.0000	 14.0652	 -0.0075	     nan
208.0000	192.0000	 14.0473	 -0.0041	     nan
224.0000	192.0000	 14.0402	  0.0032	     nan
240.0000	192.0000	 14.0272	  0.0098	     nan
256.0000	192.0000	 14.0377	  0.0110	     nan
272.0000	192.0000	 14.0620	  0.0067	     nan
288.0000	192.0000	 14.0886	  0.0035	     nan
304.0000	192.0000	 14.0872	  0.0033	     nan
320.0000	192.0000	 14.0785	  0.0001	     nan
336.0000	192.0000	 14.0677	 -0.0078	     nan
352.0000	192.0000	 14.0510	 -0.0172	     nan
368.0000	192.0000	 14.0736	 -0.0144	     nan
384.0000	192.0000	 14.0540	  0.0003	     nan
400.0000	192.0000	 13.9956	  0.0094	     nan
416.0000	192.0000	 14.0121	  0.0107	     nan
432.0000	192.0000	 14.0184	  0.0129	     nan
448.0000	192.0000	 14.0047	  0.0171	     nan
464.0000	192.0000	 14.0081	  0.0226	     nan
480.0000	192.0000	 13.9859	  0.0352	     nan
496.0000	192.0000	 13.9967	  0.0599	     nan
 16.0000	176.0000	 13.1712	  0.0177	     nan
 32.0000	176.0000	 13.2024	  0.0160	     nan
 48.0000	176.0000	 13.2565	  0.0105	     nan
 64.0000	176.0000	 13.2714	  0.0009	     nan
 80.0000	176.0000	 13.2412	 -0.0040	     nan
 96.0000	176.0000	 13.2321	 -0.0064	     nan
112.0000	176.0000	 13.2786	 -0.0111	     nan
128.0000	176.0000	 13.3244	 -0.0069	     nan
144.0000	176.0000	 13.3112	 -0.0006	     nan
160.0000	176.0000	 13.3053	 -0.0078	     nan
176.0000	176.0000	 13.3257	 -0.0181	     nan
192.0000	176.0000	 13.3220	 -0.0217	     nan
208.0000	176.0000	 13.3375	 -0.0201	     nan
224.0000	176.0000	 13.3296	 -0.0148	     nan
240.0000	176.0000	 13.2846	 -0.0106	     nan
256.0000	176.0000	 13.2651	 -0.0057	     nan
272.0000	176.0000	 13.2852	 -0.0013	     nan
288.0000	176.0000	 13.3062	  0.0010	     nan
304.0000	176.0000	 13.3193	  0.0036	     nan
320.0000	176.0000	 13.3303	 -0.0001	     nan
336.0000	176.0000	 13.3326	 -0.0112	     nan
352.0000	176.0000	 13.3121	 -0.0253	     nan
368.0000	176.0000	 13.3024	 -0.0228	     nan
384.0000	176.0000	 13.3153	 -0.0007	     nan
400.0000	176.0000	 13.2728	  0.0030	     nan
416.0000	176.0000	 13.3119	 -0.0052	     nan
432.0000	176.0000	 13.3335	 -0.0034	     nan
448.0000	176.0000	 13.3069	  0.0046	     nan
464.0000	176.0000	 13.2856	  0.0064	     nan
480.0000	176.0000	 13.2708	  0.0071	     nan
496.0000	176.0000	 13.2785	  0.0140	     nan
 16.0000	160.0000	 12.2896	  0.0033	     nan
 32.0000	160.0000	 12.3065	  0.0005	     nan
 48.0000	160.0000	 12.3511	  0.0005	     nan
 64.0000	160.0000	 12.3829	 -0.0034	     nan
 80.0000	160.0000	 12.3878	 -0.0063	     nan
 96.0000	160.0000	 12.3726	 -0.0057	     nan
112.0000	160.0000	 12.3618	 -0.0088	     nan
128.0000	160.0000	 12.3602	 -0.0060	     nan
144.0000	160.0000	 12.3395	  0.0015	     nan
160.0000	160.0000	 12.3416	 -0.0066	     nan
176.0000	160.0000	 12.3989	 -0.0219	     nan
192.0000	160.0000	 12.4338	 -0.0305	     nan
208.0000	160.0000	 12.4571	 -0.0298	     nan
224.0000	160.0000	 12.4426	 -0.0287	     nan
240.0000	160.0000	 12.3849	 -0.0341	     nan
256.0000	160.0000	 12.3421	 -0.0253	     nan
272.0000	160.0000	 12.3519	 -0.0094	     nan
288.0000	160.0000	 12.3736	 -0.0027	     nan
304.0000	160.0000	 12.3880	  0.0012	     nan
320.0000	160.0000	 12.4098	 -0.0032	     nan
336.0000	160.0000	 12.4196	 -0.0154	     nan
352.0000	160.0000	 12.4178	 -0.0245	     nan
368.0000	160.0000	 12.4120	 -0.0192	     nan
384.0000	160.0000	 12.4119	 -0.0028	     nan
400.0000	160.0000	 12.4073	 -0.0056	     nan
416.0000	160.0000	 12.4626	 -0.0170	     nan
432.0000	160.0000	 12.4698	 -0.0128	     nan
448.0000	160.0000	 12.4397	 -0.0045	     nan
464.0000	160.0000	 12.3939	 -0.0080	     nan
480.0000	160.0000	 12.4003	 -0.0174	     nan
496.0000	160.0000	 12.4163	 -0.0215	     nan
 16.0000	144.0000	 11.2143	 -0.0078	     nan
 32.0000	144.0000	 11.2079	 -0.0102	     nan
 48.0000	144.0000	 11.2334	 -0.0100	     nan
 64.0000	144.0000	 11.2674	 -0.0133	     nan
 80.0000	144.0000	 11.3000	 -0.0131	     nan
 96.0000	144.0000	 11.2947	 -0.0067	     nan
112.0000	144.0000	 11.2354	 -0.0139	     nan
128.0000	144.0000	 11.2239	 -0.0113	     nan
144.0000	144.0000	 11.2227	  0.0006	     nan
160.0000	144.0000	 11.2307	 -0.0038	     nan
176.0000	144.0000	 11.2823	 -0.0186	     nan
192.0000	144.0000	 11.3041	 -0.0274	     nan
208.0000	144.0000	 11.3174	 -0.0250	     nan
224.0000	144.0000	 11.3196	 -0.0268	     nan
240.0000	144.0000	 11.2884	 -0.0356	     nan
256.0000	144.0000	 11.2570	 -0.0246	     nan
272.0000	144.0000	 11.2642	 -0.0079	     nan
288.0000	144.0000	 11.2775	 -0.0064	     nan
304.0000	144.0000	 11.2749	 -0.0091	     nan
320.0000	144.0000	 11.2865	 -0.0128	     nan
336.0000	144.0000	 11.2761	 -0.0165	     nan
352.0000	144.0000	 11.2786	 -0.0144	     nan
368.0000	144.0000	 11.3018	 -0.0089	     nan
384.0000	144.0000	 11.2937	 -0.0080	     nan
400.0000	144.0000	 11.3009	 -0.0178	     nan
416.0000	144.0000	 11.3372	 -0.0227	     nan
432.0000	144.0000	 11.3072	 -0.0110	     nan
448.0000	144.0000	 11.2786	 -0.0043	     nan
464.0000	144.0000	 11.2381	 -0.0122	     nan
480.0000	144.0000	 11.2592	 -0.0247	     nan
496.0000	144.0000	 11.2630	 -0.0322	     nan
 16.0000	128.0000	  9.9398	 -0.0071	     nan
 32.0000	128.0000	  9.9200	 -0.0089	     nan
 48.0000	128.0000	  9.9267	 -0.0139	     nan
 64.0000	128.0000	  9.9556	 -0.0167	     nan
 80.0000	128.0000	 10.0097	 -0.0120	     nan
 96.0000	128.0000	 10.0279	 -0.0030	     nan
112.0000	128.0000	  9.9661	 -0.0114	     nan
128.0000	128.0000	  9.9605	 -0.0112	     nan
144.0000	128.0000	  9.9644	 -0.0003	     nan
160.0000	128.0000	  9.9539	  0.0024	     nan
176.0000	128.0000	  9.9650	 -0.0097	     nan
192.0000	128.0000	  9.9621	 -0.0200	     nan
208.0000	128.0000	  9.9623	 -0.0194	     nan
224.0000	128.0000	  9.9945	 -0.0185	     nan
240.0000	128.0000	  9.9867	 -0.0207	     nan
256.0000	128.0000	  9.9721	 -0.0143	     nan
272.0000	128.0000	  9.9635	 -0.0038	     nan
288.0000	128.0000	  9.9569	 -0.0075	     nan
304.0000	128.0000	  9.9503	 -0.0194	     nan
320.0000	128.0000	  9.9515	 -0.0203	     nan
336.0000	128.0000	  9.9517	 -0.0168	     nan
352.0000	128.0000	  9.9669	 -0.0130	     nan
368.0000	128.0000	  9.9818	 -0.0129	     nan
384.0000	128.0000	  9.9659	 -0.0176	     nan
400.0000	128.0000	  9.9660	 -0.0245	     nan
416.0000	128.0000	  9.9839	 -0.0225	     nan
432.0000	128.0000	  9.9333	 -0.0134	     nan
448.0000	128.0000	  9.9082	 -0.0106	     nan
464.0000	128.0000	  9.8991	 -0.0145	     nan
480.0000	128.0000	  9.9460	 -0.0195	     nan
496.0000	128.0000	  9.9306	 -0.0261	     nan
 16.0000	112.0000	  8.4622	  0.0063	     nan
 32.0000	112.0000	  8.4328	  0.0095	     nan
 48.0000	112.0000	  8.4406	  0.0033	     nan
 64.0000	112.0000	  8.4653	  0.0005	     nan
 80.0000	112.0000	  8.4999	  0.0002	     nan
 96.0000	112.0000	  8.5138	 -0.0045	     nan
112.0000	112.0000	  8.5000	 -0.0124	     nan
128.0000	112.0000	  8.5150	 -0.0114	     nan
144.0000	112.0000	  8.5252	  0.0030	     nan
160.0000	112.0000	  8.4871	  0.0114	     nan
176.0000	112.0000	  8.4770	  0.0038	     nan
192.0000	112.0000	  8.4871	 -0.0055	     nan
208.0000	112.0000	  8.4955	 -0.0082	     nan
224.0000	112.0000	  8.5013	  0.0012	     nan
240.0000	112.0000	  8.4898	  0.0027	     nan
256.0000	112.0000	  8.4526	 -0.0028	     nan
272.0000	112.0000	  8.4076	  0.0055	     nan
288.0000	112.0000	  8.3837	  0.0065	     nan
304.0000	112.0000	  8.3831	 -0.0080	     nan
320.0000	112.0000	  8.3954	 -0.0068	     nan
336.0000	112.0000	  8.3883	 -0.0025	     nan
352.0000	112.0000	  8.3946	 -0.0004	     nan
368.0000	112.0000	  8.4240	 -0.0049	     nan
384.0000	112.0000	  8.4292	 -0.0105	     nan
400.0000	112.0000	  8.4213	 -0.0115	     nan
416.0000	112.0000	  8.4245	 -0.0064	     nan
432.0000	112.0000	  8.3813	 -0.0059	     nan
448.0000	112.0000	  8.3753	 -0.0184	     nan
464.0000	112.0000	  8.4154	 -0.0215	     nan
480.0000	112.0000	  8.5020	 -0.0078	     nan
496.0000	112.0000	  8.4992	 -0.0104	     nan
 16.0000	 96.0000	  6.7294	  0.0150	     nan
 32.0000	 96.0000	  6.7080	  0.0276	     nan
 48.0000	 96.0000	  6.7214	  0.0237	     nan
 64.0000	 96.0000	  6.7293	  0.0247	     nan
 80.0000	 96.0000	  6.7011	  0.0186	     nan
 96.0000	 96.0000	  6.7054	  0.0039	     nan
112.0000	 96.0000	  6.7050	 -0.0060	     nan
128.0000	 96.0000	  6.7436	 -0.0106	     nan
144.0000	 96.0000	  6.7568	  0.0015	     nan
160.0000	 96.0000	  6.7286	  0.0116	     nan
176.0000	 96.0000	  6.7484	  0.0099	     nan
192.0000	 96.0000	  6.7918	  0.0067	     nan
208.0000	 96.0000	  6.7906	  0.0140	     nan
224.0000	 96.0000	  6.7574	  0.0229	     nan
240.0000	 96.0000	  6.7358	  0.0205	     nan
256.0000	 96.0000	  6.6789	  0.0068	     nan
272.0000	 96.0000	  6.6319	  0.0184	     nan
288.0000	 96.0000	  6.6222	  0.0275	     nan
304.0000	 96.0000	  6.6109	  0.0135	     nan
320.0000	 96.0000	  6.5988	  0.0165	     nan
336.0000	 96.0000	  6.6045	  0.0128	     nan
352.0000	 96.0000	  6.5945	  0.0101	     nan
368.0000	 96.0000	  6.6123	  0.0106	     nan
384.0000	 96.0000	  6.6509	  0.0091	     nan
400.0000	 96.0000	  6.6902	  0.0088	     nan
416.0000	 96.0000	  6.6843	  0.0141	     nan
432.0000	 96.0000	  6.6535	  0.0090	     nan
448.0000	 96.0000	  6.6505	 -0.0235	     nan
464.0000	 96.0000	  6.6708	 -0.0322	     nan
480.0000	 96.0000	  6.7374	  0.0050	     nan
496.0000	 96.0000	  6.7698	  0.0162	     nan
 16.0000	 80.0000	  4.6945	  0.0009	     nan
 32.0000	 80.0000	  4.6557	  0.0323	     nan
 48.0000	 80.0000	  4.6913	  0.0166	     nan
 64.0000	 80.0000	  4.6841	  0.0134	     nan
 80.0000	 80.0000	  4.6646	  0.0115	     nan
 96.0000	 80.0000	  4.6987	  0.0111	     nan
112.0000	 80.0000	  4.6459	  0.0106	     nan
128.0000	 80.0000	  4.6619	 -0.0026	     nan
144.0000	 80.0000	  4.6633	  0.0002	     nan
160.0000	 80.0000	  4.6671	  0.0090	     nan
176.0000	 80.0000	  4.7274	 -0.0001	     nan
192.0000	 80.0000	  4.7849	 -0.0184	     nan
208.0000	 80.0000	  4.7844	 -0.0219	     nan
224.0000	 80.0000	  4.7316	 -0.0125	     nan
240.0000	 80.0000	  4.6840	 -0.0096	     nan
256.0000	 80.0000	  4.6407	 -0.0174	     nan
272.0000	 80.0000	  4.6701	 -0.0156	     nan
288.0000	 80.0000	  4.6807	 -0.0032	     nan
304.0000	 80.0000	  4.6668	  0.0055	     nan
320.0000	 80.0000	  4.5927	  0.0164	     nan
336.0000	 80.0000	  4.5993	 -0.0008	     nan
352.0000	 80.0000	  4.5801	  0.0015	     nan
368.0000	 80.0000	  4.5931	  0.0179	     nan
384.0000	 80.0000	  4.6642	  0.0261	     nan
400.0000	 80.0000	  4.7577	  0.0234	     nan
416.0000	 80.0000	  4.7386	  0.0266	     nan
432.0000	 80.0000	  4.6932	  0.0268	     nan
448.0000	 80.0000	  4.6589	 -0.0014	     nan
464.0000	 80.0000	  4.5816	 -0.0208	     nan
480.0000	 80.0000	  4.5064	  0.0092	     nan
496.0000	 80.0000	  4.5106	  0.0188	     nan
 16.0000	 64.0000	  2.5804	 -0.0067	     nan
 32.0000	 64.0000	  2.5030	  0.0162	     nan
 48.0000	 64.0000	  2.5175	  0.0057	     nan
 64.0000	 64.0000	  2.4152	  0.0100	     nan
 80.0000	 64.0000	  2.4057	  0.0110	     nan
 96.0000	 64.0000	  2.4776	  0.0176	     nan
112.0000	 64.0000	  2.5324	  0.0185	     nan
128.0000	 64.0000	  2.5145	  0.0060	     nan
144.0000	 64.0000	  2.5100	  0.0001	     nan
160.0000	 64.0000	  2.5789	  0.0021	     nan
176.0000	 64.0000	  2.6796	 -0.0140	     nan
192.0000	 64.0000	  2.6735	 -0.0332	     nan
208.0000	 64.0000	  2.6291	 -0.0261	     nan
224.0000	 64.0000	  2.5361	 -0.0188	     nan
240.0000	 64.0000	  2.4762	 -0.0147	     nan
256.0000	 64.0000	  2.5058	 -0.0099	     nan
272.0000	 64.0000	  2.5957	 -0.0131	     nan
288.0000	 64.0000	  2.6384	 -0.0065	     nan
304.0000	 64.0000	  2.6320	  0.0010	     nan
320.0000	 64.0000	  2.5770	  0.0091	     nan
336.0000	 64.0000	  2.5621	 -0.0020	     nan
352.0000	 64.0000	  2.5062	  0.0014	     nan
368.0000	 64.0000	  2.5316	  0.0130	     nan
384.0000	 64.0000	  2.6603	  0.0184	     nan
400.0000	 64.0000	  2.7991	  0.0061	     nan
416.0000	 64.0000	  2.7854	  0.0133	     nan
432.0000	 64.0000	  2.7146	  0.0215	     nan
448.0000	 64.0000	  2.6065	  0.0149	     nan
464.0000	 64.0000	  2.4414	  0.0097	     nan
480.0000	 64.0000	  2.3007	 -0.0070	     nan
496.0000	 64.0000	  2.3107	 -0.0131	     nan
 16.0000	 48.0000	  0.8252	 -0.0023	     nan
 32.0000	 48.0000	  0.7853	 -0.0021	     nan
 48.0000	 48.0000	  0.7745	 -0.0038	     nan
 64.0000	 48.0000	  0.5909	  0.0018	     nan
 80.0000	 48.0000	  0.5220	 -0.0002	     nan
 96.0000	 48.0000	  0.6166	  0.0130	     nan
112.0000	 48.0000	  0.7716	  0.0160	     nan
128.0000	 48.0000	  0.7970	  0.0047	     nan
144.0000	 48.0000	  0.8308	 -0.0028	     nan
160.0000	 48.0000	  0.9507	  0.0004	     nan
176.0000	 48.0000	  1.0286	 -0.0219	     nan
192.0000	 48.0000	  0.9172	 -0.0407	     nan
208.0000	 48.0000	  0.7968	 -0.0344	     nan
224.0000	 48.0000	  0.6933	 -0.0264	     nan
240.0000	 48.0000	  0.6724	 -0.0165	     nan
256.0000	 48.0000	  0.7619	 -0.0088	     nan
272.0000	 48.0000	  0.8382	 -0.0054	     nan
288.0000	 48.0000	  0.9016	  0.0032	     nan
304.0000	 48.0000	  0.9572	  0.0064	     nan
320.0000	 48.0000	  0.9674	  0.0078	     nan
336.0000	 48.0000	  0.9145	  0.0020	     nan
352.0000	 48.0000	  0.8766	 -0.0011	     nan
368.0000	 48.0000	  0.9678	  0.0037	     nan
384.0000	 48.0000	  1.0971	  0.0070	     nan
400.0000	 48.0000	  1.2309	 -0.0019	     nan
416.0000	 48.0000	  1.2543	  0.0013	     nan
432.0000	 48.0000	  1.2097	  0.0100	     nan
448.0000	 48.0000	  1.0849	  0.0080	     nan
464.0000	 48.0000	  0.8360	  0.0044	     nan
480.0000	 48.0000	  0.5537	 -0.0187	     nan
496.0000	 48.0000	  0.5820	 -0.0183	     nan
 16.0000	 32.0000	  0.1190	  0.0151	     nan
 32.0000	 32.0000	  0.0859	  0.0057	     nan
 48.0000	 32.0000	  0.0754	 -0.0045	     nan
 64.0000	 32.0000	 -0.0370	 -0.0039	     nan
 80.0000	 32.0000	 -0.0758	 -0.0174	     nan
 96.0000	 32.0000	 -0.0682	  0.0034	     nan
112.0000	 32.0000	 -0.0502	  0.0130	     nan
128.0000	 32.0000	  0.0016	  0.0076	     nan
144.0000	 32.0000	  0.1320	  0.0052	     nan
160.0000	 32.0000	  0.1949	  0.0008	     nan
176.0000	 32.0000	  0.1336	  0.0034	     nan
192.0000	 32.0000	  0.0353	 -0.0031	     nan
208.0000	 32.0000	  0.0231	 -0.0212	     nan
224.0000	 32.0000	  0.0199	 -0.0180	     nan
240.0000	 32.0000	  0.0309	 -0.0041	     nan
256.0000	 32.0000	  0.0729	 -0.0013	     nan
272.0000	 32.0000	  0.1357	  0.0020	     nan
288.0000	 32.0000	  0.1523	  0.0071	     nan
304.0000	 32.0000	  0.2047	  0.0013	     nan
320.0000	 32.0000	  0.2362	 -0.0008	     nan
336.0000	 32.0000	  0.1666	  0.0013	     nan
352.0000	 32.0000	  0.0892	 -0.0005	     nan
368.0000	 32.0000	  0.1153	 -0.0043	     nan
384.0000	 32.0000	  0.1875	  0.0021	     nan
400.0000	 32.0000	  0.2714	  0.0002	     nan
416.0000	 32.0000	  0.3019	  0.0031	     nan
432.0000	 32.0000	  0.3349	  0.0022	     nan
448.0000	 32.0000	  0.3248	 -0.0006	     nan
464.0000	 32.0000	  0.2811	 -0.0063	     nan
480.0000	 32.0000	  0.1450	 -0.0247	     nan
496.0000	 32.0000	  0.1151	 -0.0225	     nan
 16.0000	 16.0000	 -0.0458	  0.0143	     nan
 32.0000	 16.0000	 -0.0594	 -0.0027	     nan
 48.0000	 16.0000	 -0.0487	 -0.0011	     nan
 64.0000	 16.0000	 -0.1577	  0.0039	     nan
 80.0000	 16.0000	 -0.1934	  0.0032	     nan
 96.0000	 16.0000	 -0.1959	  0.0189	     nan
112.0000	 16.0000	 -0.1998	  0.0224	     nan
128.0000	 16.0000	 -0.1560	  0.0144	     nan
144.0000	 16.0000	 -0.0337	  0.0179	     nan
160.0000	 16.0000	 -0.0209	  0.0048	     nan
176.0000	 16.0000	 -0.0993	  0.0135	     nan
192.0000	 16.0000	 -0.1675	  0.0069	     nan
208.0000	 16.0000	 -0.1497	 -0.0229	     nan
224.0000	 16.0000	 -0.1138	 -0.0280	     nan
240.0000	 16.0000	 -0.0844	 -0.0110	     nan
256.0000	 16.0000	 -0.0508	 -0.0061	     nan
272.0000	 16.0000	 -0.0165	 -0.0033	     nan
288.0000	 16.0000	 -0.0285	  0.0001	     nan
304.0000	 16.0000	 -0.0123	 -0.0058	     nan
320.0000	 16.0000	  0.0048	 -0.0104	     nan
336.0000	 16.0000	 -0.0808	 -0.0060	     nan
352.0000	 16.0000	 -0.1594	 -0.0012	     nan
368.0000	 16.0000	 -0.1462	 -0.0001	     nan
384.0000	 16.0000	 -0.0977	  0.0020	     nan
400.0000	 16.0000	 -0.0800	 -0.0029	     nan
416.0000	 16.0000	 -0.0244	  0.0002	     nan
432.0000	 16.0000	  0.0290	 -0.0014	     nan
448.0000	 16.0000	  0.0421	 -0.0050	     nan
464.0000	 16.0000	  0.0249	 -0.0165	     nan
480.0000	 16.0000	 -0.0102	 -0.0381	     nan
496.0000	 16.0000	 -0.0915	 -0.0284	     nan
