 32.0000	 32.0000	  4.3404	 -4.2389	  0.0000
 64.0000	 32.0000	  4.1047	 -3.9789	  0.0000
 96.0000	 32.0000	  3.6149	 -3.6360	  0.0000
128.0000	 32.0000	  3.3483	 -3.3663	  0.0000
160.0000	 32.0000	  3.1373	 -3.0827	  0.0000
192.0000	 32.0000	  0.8569	 -0.8294	  0.0000
224.0000	 32.0000	  0.3813	 -0.3688	  0.0000
256.0000	 32.0000	  0.1046	 -0.0497	  0.0000
288.0000	 32.0000	 -0.0018	 -0.0011	  0.0000
320.0000	 32.0000	 -0.0578	 -0.0014	  0.0000
352.0000	 32.0000	 -0.0003	 -0.0005	  0.0000
384.0000	 32.0000	 -0.0001	 -0.0067	  0.0000
416.0000	 32.0000	  0.0003	 -0.0125	  0.0000
448.0000	 32.0000	  0.0382	 -0.0081	  0.0000
480.0000	 32.0000	  0.0000	 -0.0064	  0.0000
 32.0000	 64.0000	  4.1631	 -4.1909	  0.0000
 64.0000	 64.0000	  4.2881	 -4.2732	  0.0000
 96.0000	 64.0000	  4.0256	 -4.2266	  0.0000
128.0000	 64.0000	  3.7838	 -3.8851	  0.0000
160.0000	 64.0000	  3.4332	 -3.3528	  0.0000
192.0000	 64.0000	  2.6763	 -2.6930	  0.0000
224.0000	 64.0000	  1.0690	 -1.0901	  0.0000
256.0000	 64.0000	  0.1997	 -0.1413	  0.0000
288.0000	 64.0000	  0.0457	 -0.0455	  0.0000
320.0000	 64.0000	 -0.0362	 -0.0058	  0.0000
352.0000	 64.0000	 -0.0093	  0.0166	  0.0000
384.0000	 64.0000	  0.0050	 -0.0199	  0.0000
416.0000	 64.0000	 -0.0082	 -0.0237	  0.0000
448.0000	 64.0000	 -0.0026	 -0.0216	  0.0000
480.0000	 64.0000	 -0.0001	 -0.0232	  0.0000
 32.0000	 96.0000	  3.9527	 -3.9212	  0.0000
 64.0000	 96.0000	  4.1755	 -4.1739	  0.0000
 96.0000	 96.0000	  4.2618	 -4.3042	  0.0000
128.0000	 96.0000	  4.1968	 -4.2494	  0.0000
160.0000	 96.0000	  3.8360	 -3.8629	  0.0000
192.0000	 96.0000	  2.8709	 -2.8925	  0.0000
224.0000	 96.0000	  2.0350	 -2.2007	  0.0000
256.0000	 96.0000	  0.9139	 -0.8627	  0.0000
288.0000	 96.0000	  0.2098	 -0.1816	  0.0000
320.0000	 96.0000	  0.0264	 -0.0116	  0.0000
352.0000	 96.0000	 -0.0143	  0.0019	  0.0000
384.0000	 96.0000	 -0.0435	  0.0075	  0.0000
416.0000	 96.0000	 -0.0049	  0.0052	  0.0000
448.0000	 96.0000	  0.0699	 -0.0134	  0.0000
480.0000	 96.0000	 -0.0002	 -0.0145	  0.0000
 32.0000	128.0000	  3.3692	 -3.3012	  0.0000
 64.0000	128.0000	  3.9773	 -3.9108	  0.0000
 96.0000	128.0000	  4.1548	 -4.1090	  0.0000
128.0000	128.0000	  4.1418	 -4.1542	  0.0000
160.0000	128.0000	  4.1924	 -4.1708	  0.0000
192.0000	128.0000	  3.8971	 -4.0868	  0.0000
224.0000	128.0000	  3.6172	 -3.7584	  0.0000
256.0000	128.0000	  2.6208	 -2.6152	  0.0000
288.0000	128.0000	  1.1377	 -1.0972	  0.0000
320.0000	128.0000	  0.1474	 -0.1191	  0.0000
352.0000	128.0000	  0.0050	 -0.0271	  0.0000
384.0000	128.0000	 -0.0518	  0.0246	  0.0000
416.0000	128.0000	  0.0070	  0.0150	  0.0000
448.0000	128.0000	  0.0455	  0.0120	  0.0000
480.0000	128.0000	 -0.0108	  0.0143	  0.0000
 32.0000	160.0000	  2.7219	 -2.7354	  0.0000
 64.0000	160.0000	  3.3188	 -3.2993	  0.0000
 96.0000	160.0000	  3.7723	 -3.7688	  0.0000
128.0000	160.0000	  3.9915	 -4.0293	  0.0000
160.0000	160.0000	  4.3085	 -4.2632	  0.0000
192.0000	160.0000	  4.0835	 -4.1293	  0.0000
224.0000	160.0000	  3.7656	 -3.7531	  0.0000
256.0000	160.0000	  3.1584	 -3.2069	  0.0000
288.0000	160.0000	  2.9172	 -2.9169	  0.0000
320.0000	160.0000	  0.3673	 -0.3736	  0.0000
352.0000	160.0000	  0.1694	 -0.1874	  0.0000
384.0000	160.0000	  0.1229	 -0.0421	  0.0000
416.0000	160.0000	  0.0110	 -0.0073	  0.0000
448.0000	160.0000	 -0.0401	  0.0139	  0.0000
480.0000	160.0000	 -0.0174	  0.0282	  0.0000
 32.0000	192.0000	  1.1025	 -1.1374	  0.0000
 64.0000	192.0000	  1.6029	 -1.6418	  0.0000
 96.0000	192.0000	  3.4105	 -3.4024	  0.0000
128.0000	192.0000	  3.8693	 -3.8981	  0.0000
160.0000	192.0000	  4.2082	 -4.2108	  0.0000
192.0000	192.0000	  4.3435	 -4.1349	  0.0000
224.0000	192.0000	  4.0150	 -3.9142	  0.0000
256.0000	192.0000	  3.7296	 -3.7621	  0.0000
288.0000	192.0000	  3.3376	 -3.3465	  0.0000
320.0000	192.0000	  2.7505	 -2.7420	  0.0000
352.0000	192.0000	  1.1313	 -1.2408	  0.0000
384.0000	192.0000	  0.4694	 -0.4091	  0.0000
416.0000	192.0000	  0.1065	 -0.1485	  0.0000
448.0000	192.0000	 -0.0523	 -0.0441	  0.0000
480.0000	192.0000	 -0.0042	 -0.0874	  0.0000
 32.0000	224.0000	  0.2525	 -0.3128	  0.0000
 64.0000	224.0000	  0.6783	 -0.7408	  0.0000
 96.0000	224.0000	  3.2119	 -3.2043	  0.0000
128.0000	224.0000	  3.3255	 -3.3414	  0.0000
160.0000	224.0000	  3.7328	 -3.5718	  0.0000
192.0000	224.0000	  4.2872	 -4.1552	  0.0000
224.0000	224.0000	  4.1806	 -4.2561	  0.0000
256.0000	224.0000	  4.1220	 -4.1844	  0.0000
288.0000	224.0000	  3.8373	 -3.8268	  0.0000
320.0000	224.0000	  3.2241	 -3.2025	  0.0000
352.0000	224.0000	  2.3277	 -2.3330	  0.0000
384.0000	224.0000	  1.2801	 -1.2758	  0.0000
416.0000	224.0000	  0.2390	 -0.1827	  0.0000
448.0000	224.0000	  0.0002	 -0.0491	  0.0000
480.0000	224.0000	 -0.0181	 -0.0407	  0.0000
 32.0000	256.0000	  0.0049	 -0.0288	  0.0000
 64.0000	256.0000	  0.0150	 -0.0620	  0.0000
 96.0000	256.0000	     nan	     nan	  1.0000
128.0000	256.0000	  2.8716	 -2.8660	  0.0000
160.0000	256.0000	  3.1839	 -3.0971	  0.0000
192.0000	256.0000	  4.0911	 -4.0828	  0.0000
224.0000	256.0000	  4.1432	 -4.2789	  0.0000
256.0000	256.0000	  4.2517	 -4.3173	  0.0000
288.0000	256.0000	  4.1472	 -4.1840	  0.0000
320.0000	256.0000	  3.8458	 -3.8612	  0.0000
352.0000	256.0000	  3.1244	 -3.1179	  0.0000
384.0000	256.0000	  2.1619	 -2.1446	  0.0000
416.0000	256.0000	  1.2260	 -1.2359	  0.0000
448.0000	256.0000	  0.1970	 -0.1724	  0.0000
480.0000	256.0000	 -0.0140	  0.0306	  0.0000
 32.0000	288.0000	  0.0018	  0.0291	  0.0000
 64.0000	288.0000	 -0.0006	  0.0619	  0.0000
 96.0000	288.0000	  0.1613	 -0.1660	  0.0000
128.0000	288.0000	  1.2619	 -1.2298	  0.0000
160.0000	288.0000	  1.9873	 -2.2419	  0.0000
192.0000	288.0000	  3.1182	 -2.9635	  0.0000
224.0000	288.0000	  3.8968	 -3.8692	  0.0000
256.0000	288.0000	  4.1119	 -4.1338	  0.0000
288.0000	288.0000	  4.2845	 -4.2627	  0.0000
320.0000	288.0000	  4.1490	 -4.1480	  0.0000
352.0000	288.0000	  3.8601	 -3.9111	  0.0000
384.0000	288.0000	  2.3382	 -2.2882	  0.0000
416.0000	288.0000	  1.7798	 -1.7781	  0.0000
448.0000	288.0000	  0.3676	 -0.3127	  0.0000
480.0000	288.0000	  0.0786	 -0.0259	  0.0000
 32.0000	320.0000	  0.0044	  0.0641	  0.0000
 64.0000	320.0000	  0.0407	  0.0431	  0.0000
 96.0000	320.0000	  0.0560	 -0.1010	  0.0000
128.0000	320.0000	  0.2090	 -0.4061	  0.0000
160.0000	320.0000	  1.0846	 -1.2057	  0.0000
192.0000	320.0000	  2.1768	 -2.0622	  0.0000
224.0000	320.0000	  3.1437	 -3.0720	  0.0000
256.0000	320.0000	  3.7547	 -3.7465	  0.0000
288.0000	320.0000	  4.1588	 -4.0929	  0.0000
320.0000	320.0000	  4.3215	 -4.3002	  0.0000
352.0000	320.0000	  4.2357	 -4.2783	  0.0000
384.0000	320.0000	  3.9166	 -3.9069	  0.0000
416.0000	320.0000	  3.0842	 -3.0257	  0.0000
448.0000	320.0000	     nan	     nan	  1.0000
480.0000	320.0000	  0.3561	 -0.3833	  0.0000
 32.0000	352.0000	  0.0062	  0.0400	  0.0000
 64.0000	352.0000	  0.0683	  0.0035	  0.0000
 96.0000	352.0000	  0.0084	  0.0447	  0.0000
128.0000	352.0000	  0.0235	  0.0163	  0.0000
160.0000	352.0000	  0.7213	 -0.6630	  0.0000
192.0000	352.0000	  1.0717	 -1.0496	  0.0000
224.0000	352.0000	  2.2194	 -2.2305	  0.0000
256.0000	352.0000	  3.1439	 -3.1129	  0.0000
288.0000	352.0000	  3.4290	 -3.3814	  0.0000
320.0000	352.0000	  4.2713	 -4.2686	  0.0000
352.0000	352.0000	  4.2801	 -4.2761	  0.0000
384.0000	352.0000	  4.2335	 -4.1970	  0.0000
416.0000	352.0000	     nan	     nan	  1.0000
448.0000	352.0000	  2.9273	 -2.9181	  0.0000
480.0000	352.0000	  1.7670	 -1.9701	  0.0000
 32.0000	384.0000	  0.0036	 -0.0509	  0.0000
 64.0000	384.0000	 -0.0008	 -0.1116	  0.0000
 96.0000	384.0000	  0.0153	 -0.1672	  0.0000
128.0000	384.0000	  0.0228	  0.0960	  0.0000
160.0000	384.0000	  0.1651	 -0.0121	  0.0000
192.0000	384.0000	  0.3096	 -0.3570	  0.0000
224.0000	384.0000	  0.9318	 -0.9395	  0.0000
256.0000	384.0000	  2.8633	 -2.7565	  0.0000
288.0000	384.0000	  3.0413	 -3.0147	  0.0000
320.0000	384.0000	  3.6187	 -3.7778	  0.0000
352.0000	384.0000	  4.1795	 -4.2020	  0.0000
384.0000	384.0000	  4.3337	 -4.2834	  0.0000
416.0000	384.0000	  4.3426	 -4.3091	  0.0000
448.0000	384.0000	  3.9882	 -4.1770	  0.0000
480.0000	384.0000	  2.8125	 -2.9669	  0.0000
 32.0000	416.0000	  0.0061	 -0.0845	  0.0000
 64.0000	416.0000	  0.0000	 -0.0864	  0.0000
 96.0000	416.0000	 -0.0047	  0.0000	  0.0000
128.0000	416.0000	  0.0000	 -0.0000	  0.0000
160.0000	416.0000	 -0.0051	 -0.0004	  0.0000
192.0000	416.0000	  0.0342	 -0.0201	  0.0000
224.0000	416.0000	  0.4030	 -0.3970	  0.0000
256.0000	416.0000	  1.2526	 -1.2905	  0.0000
288.0000	416.0000	  2.2802	 -2.3660	  0.0000
320.0000	416.0000	  2.6641	 -2.9850	  0.0000
352.0000	416.0000	  3.9766	 -4.0217	  0.0000
384.0000	416.0000	  4.2334	 -4.1911	  0.0000
416.0000	416.0000	  4.3215	 -4.3058	  0.0000
448.0000	416.0000	  4.1823	 -4.2610	  0.0000
480.0000	416.0000	  3.7463	 -3.9230	  0.0000
 32.0000	448.0000	  0.0064	  0.0549	  0.0000
 64.0000	448.0000	 -0.0000	  0.1119	  0.0000
 96.0000	448.0000	  0.0216	  0.0785	  0.0000
128.0000	448.0000	 -0.0000	  0.0074	  0.0000
160.0000	448.0000	 -0.0235	 -0.0131	  0.0000
192.0000	448.0000	  0.0100	 -0.0350	  0.0000
224.0000	448.0000	  0.0150	 -0.1857	  0.0000
256.0000	448.0000	  0.0812	 -0.2379	  0.0000
288.0000	448.0000	  1.5978	 -1.5894	  0.0000
320.0000	448.0000	  1.9154	 -1.9028	  0.0000
352.0000	448.0000	  3.1046	 -3.0481	  0.0000
384.0000	448.0000	  3.8010	 -3.7756	  0.0000
416.0000	448.0000	  4.0270	 -4.0815	  0.0000
448.0000	448.0000	  4.2700	 -4.2454	  0.0000
480.0000	448.0000	  4.1577	 -4.1153	  0.0000
 32.0000	480.0000	  0.0002	  0.1478	  0.0000
 64.0000	480.0000	  0.0040	  0.1598	  0.0000
 96.0000	480.0000	  0.0255	 -0.0001	  0.0000
128.0000	480.0000	 -0.0054	 -0.0000	  0.0000
160.0000	480.0000	 -0.0214	 -0.0001	  0.0000
192.0000	480.0000	  0.0001	  0.0001	  0.0000
224.0000	480.0000	 -0.0015	  0.0003	  0.0000
256.0000	480.0000	  0.0105	  0.0004	  0.0000
288.0000	480.0000	  0.2788	 -0.2736	  0.0000
320.0000	480.0000	  1.2875	 -1.2637	  0.0000
352.0000	480.0000	  2.1210	 -2.0355	  0.0000
384.0000	480.0000	  3.1896	 -3.1568	  0.0000
416.0000	480.0000	  3.7126	 -3.8081	  0.0000
448.0000	480.0000	  4.3102	 -4.2817	  0.0000
480.0000	480.0000	  4.3578	 -4.3349	  0.0000
