 16.0000	496.0000	 -0.0860	 -0.0383	     nan
 32.0000	496.0000	 -0.1018	 -0.0468	     nan
 48.0000	496.0000	 -0.1199	 -0.0456	     nan
 64.0000	496.0000	 -0.1212	 -0.0236	     nan
 80.0000	496.0000	 -0.1236	 -0.0077	     nan
 96.0000	496.0000	 -0.1231	 -0.0060	     nan
112.0000	496.0000	 -0.1151	 -0.0082	     nan
128.0000	496.0000	 -0.1961	  0.0003	     nan
144.0000	496.0000	 -0.1913	  0.0019	     nan
160.0000	496.0000	 -0.1381	 -0.0008	     nan
176.0000	496.0000	 -0.0856	 -0.0040	     nan
192.0000	496.0000	 -0.0538	 -0.0057	     nan
208.0000	496.0000	  0.0432	  0.0062	     nan
224.0000	496.0000	  0.0621	  0.0270	     nan
240.0000	496.0000	  0.1352	  0.0200	     nan
256.0000	496.0000	  0.0193	  0.0061	     nan
272.0000	496.0000	 -0.0874	 -0.0106	     nan
288.0000	496.0000	 -0.1571	 -0.0165	     nan
304.0000	496.0000	 -0.1447	 -0.0088	     nan
320.0000	496.0000	 -0.0905	  0.0019	     nan
336.0000	496.0000	 -0.1190	 -0.0003	     nan
352.0000	496.0000	 -0.2200	 -0.0063	     nan
368.0000	496.0000	 -0.2303	 -0.0142	     nan
384.0000	496.0000	 -0.2125	 -0.0202	     nan
400.0000	496.0000	 -0.1739	 -0.0171	     nan
416.0000	496.0000	 -0.1233	 -0.0137	     nan
432.0000	496.0000	 -0.1161	 -0.0133	     nan
448.0000	496.0000	 -0.0623	 -0.0030	     nan
464.0000	496.0000	 -0.0449	  0.0048	     nan
480.0000	496.0000	 -0.0712	  0.0032	     nan
496.0000	496.0000	 -0.0895	  0.0012	     nan
 16.0000	480.0000	  0.1144	 -0.0295	     nan
 32.0000	480.0000	  0.0827	 -0.0406	     nan
 48.0000	480.0000	  0.0178	 -0.0398	     nan
 64.0000	480.0000	 -0.0078	 -0.0188	     nan
 80.0000	480.0000	  0.0045	 -0.0071	     nan
 96.0000	480.0000	  0.0387	 -0.0066	     nan
112.0000	480.0000	  0.0785	 -0.0115	     nan
128.0000	480.0000	  0.0052	 -0.0118	     nan
144.0000	480.0000	 -0.0079	 -0.0131	     nan
160.0000	480.0000	  0.0369	 -0.0181	     nan
176.0000	480.0000	  0.0986	 -0.0128	     nan
192.0000	480.0000	  0.1420	 -0.0055	     nan
208.0000	480.0000	  0.2641	  0.0151	     nan
224.0000	480.0000	  0.3462	  0.0308	     nan
240.0000	480.0000	  0.4067	  0.0224	     nan
256.0000	480.0000	  0.2731	  0.0121	     nan
272.0000	480.0000	  0.1233	 -0.0046	     nan
288.0000	480.0000	  0.0904	 -0.0048	     nan
304.0000	480.0000	  0.1525	  0.0029	     nan
320.0000	480.0000	  0.1749	  0.0106	     nan
336.0000	480.0000	  0.1055	  0.0061	     nan
352.0000	480.0000	 -0.0407	 -0.0003	     nan
368.0000	480.0000	 -0.0573	 -0.0024	     nan
384.0000	480.0000	 -0.0128	 -0.0100	     nan
400.0000	480.0000	  0.0476	 -0.0125	     nan
416.0000	480.0000	  0.0939	 -0.0124	     nan
432.0000	480.0000	  0.0747	 -0.0111	     nan
448.0000	480.0000	  0.1070	  0.0032	     nan
464.0000	480.0000	  0.1271	  0.0075	     nan
480.0000	480.0000	  0.1201	  0.0069	     nan
496.0000	480.0000	  0.1305	  0.0080	     nan
 16.0000	464.0000	  0.9944	 -0.0205	     nan
 32.0000	464.0000	  0.9742	 -0.0166	     nan
 48.0000	464.0000	  0.7898	 -0.0204	     nan
 64.0000	464.0000	  0.7014	 -0.0109	     nan
 80.0000	464.0000	  0.7521	 -0.0058	     nan
 96.0000	464.0000	  0.8463	 -0.0103	     nan
112.0000	464.0000	  0.9285	 -0.0169	     nan
128.0000	464.0000	  0.9017	 -0.0191	     nan
144.0000	464.0000	  0.8041	 -0.0222	     nan
160.0000	464.0000	  0.7353	 -0.0324	     nan
176.0000	464.0000	  0.7474	 -0.0322	     nan
192.0000	464.0000	  0.7964	 -0.0200	     nan
208.0000	464.0000	  0.9141	  0.0029	     nan
224.0000	464.0000	  1.0156	  0.0176	     nan
240.0000	464.0000	  0.9801	  0.0224	     nan
256.0000	464.0000	  0.7540	  0.0201	     nan
272.0000	464.0000	  0.5710	  0.0103	     nan
288.0000	464.0000	  0.6797	  0.0164	     nan
304.0000	464.0000	  0.9190	  0.0229	     nan
320.0000	464.0000	  1.0621	  0.0174	     nan
336.0000	464.0000	  1.0246	  0.0156	     nan
352.0000	464.0000	  0.8598	  0.0109	     nan
368.0000	464.0000	  0.7852	  0.0098	     nan
384.0000	464.0000	  0.8746	 -0.0021	     nan
400.0000	464.0000	  0.9881	 -0.0080	     nan
416.0000	464.0000	  1.0098	 -0.0101	     nan
432.0000	464.0000	  0.8906	 -0.0173	     nan
448.0000	464.0000	  0.7671	 -0.0112	     nan
464.0000	464.0000	  0.7201	 -0.0027	     nan
480.0000	464.0000	  0.7776	  0.0076	     nan
496.0000	464.0000	  0.8488	  0.0178	     nan
 16.0000	448.0000	  2.7216	 -0.0092	     nan
 32.0000	448.0000	  2.6915	 -0.0064	     nan
 48.0000	448.0000	  2.5692	 -0.0067	     nan
 64.0000	448.0000	  2.5157	 -0.0038	     nan
 80.0000	448.0000	  2.5217	 -0.0033	     nan
 96.0000	448.0000	  2.5595	 -0.0157	     nan
112.0000	448.0000	  2.6250	 -0.0215	     nan
128.0000	448.0000	  2.6441	 -0.0186	     nan
144.0000	448.0000	  2.5958	 -0.0086	     nan
160.0000	448.0000	  2.5542	 -0.0145	     nan
176.0000	448.0000	  2.5413	 -0.0185	     nan
192.0000	448.0000	  2.5514	 -0.0094	     nan
208.0000	448.0000	  2.6534	  0.0169	     nan
224.0000	448.0000	  2.7349	  0.0264	     nan
240.0000	448.0000	  2.6888	  0.0086	     nan
256.0000	448.0000	  2.5011	 -0.0005	     nan
272.0000	448.0000	  2.3464	  0.0034	     nan
288.0000	448.0000	  2.4115	  0.0136	     nan
304.0000	448.0000	  2.5592	  0.0221	     nan
320.0000	448.0000	  2.7164	  0.0204	     nan
336.0000	448.0000	  2.6833	  0.0198	     nan
352.0000	448.0000	  2.5423	  0.0171	     nan
368.0000	448.0000	  2.4950	  0.0104	     nan
384.0000	448.0000	  2.5927	  0.0075	     nan
400.0000	448.0000	  2.7309	  0.0127	     nan
416.0000	448.0000	  2.7680	  0.0112	     nan
432.0000	448.0000	  2.6406	  0.0056	     nan
448.0000	448.0000	  2.4730	 -0.0067	     nan
464.0000	448.0000	  2.4246	 -0.0018	     nan
480.0000	448.0000	  2.5264	  0.0347	     nan
496.0000	448.0000	  2.5548	  0.0852	     nan
 16.0000	432.0000	  4.7965	 -0.0189	     nan
 32.0000	432.0000	  4.7769	 -0.0237	     nan
 48.0000	432.0000	  4.7403	 -0.0283	     nan
 64.0000	432.0000	  4.6916	 -0.0235	     nan
 80.0000	432.0000	  4.6690	 -0.0148	     nan
 96.0000	432.0000	  4.6753	 -0.0152	     nan
112.0000	432.0000	  4.7659	 -0.0141	     nan
128.0000	432.0000	  4.8430	 -0.0061	     nan
144.0000	432.0000	  4.8280	  0.0036	     nan
160.0000	432.0000	  4.7268	 -0.0035	     nan
176.0000	432.0000	  4.6647	 -0.0121	     nan
192.0000	432.0000	  4.6944	 -0.0055	     nan
208.0000	432.0000	  4.8169	  0.0170	     nan
224.0000	432.0000	  4.8761	  0.0248	     nan
240.0000	432.0000	  4.8736	  0.0121	     nan
256.0000	432.0000	  4.7508	  0.0045	     nan
272.0000	432.0000	  4.6443	  0.0067	     nan
288.0000	432.0000	  4.6524	  0.0059	     nan
304.0000	432.0000	  4.6776	  0.0019	     nan
320.0000	432.0000	  4.7625	  0.0059	     nan
336.0000	432.0000	  4.7910	  0.0103	     nan
352.0000	432.0000	  4.7366	  0.0089	     nan
368.0000	432.0000	  4.7046	  0.0046	     nan
384.0000	432.0000	  4.7761	  0.0031	     nan
400.0000	432.0000	  4.8942	  0.0089	     nan
416.0000	432.0000	  4.9053	  0.0197	     nan
432.0000	432.0000	  4.7744	  0.0173	     nan
448.0000	432.0000	  4.6096	 -0.0069	     nan
464.0000	432.0000	  4.6289	  0.0125	     nan
480.0000	432.0000	  4.6784	  0.0578	     nan
496.0000	432.0000	  4.6485	  0.1139	     nan
 16.0000	416.0000	  6.7544	 -0.0038	     nan
 32.0000	416.0000	  6.7826	 -0.0078	     nan
 48.0000	416.0000	  6.7857	 -0.0132	     nan
 64.0000	416.0000	  6.7168	 -0.0069	     nan
 80.0000	416.0000	  6.6705	  0.0040	     nan
 96.0000	416.0000	  6.6882	  0.0041	     nan
112.0000	416.0000	  6.7700	  0.0048	     nan
128.0000	416.0000	  6.8694	  0.0125	     nan
144.0000	416.0000	  6.8853	  0.0186	     nan
160.0000	416.0000	  6.8166	  0.0172	     nan
176.0000	416.0000	  6.7484	  0.0153	     nan
192.0000	416.0000	  6.7296	  0.0153	     nan
208.0000	416.0000	  6.7448	  0.0181	     nan
224.0000	416.0000	  6.7403	  0.0211	     nan
240.0000	416.0000	  6.7415	  0.0195	     nan
256.0000	416.0000	  6.7548	  0.0305	     nan
272.0000	416.0000	  6.7837	  0.0256	     nan
288.0000	416.0000	  6.7532	  0.0108	     nan
304.0000	416.0000	  6.6573	 -0.0032	     nan
320.0000	416.0000	  6.7252	 -0.0110	     nan
336.0000	416.0000	  6.8508	 -0.0090	     nan
352.0000	416.0000	  6.9049	 -0.0012	     nan
368.0000	416.0000	  6.8171	  0.0040	     nan
384.0000	416.0000	  6.7756	  0.0143	     nan
400.0000	416.0000	  6.8173	  0.0206	     nan
416.0000	416.0000	  6.8197	  0.0296	     nan
432.0000	416.0000	  6.7747	  0.0207	     nan
448.0000	416.0000	  6.7216	 -0.0018	     nan
464.0000	416.0000	  6.7160	  0.0068	     nan
480.0000	416.0000	  6.6809	  0.0435	     nan
496.0000	416.0000	  6.6597	  0.0925	     nan
 16.0000	400.0000	  8.4349	  0.0061	     nan
 32.0000	400.0000	  8.4628	  0.0033	     nan
 48.0000	400.0000	  8.4757	  0.0024	     nan
 64.0000	400.0000	  8.4413	  0.0093	     nan
 80.0000	400.0000	  8.4302	  0.0131	     nan
 96.0000	400.0000	  8.4365	  0.0097	     nan
112.0000	400.0000	  8.4651	  0.0107	     nan
128.0000	400.0000	  8.5038	  0.0156	     nan
144.0000	400.0000	  8.5216	  0.0166	     nan
160.0000	400.0000	  8.4732	  0.0205	     nan
176.0000	400.0000	  8.4460	  0.0222	     nan
192.0000	400.0000	  8.4450	  0.0192	     nan
208.0000	400.0000	  8.4486	  0.0202	     nan
224.0000	400.0000	  8.4313	  0.0260	     nan
240.0000	400.0000	  8.4278	  0.0275	     nan
256.0000	400.0000	  8.4571	  0.0325	     nan
272.0000	400.0000	  8.4771	  0.0124	     nan
288.0000	400.0000	  8.4744	  0.0088	     nan
304.0000	400.0000	  8.3965	  0.0007	     nan
320.0000	400.0000	  8.4169	 -0.0041	     nan
336.0000	400.0000	  8.5235	 -0.0028	     nan
352.0000	400.0000	  8.5556	  0.0001	     nan
368.0000	400.0000	  8.4715	 -0.0031	     nan
384.0000	400.0000	  8.4264	  0.0113	     nan
400.0000	400.0000	  8.4247	  0.0206	     nan
416.0000	400.0000	  8.4395	  0.0255	     nan
432.0000	400.0000	  8.4749	  0.0167	     nan
448.0000	400.0000	  8.4927	  0.0061	     nan
464.0000	400.0000	  8.4830	  0.0076	     nan
480.0000	400.0000	  8.4339	  0.0226	     nan
496.0000	400.0000	  8.4308	  0.0414	     nan
 16.0000	384.0000	  9.9004	  0.0016	     nan
 32.0000	384.0000	  9.9094	  0.0013	     nan
 48.0000	384.0000	  9.9119	  0.0048	     nan
 64.0000	384.0000	  9.9173	  0.0090	     nan
 80.0000	384.0000	  9.9382	  0.0079	     nan
 96.0000	384.0000	  9.9365	  0.0075	     nan
112.0000	384.0000	  9.9168	  0.0067	     nan
128.0000	384.0000	  9.9026	  0.0042	     nan
144.0000	384.0000	  9.9079	 -0.0012	     nan
160.0000	384.0000	  9.8922	  0.0002	     nan
176.0000	384.0000	  9.8968	  0.0049	     nan
192.0000	384.0000	  9.9140	  0.0085	     nan
208.0000	384.0000	  9.9246	  0.0166	     nan
224.0000	384.0000	  9.9017	  0.0324	     nan
240.0000	384.0000	  9.8856	  0.0333	     nan
256.0000	384.0000	  9.9066	  0.0217	     nan
272.0000	384.0000	  9.9139	  0.0107	     nan
288.0000	384.0000	  9.8957	  0.0118	     nan
304.0000	384.0000	  9.8634	  0.0085	     nan
320.0000	384.0000	  9.8768	  0.0068	     nan
336.0000	384.0000	  9.9304	  0.0095	     nan
352.0000	384.0000	  9.9238	  0.0110	     nan
368.0000	384.0000	  9.8810	  0.0054	     nan
384.0000	384.0000	  9.8607	  0.0041	     nan
400.0000	384.0000	  9.8499	  0.0068	     nan
416.0000	384.0000	  9.8628	  0.0098	     nan
432.0000	384.0000	  9.9090	  0.0070	     nan
448.0000	384.0000	  9.9549	  0.0059	     nan
464.0000	384.0000	  9.9662	  0.0081	     nan
480.0000	384.0000	  9.9328	  0.0124	     nan
496.0000	384.0000	  9.9547	  0.0184	     nan
 16.0000	368.0000	 11.2119	 -0.0079	     nan
 32.0000	368.0000	 11.2186	 -0.0058	     nan
 48.0000	368.0000	 11.2119	 -0.0015	     nan
 64.0000	368.0000	 11.2213	  0.0011	     nan
 80.0000	368.0000	 11.2383	 -0.0018	     nan
 96.0000	368.0000	 11.2364	 -0.0040	     nan
112.0000	368.0000	 11.2132	 -0.0036	     nan
128.0000	368.0000	 11.1919	 -0.0037	     nan
144.0000	368.0000	 11.1944	 -0.0061	     nan
160.0000	368.0000	 11.1885	 -0.0022	     nan
176.0000	368.0000	 11.1904	  0.0022	     nan
192.0000	368.0000	 11.2040	  0.0035	     nan
208.0000	368.0000	 11.2197	  0.0096	     nan
224.0000	368.0000	 11.2021	  0.0233	     nan
240.0000	368.0000	 11.1778	  0.0240	     nan
256.0000	368.0000	 11.1792	  0.0118	     nan
272.0000	368.0000	 11.1810	  0.0063	     nan
288.0000	368.0000	 11.1853	  0.0072	     nan
304.0000	368.0000	 11.1762	  0.0061	     nan
320.0000	368.0000	 11.1884	  0.0037	     nan
336.0000	368.0000	 11.2033	  0.0079	     nan
352.0000	368.0000	 11.1956	  0.0101	     nan
368.0000	368.0000	 11.1874	  0.0064	     nan
384.0000	368.0000	 11.1848	  0.0040	     nan
400.0000	368.0000	 11.1757	  0.0027	     nan
416.0000	368.0000	 11.1766	  0.0025	     nan
432.0000	368.0000	 11.1999	  0.0025	     nan
448.0000	368.0000	 11.2294	  0.0048	     nan
464.0000	368.0000	 11.2485	  0.0072	     nan
480.0000	368.0000	 11.2436	  0.0068	     nan
496.0000	368.0000	 11.2799	  0.0061	     nan
 16.0000	352.0000	 12.3569	 -0.0133	     nan
 32.0000	352.0000	 12.3716	 -0.0123	     nan
 48.0000	352.0000	 12.3672	 -0.0088	     nan
 64.0000	352.0000	 12.3758	 -0.0040	     nan
 80.0000	352.0000	 12.3955	 -0.0044	     nan
 96.0000	352.0000	 12.3913	 -0.0065	     nan
112.0000	352.0000	 12.3746	 -0.0050	     nan
128.0000	352.0000	 12.3500	 -0.0057	     nan
144.0000	352.0000	 12.3433	 -0.0053	     nan
160.0000	352.0000	 12.3378	  0.0007	     nan
176.0000	352.0000	 12.3340	  0.0019	     nan
192.0000	352.0000	 12.3446	  0.0004	     nan
208.0000	352.0000	 12.3634	  0.0017	     nan
224.0000	352.0000	 12.3497	  0.0071	     nan
240.0000	352.0000	 12.3339	  0.0077	     nan
256.0000	352.0000	 12.3369	  0.0041	     nan
272.0000	352.0000	 12.3370	  0.0031	     nan
288.0000	352.0000	 12.3315	  0.0017	     nan
304.0000	352.0000	 12.3193	  0.0005	     nan
320.0000	352.0000	 12.3158	 -0.0000	     nan
336.0000	352.0000	 12.3282	  0.0014	     nan
352.0000	352.0000	 12.3375	  0.0034	     nan
368.0000	352.0000	 12.3405	  0.0054	     nan
384.0000	352.0000	 12.3505	  0.0071	     nan
400.0000	352.0000	 12.3517	  0.0050	     nan
416.0000	352.0000	 12.3569	  0.0035	     nan
432.0000	352.0000	 12.3597	  0.0040	     nan
448.0000	352.0000	 12.3605	  0.0037	     nan
464.0000	352.0000	 12.3708	  0.0027	     nan
480.0000	352.0000	 12.3767	  0.0001	     nan
496.0000	352.0000	 12.3873	 -0.0006	     nan
 16.0000	336.0000	 13.3099	 -0.0090	     nan
 32.0000	336.0000	 13.3168	 -0.0092	     nan
 48.0000	336.0000	 13.3236	 -0.0072	     nan
 64.0000	336.0000	 13.3445	  0.0003	     nan
 80.0000	336.0000	 13.3845	  0.0026	     nan
 96.0000	336.0000	 13.3785	 -0.0011	     nan
112.0000	336.0000	 13.3536	 -0.0007	     nan
128.0000	336.0000	 13.3116	 -0.0048	     nan
144.0000	336.0000	 13.2959	 -0.0052	     nan
160.0000	336.0000	 13.2926	 -0.0001	     nan
176.0000	336.0000	 13.2822	  0.0002	     nan
192.0000	336.0000	 13.3059	 -0.0007	     nan
208.0000	336.0000	 13.3389	 -0.0031	     nan
224.0000	336.0000	 13.3229	  0.0000	     nan
240.0000	336.0000	 13.3220	  0.0007	     nan
256.0000	336.0000	 13.3341	 -0.0003	     nan
272.0000	336.0000	 13.3397	 -0.0004	     nan
288.0000	336.0000	 13.3040	 -0.0037	     nan
304.0000	336.0000	 13.2600	 -0.0044	     nan
320.0000	336.0000	 13.2252	 -0.0023	     nan
336.0000	336.0000	 13.2273	 -0.0018	     nan
352.0000	336.0000	 13.2571	 -0.0001	     nan
368.0000	336.0000	 13.2779	  0.0021	     nan
384.0000	336.0000	 13.3147	  0.0046	     nan
400.0000	336.0000	 13.3378	  0.0050	     nan
416.0000	336.0000	 13.3481	  0.0047	     nan
432.0000	336.0000	 13.3349	  0.0053	     nan
448.0000	336.0000	 13.3197	  0.0033	     nan
464.0000	336.0000	 13.3239	  0.0007	     nan
480.0000	336.0000	 13.3431	  0.0007	     nan
496.0000	336.0000	 13.3615	  0.0042	     nan
 16.0000	320.0000	 14.0990	 -0.0050	     nan
 32.0000	320.0000	 14.0984	 -0.0048	     nan
 48.0000	320.0000	 14.1001	 -0.0025	     nan
 64.0000	320.0000	 14.1196	  0.0020	     nan
 80.0000	320.0000	 14.1518	  0.0038	     nan
 96.0000	320.0000	 14.1424	  0.0023	     nan
112.0000	320.0000	 14.1315	  0.0012	     nan
128.0000	320.0000	 14.1016	 -0.0027	     nan
144.0000	320.0000	 14.0912	 -0.0053	     nan
160.0000	320.0000	 14.0816	 -0.0046	     nan
176.0000	320.0000	 14.0737	 -0.0025	     nan
192.0000	320.0000	 14.1035	  0.0000	     nan
208.0000	320.0000	 14.1276	 -0.0015	     nan
224.0000	320.0000	 14.1190	 -0.0021	     nan
240.0000	320.0000	 14.1210	 -0.0009	     nan
256.0000	320.0000	 14.1288	 -0.0001	     nan
272.0000	320.0000	 14.1289	 -0.0010	     nan
288.0000	320.0000	 14.0934	 -0.0064	     nan
304.0000	320.0000	 14.0437	 -0.0084	     nan
320.0000	320.0000	 13.9930	 -0.0054	     nan
336.0000	320.0000	 13.9752	 -0.0045	     nan
352.0000	320.0000	 13.9990	 -0.0040	     nan
368.0000	320.0000	 14.0259	 -0.0064	     nan
384.0000	320.0000	 14.0928	 -0.0044	     nan
400.0000	320.0000	 14.1391	  0.0018	     nan
416.0000	320.0000	 14.1540	  0.0056	     nan
432.0000	320.0000	 14.1290	  0.0074	     nan
448.0000	320.0000	 14.0999	  0.0052	     nan
464.0000	320.0000	 14.1089	  0.0024	     nan
480.0000	320.0000	 14.1487	  0.0064	     nan
496.0000	320.0000	 14.2119	  0.0193	     nan
 16.0000	304.0000	 14.7039	 -0.0025	     nan
 32.0000	304.0000	 14.7002	 -0.0029	     nan
 48.0000	304.0000	 14.7039	 -0.0015	     nan
 64.0000	304.0000	 14.7184	  0.0016	     nan
 80.0000	304.0000	 14.7299	  0.0037	     nan
 96.0000	304.0000	 14.7240	  0.0034	     nan
112.0000	304.0000	 14.7352	  0.0008	     nan
128.0000	304.0000	 14.7371	 -0.0018	     nan
144.0000	304.0000	 14.7438	 -0.0036	     nan
160.0000	304.0000	 14.7300	 -0.0053	     nan
176.0000	304.0000	 14.7121	 -0.0021	     nan
192.0000	304.0000	 14.7171	  0.0017	     nan
208.0000	304.0000	 14.7212	  0.0008	     nan
224.0000	304.0000	 14.7140	 -0.0013	     nan
240.0000	304.0000	 14.7190	 -0.0002	     nan
256.0000	304.0000	 14.7251	  0.0014	     nan
272.0000	304.0000	 14.7289	 -0.0005	     nan
288.0000	304.0000	 14.7193	 -0.0067	     nan
304.0000	304.0000	 14.6916	 -0.0102	     nan
320.0000	304.0000	 14.6669	 -0.0078	     nan
336.0000	304.0000	 14.6333	 -0.0028	     nan
352.0000	304.0000	 14.6230	 -0.0030	     nan
368.0000	304.0000	 14.6325	 -0.0105	     nan
384.0000	304.0000	 14.6870	 -0.0090	     nan
400.0000	304.0000	 14.7306	 -0.0005	     nan
416.0000	304.0000	 14.7491	  0.0043	     nan
432.0000	304.0000	 14.7293	  0.0052	     nan
448.0000	304.0000	 14.7015	  0.0032	     nan
464.0000	304.0000	 14.7110	  0.0016	     nan
480.0000	304.0000	 14.7483	  0.0070	     nan
496.0000	304.0000	 14.8094	  0.0195	     nan
 16.0000	288.0000	 15.1322	  0.0006	     nan
 32.0000	288.0000	 15.1243	 -0.0011	     nan
 48.0000	288.0000	 15.1248	 -0.0008	     nan
 64.0000	288.0000	 15.1328	  0.0012	     nan
 80.0000	288.0000	 15.1371	  0.0029	     nan
 96.0000	288.0000	 15.1448	  0.0039	     nan
112.0000	288.0000	 15.1766	  0.0021	     nan
128.0000	288.0000	 15.1906	 -0.0002	     nan
144.0000	288.0000	 15.1894	 -0.0022	     nan
160.0000	288.0000	 15.1763	 -0.0035	     nan
176.0000	288.0000	 15.1541	 -0.0006	     nan
192.0000	288.0000	 15.1394	  0.0032	     nan
208.0000	288.0000	 15.1335	  0.0035	     nan
224.0000	288.0000	 15.1333	  0.0012	     nan
240.0000	288.0000	 15.1388	  0.0016	     nan
256.0000	288.0000	 15.1389	  0.0035	     nan
272.0000	288.0000	 15.1438	  0.0023	     nan
288.0000	288.0000	 15.1441	 -0.0027	     nan
304.0000	288.0000	 15.1274	 -0.0056	     nan
320.0000	288.0000	 15.1036	 -0.0036	     nan
336.0000	288.0000	 15.0991	 -0.0018	     nan
352.0000	288.0000	 15.1005	 -0.0024	     nan
368.0000	288.0000	 15.1059	 -0.0099	     nan
384.0000	288.0000	 15.1248	 -0.0097	     nan
400.0000	288.0000	 15.1337	 -0.0003	     nan
416.0000	288.0000	 15.1423	  0.0025	     nan
432.0000	288.0000	 15.1366	  0.0007	     nan
448.0000	288.0000	 15.1270	 -0.0013	     nan
464.0000	288.0000	 15.1337	 -0.0019	     nan
480.0000	288.0000	 15.1513	  0.0014	     nan
496.0000	288.0000	 15.1710	  0.0053	     nan
 16.0000	272.0000	 15.4220	  0.0046	     nan
 32.0000	272.0000	 15.4131	  0.0014	     nan
 48.0000	272.0000	 15.4002	 -0.0001	     nan
 64.0000	272.0000	 15.3941	 -0.0005	     nan
 80.0000	272.0000	 15.3946	 -0.0010	     nan
 96.0000	272.0000	 15.4101	  0.0003	     nan
112.0000	272.0000	 15.4400	  0.0019	     nan
128.0000	272.0000	 15.4481	  0.0028	     nan
144.0000	272.0000	 15.4386	  0.0021	     nan
160.0000	272.0000	 15.4263	  0.0002	     nan
176.0000	272.0000	 15.4135	  0.0022	     nan
192.0000	272.0000	 15.4013	  0.0066	     nan
208.0000	272.0000	 15.3954	  0.0086	     nan
224.0000	272.0000	 15.3929	  0.0070	     nan
240.0000	272.0000	 15.3988	  0.0049	     nan
256.0000	272.0000	 15.3945	  0.0040	     nan
272.0000	272.0000	 15.3920	  0.0028	     nan
288.0000	272.0000	 15.3916	 -0.0000	     nan
304.0000	272.0000	 15.3895	 -0.0019	     nan
320.0000	272.0000	 15.3864	 -0.0025	     nan
336.0000	272.0000	 15.3901	 -0.0030	     nan
352.0000	272.0000	 15.3937	 -0.0032	     nan
368.0000	272.0000	 15.3972	 -0.0073	     nan
384.0000	272.0000	 15.3961	 -0.0043	     nan
400.0000	272.0000	 15.3757	  0.0066	     nan
416.0000	272.0000	 15.3707	  0.0071	     nan
432.0000	272.0000	 15.3770	  0.0021	     nan
448.0000	272.0000	 15.3898	 -0.0018	     nan
464.0000	272.0000	 15.3969	 -0.0027	     nan
480.0000	272.0000	 15.4016	  0.0009	     nan
496.0000	272.0000	 15.4077	  0.0055	     nan
 16.0000	256.0000	 15.5396	  0.0100	     nan
 32.0000	256.0000	 15.5281	  0.0042	     nan
 48.0000	256.0000	 15.5023	  0.0016	     nan
 64.0000	256.0000	 15.4844	  0.0003	     nan
 80.0000	256.0000	 15.4837	 -0.0032	     nan
 96.0000	256.0000	 15.5003	 -0.0039	     nan
112.0000	256.0000	 15.5149	 -0.0009	     nan
128.0000	256.0000	 15.5110	  0.0031	     nan
144.0000	256.0000	 15.5017	  0.0055	     nan
160.0000	256.0000	 15.5008	  0.0051	     nan
176.0000	256.0000	 15.4993	  0.0064	     nan
192.0000	256.0000	 15.4954	  0.0092	     nan
208.0000	256.0000	 15.4979	  0.0115	     nan
224.0000	256.0000	 15.4941	  0.0112	     nan
240.0000	256.0000	 15.4989	  0.0076	     nan
256.0000	256.0000	 15.4938	  0.0039	     nan
272.0000	256.0000	 15.4777	  0.0006	     nan
288.0000	256.0000	 15.4722	 -0.0004	     nan
304.0000	256.0000	 15.4722	  0.0006	     nan
320.0000	256.0000	 15.4824	  0.0002	     nan
336.0000	256.0000	 15.4943	 -0.0020	     nan
352.0000	256.0000	 15.4995	 -0.0038	     nan
368.0000	256.0000	 15.5004	 -0.0046	     nan
384.0000	256.0000	 15.4914	 -0.0001	     nan
400.0000	256.0000	 15.4655	  0.0077	     nan
416.0000	256.0000	 15.4525	  0.0073	     nan
432.0000	256.0000	 15.4587	  0.0021	     nan
448.0000	256.0000	 15.4781	 -0.0009	     nan
464.0000	256.0000	 15.4930	 -0.0004	     nan
480.0000	256.0000	 15.4997	  0.0058	     nan
496.0000	256.0000	 15.5107	  0.0182	     nan
 16.0000	240.0000	 15.4423	  0.0101	     nan
 32.0000	240.0000	 15.4310	  0.0067	     nan
 48.0000	240.0000	 15.4095	  0.0080	     nan
 64.0000	240.0000	 15.4007	  0.0060	     nan
 80.0000	240.0000	 15.4102	 -0.0019	     nan
 96.0000	240.0000	 15.4303	 -0.0070	     nan
112.0000	240.0000	 15.4335	 -0.0040	     nan
128.0000	240.0000	 15.4192	  0.0039	     nan
144.0000	240.0000	 15.4156	  0.0086	     nan
160.0000	240.0000	 15.4168	  0.0083	     nan
176.0000	240.0000	 15.4122	  0.0098	     nan
192.0000	240.0000	 15.4044	  0.0108	     nan
208.0000	240.0000	 15.4095	  0.0125	     nan
224.0000	240.0000	 15.4095	  0.0118	     nan
240.0000	240.0000	 15.4153	  0.0075	     nan
256.0000	240.0000	 15.4098	  0.0006	     nan
272.0000	240.0000	 15.3917	 -0.0032	     nan
288.0000	240.0000	 15.3894	 -0.0021	     nan
304.0000	240.0000	 15.3851	  0.0015	     nan
320.0000	240.0000	 15.3966	  0.0030	     nan
336.0000	240.0000	 15.4127	  0.0015	     nan
352.0000	240.0000	 15.4187	 -0.0009	     nan
368.0000	240.0000	 15.4177	 -0.0021	     nan
384.0000	240.0000	 15.4069	 -0.0004	     nan
400.0000	240.0000	 15.3856	  0.0016	     nan
416.0000	240.0000	 15.3717	 -0.0012	     nan
432.0000	240.0000	 15.3736	 -0.0032	     nan
448.0000	240.0000	 15.3901	 -0.0012	     nan
464.0000	240.0000	 15.4157	  0.0020	     nan
480.0000	240.0000	 15.4380	  0.0077	     nan
496.0000	240.0000	 15.4736	  0.0199	     nan
 16.0000	224.0000	 15.1345	  0.0042	     nan
 32.0000	224.0000	 15.1178	  0.0042	     nan
 48.0000	224.0000	 15.0913	  0.0109	     nan
 64.0000	224.0000	 15.1013	  0.0110	     nan
 80.0000	224.0000	 15.1359	  0.0022	     nan
 96.0000	224.0000	 15.1659	 -0.0049	     nan
112.0000	224.0000	 15.1620	 -0.0029	     nan
128.0000	224.0000	 15.1417	  0.0042	     nan
144.0000	224.0000	 15.1440	  0.0068	     nan
160.0000	224.0000	 15.1457	  0.0045	     nan
176.0000	224.0000	 15.1265	  0.0014	     nan
192.0000	224.0000	 15.1234	 -0.0053	     nan
208.0000	224.0000	 15.1374	 -0.0020	     nan
224.0000	224.0000	 15.1465	  0.0027	     nan
240.0000	224.0000	 15.1553	  0.0021	     nan
256.0000	224.0000	 15.1546	 -0.0022	     nan
272.0000	224.0000	 15.1443	 -0.0029	     nan
288.0000	224.0000	 15.1422	 -0.0010	     nan
304.0000	224.0000	 15.1277	  0.0024	     nan
320.0000	224.0000	 15.1326	  0.0041	     nan
336.0000	224.0000	 15.1510	  0.0033	     nan
352.0000	224.0000	 15.1538	  0.0018	     nan
368.0000	224.0000	 15.1483	  0.0005	     nan
384.0000	224.0000	 15.1347	 -0.0008	     nan
400.0000	224.0000	 15.1158	 -0.0044	     nan
416.0000	224.0000	 15.1030	 -0.0118	     nan
432.0000	224.0000	 15.1035	 -0.0106	     nan
448.0000	224.0000	 15.1201	 -0.0026	     nan
464.0000	224.0000	 15.1571	  0.0017	     nan
480.0000	224.0000	 15.2024	  0.0013	     nan
496.0000	224.0000	 15.2792	 -0.0017	     nan
 16.0000	208.0000	 14.6557	 -0.0011	     nan
 32.0000	208.0000	 14.6240	  0.0003	     nan
 48.0000	208.0000	 14.5797	  0.0112	     nan
 64.0000	208.0000	 14.5989	  0.0138	     nan
 80.0000	208.0000	 14.6587	  0.0063	     nan
 96.0000	208.0000	 14.7059	 -0.0012	     nan
112.0000	208.0000	 14.6982	  0.0004	     nan
128.0000	208.0000	 14.6736	  0.0063	     nan
144.0000	208.0000	 14.6701	  0.0074	     nan
160.0000	208.0000	 14.6819	  0.0017	     nan
176.0000	208.0000	 14.6441	 -0.0105	     nan
192.0000	208.0000	 14.6687	 -0.0281	     nan
208.0000	208.0000	 14.6897	 -0.0220	     nan
224.0000	208.0000	 14.7056	 -0.0098	     nan
240.0000	208.0000	 14.7242	 -0.0059	     nan
256.0000	208.0000	 14.7328	 -0.0066	     nan
272.0000	208.0000	 14.7193	 -0.0061	     nan
288.0000	208.0000	 14.7092	 -0.0035	     nan
304.0000	208.0000	 14.6885	  0.0005	     nan
320.0000	208.0000	 14.6959	  0.0035	     nan
336.0000	208.0000	 14.7196	  0.0039	     nan
352.0000	208.0000	 14.7195	  0.0032	     nan
368.0000	208.0000	 14.7163	  0.0027	     nan
384.0000	208.0000	 14.7047	  0.0010	     nan
400.0000	208.0000	 14.6782	 -0.0051	     nan
416.0000	208.0000	 14.6577	 -0.0175	     nan
432.0000	208.0000	 14.6591	 -0.0141	     nan
448.0000	208.0000	 14.6719	 -0.0035	     nan
464.0000	208.0000	 14.7083	 -0.0014	     nan
480.0000	208.0000	 14.7594	 -0.0074	     nan
496.0000	208.0000	 14.8547	 -0.0168	     nan
 16.0000	192.0000	 14.0594	 -0.0017	     nan
 32.0000	192.0000	 14.0208	 -0.0021	     nan
 48.0000	192.0000	 13.9728	  0.0087	     nan
 64.0000	192.0000	 14.0028	  0.0108	     nan
 80.0000	192.0000	 14.0565	  0.0048	     nan
 96.0000	192.0000	 14.0981	 -0.0014	     nan
112.0000	192.0000	 14.0886	  0.0018	     nan
128.0000	192.0000	 14.0614	  0.0076	     nan
144.0000	192.0000	 14.0393	  0.0082	     nan
160.0000	192.0000	 14.0384	  0.0026	     nan
176.0000	192.0000	 14.0261	 -0.0091	     nan
192.0000	192.0000	 14.0455	 -0.0238	     nan
208.0000	192.0000	 14.0750	 -0.0204	     nan
224.0000	192.0000	 14.0949	 -0.0113	     nan
240.0000	192.0000	 14.1010	 -0.0079	     nan
256.0000	192.0000	 14.0989	 -0.0081	     nan
272.0000	192.0000	 14.1005	 -0.0091	     nan
288.0000	192.0000	 14.1060	 -0.0074	     nan
304.0000	192.0000	 14.0828	 -0.0023	     nan
320.0000	192.0000	 14.0821	  0.0043	     nan
336.0000	192.0000	 14.1000	  0.0060	     nan
352.0000	192.0000	 14.1015	  0.0043	     nan
368.0000	192.0000	 14.1041	  0.0034	     nan
384.0000	192.0000	 14.0962	  0.0051	     nan
400.0000	192.0000	 14.0720	  0.0013	     nan
416.0000	192.0000	 14.0575	 -0.0154	     nan
432.0000	192.0000	 14.0613	 -0.0143	     nan
448.0000	192.0000	 14.0617	 -0.0065	     nan
464.0000	192.0000	 14.0822	 -0.0073	     nan
480.0000	192.0000	 14.1191	 -0.0119	     nan
496.0000	192.0000	 14.1828	 -0.0157	     nan
 16.0000	176.0000	 13.3277	 -0.0034	     nan
 32.0000	176.0000	 13.2824	 -0.0058	     nan
 48.0000	176.0000	 13.2541	  0.0006	     nan
 64.0000	176.0000	 13.2799	  0.0003	     nan
 80.0000	176.0000	 13.3280	 -0.0069	     nan
 96.0000	176.0000	 13.3388	 -0.0137	     nan
112.0000	176.0000	 13.3271	 -0.0081	     nan
128.0000	176.0000	 13.3005	  0.0002	     nan
144.0000	176.0000	 13.2760	  0.0035	     nan
160.0000	176.0000	 13.2692	 -0.0001	     nan
176.0000	176.0000	 13.2844	 -0.0093	     nan
192.0000	176.0000	 13.2983	 -0.0133	     nan
208.0000	176.0000	 13.3353	 -0.0093	     nan
224.0000	176.0000	 13.3415	 -0.0061	     nan
240.0000	176.0000	 13.3146	 -0.0052	     nan
256.0000	176.0000	 13.2937	 -0.0069	     nan
272.0000	176.0000	 13.2942	 -0.0126	     nan
288.0000	176.0000	 13.3182	 -0.0120	     nan
304.0000	176.0000	 13.3155	 -0.0045	     nan
320.0000	176.0000	 13.2947	  0.0049	     nan
336.0000	176.0000	 13.2795	  0.0079	     nan
352.0000	176.0000	 13.2881	  0.0038	     nan
368.0000	176.0000	 13.3171	  0.0015	     nan
384.0000	176.0000	 13.3233	  0.0045	     nan
400.0000	176.0000	 13.3052	  0.0030	     nan
416.0000	176.0000	 13.2908	 -0.0080	     nan
432.0000	176.0000	 13.2910	 -0.0118	     nan
448.0000	176.0000	 13.2912	 -0.0119	     nan
464.0000	176.0000	 13.2939	 -0.0174	     nan
480.0000	176.0000	 13.3134	 -0.0205	     nan
496.0000	176.0000	 13.3521	 -0.0212	     nan
 16.0000	160.0000	 12.3308	 -0.0088	     nan
 32.0000	160.0000	 12.3466	 -0.0116	     nan
 48.0000	160.0000	 12.3614	 -0.0099	     nan
 64.0000	160.0000	 12.3976	 -0.0137	     nan
 80.0000	160.0000	 12.4481	 -0.0266	     nan
 96.0000	160.0000	 12.4357	 -0.0388	     nan
112.0000	160.0000	 12.4263	 -0.0300	     nan
128.0000	160.0000	 12.3807	 -0.0152	     nan
144.0000	160.0000	 12.3431	 -0.0066	     nan
160.0000	160.0000	 12.3152	 -0.0080	     nan
176.0000	160.0000	 12.3077	 -0.0190	     nan
192.0000	160.0000	 12.3541	 -0.0134	     nan
208.0000	160.0000	 12.4070	 -0.0050	     nan
224.0000	160.0000	 12.3944	 -0.0036	     nan
240.0000	160.0000	 12.3500	 -0.0013	     nan
256.0000	160.0000	 12.3020	 -0.0046	     nan
272.0000	160.0000	 12.3154	 -0.0107	     nan
288.0000	160.0000	 12.3447	 -0.0135	     nan
304.0000	160.0000	 12.3621	 -0.0064	     nan
320.0000	160.0000	 12.3509	  0.0008	     nan
336.0000	160.0000	 12.3406	  0.0031	     nan
352.0000	160.0000	 12.3486	 -0.0012	     nan
368.0000	160.0000	 12.3614	 -0.0050	     nan
384.0000	160.0000	 12.3655	 -0.0027	     nan
400.0000	160.0000	 12.3646	 -0.0022	     nan
416.0000	160.0000	 12.3591	 -0.0043	     nan
432.0000	160.0000	 12.3576	 -0.0079	     nan
448.0000	160.0000	 12.3545	 -0.0107	     nan
464.0000	160.0000	 12.3505	 -0.0153	     nan
480.0000	160.0000	 12.3445	 -0.0169	     nan
496.0000	160.0000	 12.3648	 -0.0194	     nan
 16.0000	144.0000	 11.1618	 -0.0152	     nan
 32.0000	144.0000	 11.1814	 -0.0174	     nan
 48.0000	144.0000	 11.1910	 -0.0167	     nan
 64.0000	144.0000	 11.2402	 -0.0188	     nan
 80.0000	144.0000	 11.3267	 -0.0311	     nan
 96.0000	144.0000	 11.3209	 -0.0477	     nan
112.0000	144.0000	 11.3263	 -0.0398	     nan
128.0000	144.0000	 11.2690	 -0.0217	     nan
144.0000	144.0000	 11.2335	 -0.0113	     nan
160.0000	144.0000	 11.2030	 -0.0113	     nan
176.0000	144.0000	 11.1921	 -0.0162	     nan
192.0000	144.0000	 11.2150	 -0.0098	     nan
208.0000	144.0000	 11.2603	 -0.0030	     nan
224.0000	144.0000	 11.2452	 -0.0037	     nan
240.0000	144.0000	 11.1975	  0.0005	     nan
256.0000	144.0000	 11.1523	 -0.0008	     nan
272.0000	144.0000	 11.1760	 -0.0086	     nan
288.0000	144.0000	 11.2149	 -0.0149	     nan
304.0000	144.0000	 11.2356	 -0.0112	     nan
320.0000	144.0000	 11.2206	 -0.0071	     nan
336.0000	144.0000	 11.2300	 -0.0069	     nan
352.0000	144.0000	 11.2364	 -0.0114	     nan
368.0000	144.0000	 11.2403	 -0.0149	     nan
384.0000	144.0000	 11.2440	 -0.0125	     nan
400.0000	144.0000	 11.2467	 -0.0108	     nan
416.0000	144.0000	 11.2428	 -0.0087	     nan
432.0000	144.0000	 11.2302	 -0.0089	     nan
448.0000	144.0000	 11.2400	 -0.0080	     nan
464.0000	144.0000	 11.2397	 -0.0049	     nan
480.0000	144.0000	 11.2134	 -0.0042	     nan
496.0000	144.0000	 11.2116	 -0.0100	     nan
 16.0000	128.0000	  9.8973	 -0.0133	     nan
 32.0000	128.0000	  9.8894	 -0.0164	     nan
 48.0000	128.0000	  9.9038	 -0.0199	     nan
 64.0000	128.0000	  9.9318	 -0.0185	     nan
 80.0000	128.0000	  9.9893	 -0.0197	     nan
 96.0000	128.0000	  9.9803	 -0.0298	     nan
112.0000	128.0000	  9.9997	 -0.0292	     nan
128.0000	128.0000	  9.9695	 -0.0197	     nan
144.0000	128.0000	  9.9640	 -0.0151	     nan
160.0000	128.0000	  9.9449	 -0.0190	     nan
176.0000	128.0000	  9.9350	 -0.0176	     nan
192.0000	128.0000	  9.9300	 -0.0101	     nan
208.0000	128.0000	  9.9592	 -0.0053	     nan
224.0000	128.0000	  9.9155	 -0.0047	     nan
240.0000	128.0000	  9.8327	  0.0036	     nan
256.0000	128.0000	  9.8371	  0.0137	     nan
272.0000	128.0000	  9.9323	  0.0080	     nan
288.0000	128.0000	  9.9591	 -0.0062	     nan
304.0000	128.0000	  9.9524	 -0.0119	     nan
320.0000	128.0000	  9.9251	 -0.0123	     nan
336.0000	128.0000	  9.9423	 -0.0152	     nan
352.0000	128.0000	  9.9381	 -0.0216	     nan
368.0000	128.0000	  9.9575	 -0.0227	     nan
384.0000	128.0000	  9.9596	 -0.0212	     nan
400.0000	128.0000	  9.9481	 -0.0193	     nan
416.0000	128.0000	  9.9431	 -0.0134	     nan
432.0000	128.0000	  9.9398	 -0.0093	     nan
448.0000	128.0000	  9.9699	 -0.0084	     nan
464.0000	128.0000	 10.0049	 -0.0085	     nan
480.0000	128.0000	  9.9854	 -0.0025	     nan
496.0000	128.0000	  9.9561	 -0.0025	     nan
 16.0000	112.0000	  8.5667	  0.0073	     nan
 32.0000	112.0000	  8.5435	  0.0076	     nan
 48.0000	112.0000	  8.5588	  0.0069	     nan
 64.0000	112.0000	  8.5271	  0.0045	     nan
 80.0000	112.0000	  8.4761	 -0.0080	     nan
 96.0000	112.0000	  8.4173	 -0.0143	     nan
112.0000	112.0000	  8.4400	 -0.0144	     nan
128.0000	112.0000	  8.4786	 -0.0155	     nan
144.0000	112.0000	  8.5350	 -0.0211	     nan
160.0000	112.0000	  8.5297	 -0.0359	     nan
176.0000	112.0000	  8.5392	 -0.0331	     nan
192.0000	112.0000	  8.5311	 -0.0225	     nan
208.0000	112.0000	  8.5519	 -0.0136	     nan
224.0000	112.0000	  8.4946	  0.0021	     nan
240.0000	112.0000	  8.4885	  0.0270	     nan
256.0000	112.0000	  8.5286	  0.0452	     nan
272.0000	112.0000	  8.6173	  0.0341	     nan
288.0000	112.0000	  8.5855	  0.0122	     nan
304.0000	112.0000	  8.5095	 -0.0068	     nan
320.0000	112.0000	  8.4502	 -0.0129	     nan
336.0000	112.0000	  8.4893	 -0.0128	     nan
352.0000	112.0000	  8.5077	 -0.0150	     nan
368.0000	112.0000	  8.5082	 -0.0185	     nan
384.0000	112.0000	  8.4953	 -0.0234	     nan
400.0000	112.0000	  8.4513	 -0.0221	     nan
416.0000	112.0000	  8.4240	 -0.0128	     nan
432.0000	112.0000	  8.4354	 -0.0069	     nan
448.0000	112.0000	  8.5119	 -0.0139	     nan
464.0000	112.0000	  8.6146	 -0.0331	     nan
480.0000	112.0000	  8.5947	 -0.0171	     nan
496.0000	112.0000	  8.4362	 -0.0073	     nan
 16.0000	 96.0000	  6.8887	  0.0217	     nan
 32.0000	 96.0000	  6.8889	  0.0210	     nan
 48.0000	 96.0000	  6.8551	  0.0104	     nan
 64.0000	 96.0000	  6.7718	  0.0014	     nan
 80.0000	 96.0000	  6.7054	 -0.0066	     nan
 96.0000	 96.0000	  6.6193	 -0.0104	     nan
112.0000	 96.0000	  6.6272	 -0.0100	     nan
128.0000	 96.0000	  6.7395	 -0.0118	     nan
144.0000	 96.0000	  6.8488	 -0.0169	     nan
160.0000	 96.0000	  6.8381	 -0.0246	     nan
176.0000	 96.0000	  6.8350	 -0.0237	     nan
192.0000	 96.0000	  6.8480	 -0.0199	     nan
208.0000	 96.0000	  6.9004	 -0.0101	     nan
224.0000	 96.0000	  6.9248	  0.0120	     nan
240.0000	 96.0000	  6.9498	  0.0547	     nan
256.0000	 96.0000	  6.9697	  0.0776	     nan
272.0000	 96.0000	  7.0433	  0.0543	     nan
288.0000	 96.0000	  6.8942	  0.0200	     nan
304.0000	 96.0000	  6.7292	  0.0014	     nan
320.0000	 96.0000	  6.6784	 -0.0043	     nan
336.0000	 96.0000	  6.7385	 -0.0012	     nan
352.0000	 96.0000	  6.7534	  0.0031	     nan
368.0000	 96.0000	  6.7247	  0.0006	     nan
384.0000	 96.0000	  6.6910	 -0.0086	     nan
400.0000	 96.0000	  6.6218	 -0.0091	     nan
416.0000	 96.0000	  6.5682	  0.0029	     nan
432.0000	 96.0000	  6.5973	  0.0093	     nan
448.0000	 96.0000	  6.7853	 -0.0030	     nan
464.0000	 96.0000	  6.9911	 -0.0287	     nan
480.0000	 96.0000	  7.0967	 -0.0111	     nan
496.0000	 96.0000	  6.9918	 -0.0160	     nan
 16.0000	 80.0000	  4.7312	  0.0176	     nan
 32.0000	 80.0000	  4.7390	  0.0142	     nan
 48.0000	 80.0000	  4.6491	  0.0009	     nan
 64.0000	 80.0000	  4.5899	 -0.0140	     nan
 80.0000	 80.0000	  4.7229	 -0.0169	     nan
 96.0000	 80.0000	  4.7545	 -0.0223	     nan
112.0000	 80.0000	  4.7632	 -0.0178	     nan
128.0000	 80.0000	  4.7890	 -0.0112	     nan
144.0000	 80.0000	  4.8220	 -0.0074	     nan
160.0000	 80.0000	  4.7404	  0.0039	     nan
176.0000	 80.0000	  4.6621	 -0.0007	     nan
192.0000	 80.0000	  4.7234	 -0.0140	     nan
208.0000	 80.0000	  4.8563	 -0.0056	     nan
224.0000	 80.0000	  4.9177	  0.0219	     nan
240.0000	 80.0000	  4.9809	  0.0602	     nan
256.0000	 80.0000	  5.0291	  0.0865	     nan
272.0000	 80.0000	  4.9780	  0.0642	     nan
288.0000	 80.0000	  4.7670	  0.0276	     nan
304.0000	 80.0000	  4.5742	  0.0064	     nan
320.0000	 80.0000	  4.5716	  0.0022	     nan
336.0000	 80.0000	  4.5999	  0.0094	     nan
352.0000	 80.0000	  4.5376	  0.0252	     nan
368.0000	 80.0000	  4.4998	  0.0308	     nan
384.0000	 80.0000	  4.5210	  0.0244	     nan
400.0000	 80.0000	  4.4929	  0.0183	     nan
416.0000	 80.0000	  4.4252	  0.0232	     nan
432.0000	 80.0000	  4.4161	  0.0258	     nan
448.0000	 80.0000	  4.6362	  0.0101	     nan
464.0000	 80.0000	  4.8804	 -0.0028	     nan
480.0000	 80.0000	  5.0800	 -0.0153	     nan
496.0000	 80.0000	  5.0744	 -0.0291	     nan
 16.0000	 64.0000	  2.4617	  0.0180	     nan
 32.0000	 64.0000	  2.4471	  0.0133	     nan
 48.0000	 64.0000	  2.2362	 -0.0013	     nan
 64.0000	 64.0000	  2.2342	 -0.0067	     nan
 80.0000	 64.0000	  2.5563	 -0.0044	     nan
 96.0000	 64.0000	  2.7957	 -0.0115	     nan
112.0000	 64.0000	  2.8234	 -0.0098	     nan
128.0000	 64.0000	  2.7767	 -0.0031	     nan
144.0000	 64.0000	  2.7373	 -0.0018	     nan
160.0000	 64.0000	  2.6437	  0.0031	     nan
176.0000	 64.0000	  2.5217	  0.0018	     nan
192.0000	 64.0000	  2.3975	 -0.0045	     nan
208.0000	 64.0000	  2.4894	 -0.0043	     nan
224.0000	 64.0000	  2.6257	  0.0009	     nan
240.0000	 64.0000	  2.7187	  0.0133	     nan
256.0000	 64.0000	  2.7311	  0.0368	     nan
272.0000	 64.0000	  2.6940	  0.0069	     nan
288.0000	 64.0000	  2.5869	 -0.0094	     nan
304.0000	 64.0000	  2.4705	 -0.0000	     nan
320.0000	 64.0000	  2.4531	  0.0127	     nan
336.0000	 64.0000	  2.5062	  0.0255	     nan
352.0000	 64.0000	  2.5218	  0.0336	     nan
368.0000	 64.0000	  2.5175	  0.0381	     nan
384.0000	 64.0000	  2.5563	  0.0337	     nan
400.0000	 64.0000	  2.5876	  0.0257	     nan
416.0000	 64.0000	  2.4855	  0.0212	     nan
432.0000	 64.0000	  2.3289	  0.0144	     nan
448.0000	 64.0000	  2.3687	  0.0110	     nan
464.0000	 64.0000	  2.4721	  0.0050	     nan
480.0000	 64.0000	  2.5391	 -0.0177	     nan
496.0000	 64.0000	  2.5380	 -0.0339	     nan
 16.0000	 48.0000	  0.8693	  0.0319	     nan
 32.0000	 48.0000	  0.7375	  0.0295	     nan
 48.0000	 48.0000	  0.3902	  0.0181	     nan
 64.0000	 48.0000	  0.3933	  0.0076	     nan
 80.0000	 48.0000	  0.8215	  0.0136	     nan
 96.0000	 48.0000	  1.1750	  0.0104	     nan
112.0000	 48.0000	  1.1790	  0.0074	     nan
128.0000	 48.0000	  1.0703	  0.0073	     nan
144.0000	 48.0000	  0.9852	 -0.0002	     nan
160.0000	 48.0000	  0.8866	 -0.0085	     nan
176.0000	 48.0000	  0.7290	 -0.0132	     nan
192.0000	 48.0000	  0.4846	 -0.0106	     nan
208.0000	 48.0000	  0.5593	 -0.0009	     nan
224.0000	 48.0000	  0.7414	  0.0047	     nan
240.0000	 48.0000	  0.8898	  0.0096	     nan
256.0000	 48.0000	  0.9240	  0.0128	     nan
272.0000	 48.0000	  0.9152	 -0.0100	     nan
288.0000	 48.0000	  0.8916	 -0.0298	     nan
304.0000	 48.0000	  0.8100	 -0.0180	     nan
320.0000	 48.0000	  0.6928	  0.0073	     nan
336.0000	 48.0000	  0.7198	  0.0227	     nan
352.0000	 48.0000	  0.8399	  0.0291	     nan
368.0000	 48.0000	  0.8701	  0.0274	     nan
384.0000	 48.0000	  0.9178	  0.0261	     nan
400.0000	 48.0000	  0.9727	  0.0224	     nan
416.0000	 48.0000	  0.8307	  0.0197	     nan
432.0000	 48.0000	  0.6601	 -0.0001	     nan
448.0000	 48.0000	  0.6096	 -0.0027	     nan
464.0000	 48.0000	  0.6529	  0.0219	     nan
480.0000	 48.0000	  0.6292	  0.0262	     nan
496.0000	 48.0000	  0.5836	  0.0144	     nan
 16.0000	 32.0000	  0.3410	  0.0089	     nan
 32.0000	 32.0000	  0.2166	  0.0092	     nan
 48.0000	 32.0000	 -0.1117	  0.0115	     nan
 64.0000	 32.0000	 -0.1770	  0.0126	     nan
 80.0000	 32.0000	  0.0370	  0.0232	     nan
 96.0000	 32.0000	  0.2385	  0.0224	     nan
112.0000	 32.0000	  0.2237	  0.0144	     nan
128.0000	 32.0000	  0.1419	  0.0068	     nan
144.0000	 32.0000	  0.0679	 -0.0040	     nan
160.0000	 32.0000	  0.0081	 -0.0165	     nan
176.0000	 32.0000	 -0.0245	 -0.0203	     nan
192.0000	 32.0000	 -0.0365	 -0.0115	     nan
208.0000	 32.0000	 -0.0143	 -0.0040	     nan
224.0000	 32.0000	  0.0518	 -0.0026	     nan
240.0000	 32.0000	  0.0787	  0.0044	     nan
256.0000	 32.0000	  0.0956	  0.0151	     nan
272.0000	 32.0000	  0.1007	 -0.0110	     nan
288.0000	 32.0000	  0.2135	 -0.0337	     nan
304.0000	 32.0000	  0.2049	 -0.0229	     nan
320.0000	 32.0000	  0.0944	 -0.0085	     nan
336.0000	 32.0000	  0.0196	 -0.0054	     nan
352.0000	 32.0000	  0.0030	  0.0142	     nan
368.0000	 32.0000	  0.0374	 -0.0024	     nan
384.0000	 32.0000	  0.1302	  0.0007	     nan
400.0000	 32.0000	  0.1817	  0.0094	     nan
416.0000	 32.0000	  0.0904	  0.0281	     nan
432.0000	 32.0000	  0.0534	  0.0105	     nan
448.0000	 32.0000	  0.0729	 -0.0051	     nan
464.0000	 32.0000	  0.0908	  0.0076	     nan
480.0000	 32.0000	  0.1531	  0.0164	     nan
496.0000	 32.0000	  0.2097	  0.0154	     nan
 16.0000	 16.0000	 -0.0363	 -0.0054	     nan
 32.0000	 16.0000	 -0.0239	 -0.0010	     nan
 48.0000	 16.0000	 -0.1989	  0.0069	     nan
 64.0000	 16.0000	 -0.2553	  0.0190	     nan
 80.0000	 16.0000	 -0.1303	  0.0486	     nan
 96.0000	 16.0000	  0.0032	  0.0552	     nan
112.0000	 16.0000	 -0.0088	  0.0359	     nan
128.0000	 16.0000	 -0.0853	  0.0166	     nan
144.0000	 16.0000	 -0.1572	 -0.0024	     nan
160.0000	 16.0000	 -0.2107	 -0.0188	     nan
176.0000	 16.0000	 -0.1959	 -0.0228	     nan
192.0000	 16.0000	 -0.1516	 -0.0097	     nan
208.0000	 16.0000	 -0.1267	 -0.0053	     nan
224.0000	 16.0000	 -0.1154	 -0.0057	     nan
240.0000	 16.0000	 -0.1416	  0.0015	     nan
256.0000	 16.0000	 -0.1436	  0.0115	     nan
272.0000	 16.0000	 -0.1572	 -0.0229	     nan
288.0000	 16.0000	 -0.0512	 -0.0603	     nan
304.0000	 16.0000	 -0.0158	 -0.0254	     nan
320.0000	 16.0000	 -0.0887	 -0.0013	     nan
336.0000	 16.0000	 -0.1560	  0.0091	     nan
352.0000	 16.0000	 -0.1893	  0.0136	     nan
368.0000	 16.0000	 -0.1880	 -0.0050	     nan
384.0000	 16.0000	 -0.1412	 -0.0016	     nan
400.0000	 16.0000	 -0.1141	  0.0029	     nan
416.0000	 16.0000	 -0.1547	  0.0057	     nan
432.0000	 16.0000	 -0.1541	 -0.0028	     nan
448.0000	 16.0000	 -0.1380	 -0.0083	     nan
464.0000	 16.0000	 -0.2014	 -0.0031	     nan
480.0000	 16.0000	 -0.1605	  0.0066	     nan
496.0000	 16.0000	 -0.0655	  0.0101	     nan
