 32.0000	 32.0000	  4.3110	 -4.2409	  0.0000
 64.0000	 32.0000	  4.2293	 -4.2269	  0.0000
 96.0000	 32.0000	  3.7970	 -3.8306	  0.0000
128.0000	 32.0000	  3.2130	 -3.3287	  0.0000
160.0000	 32.0000	  2.0978	 -2.0266	  0.0000
192.0000	 32.0000	  1.6578	 -1.7293	  0.0000
224.0000	 32.0000	  0.2769	 -0.2442	  0.0000
256.0000	 32.0000	  0.0822	 -0.0255	  0.0000
288.0000	 32.0000	 -0.0315	 -0.0018	  0.0000
320.0000	 32.0000	 -0.0998	 -0.0273	  0.0000
352.0000	 32.0000	  0.0546	 -0.0554	  0.0000
384.0000	 32.0000	  0.0366	 -0.0076	  0.0000
416.0000	 32.0000	 -0.0324	 -0.0135	  0.0000
448.0000	 32.0000	 -0.0185	 -0.0181	  0.0000
480.0000	 32.0000	 -0.0006	 -0.0060	  0.0000
 32.0000	 64.0000	  4.1501	 -4.1550	  0.0000
 64.0000	 64.0000	  4.2281	 -4.2868	  0.0000
 96.0000	 64.0000	  4.1869	 -4.1484	  0.0000
128.0000	 64.0000	  3.8721	 -3.8763	  0.0000
160.0000	 64.0000	  2.8640	 -2.7215	  0.0000
192.0000	 64.0000	  2.0125	 -2.0372	  0.0000
224.0000	 64.0000	  0.9869	 -1.0093	  0.0000
256.0000	 64.0000	  0.4110	 -0.2296	  0.0000
288.0000	 64.0000	 -0.0052	  0.0623	  0.0000
320.0000	 64.0000	 -0.1054	  0.0054	  0.0000
352.0000	 64.0000	  0.0296	  0.0001	  0.0000
384.0000	 64.0000	  0.0193	 -0.0000	  0.0000
416.0000	 64.0000	 -0.0366	  0.0159	  0.0000
448.0000	 64.0000	 -0.0172	  0.0141	  0.0000
480.0000	 64.0000	  0.0000	  0.0032	  0.0000
 32.0000	 96.0000	  3.5445	 -3.5742	  0.0000
 64.0000	 96.0000	  4.1187	 -4.2976	  0.0000
 96.0000	 96.0000	  4.3349	 -4.3027	  0.0000
128.0000	 96.0000	  4.2636	 -4.1476	  0.0000
160.0000	 96.0000	  3.7981	 -3.7999	  0.0000
192.0000	 96.0000	  3.0725	 -3.1684	  0.0000
224.0000	 96.0000	  1.8846	 -1.9694	  0.0000
256.0000	 96.0000	  1.1264	 -1.1783	  0.0000
288.0000	 96.0000	  0.3072	 -0.3406	  0.0000
320.0000	 96.0000	 -0.0088	 -0.0140	  0.0000
352.0000	 96.0000	  0.0050	 -0.0074	  0.0000
384.0000	 96.0000	  0.0000	  0.0058	  0.0000
416.0000	 96.0000	 -0.0069	  0.0184	  0.0000
448.0000	 96.0000	  0.0202	 -0.0120	  0.0000
480.0000	 96.0000	 -0.0004	 -0.0459	  0.0000
 32.0000	128.0000	  3.1193	 -3.1098	  0.0000
 64.0000	128.0000	  3.8471	 -3.8585	  0.0000
 96.0000	128.0000	  4.1909	 -4.1994	  0.0000
128.0000	128.0000	  4.3905	 -4.2761	  0.0000
160.0000	128.0000	  4.1642	 -4.1031	  0.0000
192.0000	128.0000	  3.6270	 -3.7552	  0.0000
224.0000	128.0000	  3.2092	 -3.1871	  0.0000
256.0000	128.0000	  2.0723	 -2.1804	  0.0000
288.0000	128.0000	  1.1414	 -1.1326	  0.0000
320.0000	128.0000	  0.3002	 -0.2879	  0.0000
352.0000	128.0000	 -0.0096	 -0.0152	  0.0000
384.0000	128.0000	  0.0239	 -0.0164	  0.0000
416.0000	128.0000	 -0.0082	 -0.0108	  0.0000
448.0000	128.0000	  0.0308	 -0.0312	  0.0000
480.0000	128.0000	 -0.0023	 -0.0311	  0.0000
 32.0000	160.0000	  2.6573	 -2.5968	  0.0000
 64.0000	160.0000	  3.0529	 -3.0535	  0.0000
 96.0000	160.0000	  3.7922	 -3.6940	  0.0000
128.0000	160.0000	  4.3019	 -4.2223	  0.0000
160.0000	160.0000	  4.3223	 -4.2306	  0.0000
192.0000	160.0000	  3.9339	 -3.9072	  0.0000
224.0000	160.0000	  3.5587	 -3.4888	  0.0000
256.0000	160.0000	  3.0320	 -2.9786	  0.0000
288.0000	160.0000	  1.9078	 -1.8462	  0.0000
320.0000	160.0000	  0.8165	 -0.6787	  0.0000
352.0000	160.0000	  0.1111	 -0.0944	  0.0000
384.0000	160.0000	 -0.0645	 -0.0539	  0.0000
416.0000	160.0000	  0.0000	 -0.0001	  0.0000
448.0000	160.0000	  0.0040	  0.0353	  0.0000
480.0000	160.0000	 -0.0019	  0.0288	  0.0000
 32.0000	192.0000	  1.0160	 -1.0450	  0.0000
 64.0000	192.0000	  1.9884	 -2.0023	  0.0000
 96.0000	192.0000	  2.9616	 -3.0648	  0.0000
128.0000	192.0000	  3.8104	 -3.8311	  0.0000
160.0000	192.0000	  4.2691	 -4.2463	  0.0000
192.0000	192.0000	  4.2875	 -4.2968	  0.0000
224.0000	192.0000	  4.0984	 -4.1143	  0.0000
256.0000	192.0000	  3.8076	 -3.7933	  0.0000
288.0000	192.0000	  3.1136	 -3.0517	  0.0000
320.0000	192.0000	  2.3145	 -2.2523	  0.0000
352.0000	192.0000	  0.9244	 -0.9384	  0.0000
384.0000	192.0000	  0.0774	 -0.2321	  0.0000
416.0000	192.0000	  0.0060	  0.0076	  0.0000
448.0000	192.0000	  0.0627	  0.0253	  0.0000
480.0000	192.0000	 -0.0027	  0.0190	  0.0000
 32.0000	224.0000	  0.4025	 -0.3907	  0.0000
 64.0000	224.0000	  0.9630	 -0.9389	  0.0000
 96.0000	224.0000	  1.8940	 -1.8824	  0.0000
128.0000	224.0000	  2.6418	 -2.6794	  0.0000
160.0000	224.0000	  3.6960	 -3.6821	  0.0000
192.0000	224.0000	  4.2381	 -4.2681	  0.0000
224.0000	224.0000	  4.2860	 -4.2833	  0.0000
256.0000	224.0000	  4.2115	 -4.1968	  0.0000
288.0000	224.0000	  3.8008	 -3.8367	  0.0000
320.0000	224.0000	  3.2804	 -3.3176	  0.0000
352.0000	224.0000	  2.1953	 -2.2380	  0.0000
384.0000	224.0000	  1.1825	 -1.1938	  0.0000
416.0000	224.0000	  0.2899	 -0.2921	  0.0000
448.0000	224.0000	  0.0498	 -0.0334	  0.0000
480.0000	224.0000	 -0.0078	 -0.0215	  0.0000
 32.0000	256.0000	  0.0147	  0.0012	  0.0000
 64.0000	256.0000	  0.4052	 -0.3763	  0.0000
 96.0000	256.0000	  1.6855	 -1.6776	  0.0000
128.0000	256.0000	  2.0709	 -2.0753	  0.0000
160.0000	256.0000	  3.1272	 -3.1154	  0.0000
192.0000	256.0000	  3.6288	 -3.7227	  0.0000
224.0000	256.0000	  4.1966	 -4.1837	  0.0000
256.0000	256.0000	  4.3121	 -4.3111	  0.0000
288.0000	256.0000	  4.1262	 -4.1284	  0.0000
320.0000	256.0000	  3.8324	 -3.8205	  0.0000
352.0000	256.0000	  3.2128	 -3.1963	  0.0000
384.0000	256.0000	  1.9003	 -1.9052	  0.0000
416.0000	256.0000	  1.1940	 -1.2133	  0.0000
448.0000	256.0000	  0.1469	 -0.1403	  0.0000
480.0000	256.0000	 -0.0034	 -0.0045	  0.0000
 32.0000	288.0000	  0.0057	 -0.0635	  0.0000
 64.0000	288.0000	  0.1208	 -0.1010	  0.0000
 96.0000	288.0000	  0.2819	 -0.2428	  0.0000
128.0000	288.0000	  0.6142	 -0.7047	  0.0000
160.0000	288.0000	  2.2128	 -2.1762	  0.0000
192.0000	288.0000	  3.3125	 -3.3775	  0.0000
224.0000	288.0000	  3.9476	 -3.9438	  0.0000
256.0000	288.0000	  4.2397	 -4.2432	  0.0000
288.0000	288.0000	  4.2605	 -4.1939	  0.0000
320.0000	288.0000	  4.1084	 -3.9887	  0.0000
352.0000	288.0000	  3.7679	 -3.7663	  0.0000
384.0000	288.0000	  2.8555	 -2.8363	  0.0000
416.0000	288.0000	  2.0704	 -2.0812	  0.0000
448.0000	288.0000	  0.9942	 -0.9250	  0.0000
480.0000	288.0000	  0.0531	 -0.0131	  0.0000
 32.0000	320.0000	  0.0052	  0.0145	  0.0000
 64.0000	320.0000	  0.0578	 -0.0398	  0.0000
 96.0000	320.0000	  0.0652	 -0.0623	  0.0000
128.0000	320.0000	  0.1863	 -0.2114	  0.0000
160.0000	320.0000	  0.5937	 -0.7430	  0.0000
192.0000	320.0000	  2.1842	 -2.4895	  0.0000
224.0000	320.0000	  2.8186	 -3.0415	  0.0000
256.0000	320.0000	  3.8627	 -3.8003	  0.0000
288.0000	320.0000	  4.2084	 -4.1169	  0.0000
320.0000	320.0000	  4.2569	 -4.3092	  0.0000
352.0000	320.0000	  4.0988	 -4.2000	  0.0000
384.0000	320.0000	  3.8150	 -3.7858	  0.0000
416.0000	320.0000	  2.9873	 -2.9919	  0.0000
448.0000	320.0000	  2.6554	 -2.6464	  0.0000
480.0000	320.0000	  0.2301	 -0.2061	  0.0000
 32.0000	352.0000	  0.0017	  0.0571	  0.0000
 64.0000	352.0000	  0.0000	  0.0484	  0.0000
 96.0000	352.0000	  0.0041	 -0.0000	  0.0000
128.0000	352.0000	  0.0657	 -0.0641	  0.0000
160.0000	352.0000	  0.1175	 -0.1167	  0.0000
192.0000	352.0000	  0.8140	 -0.7647	  0.0000
224.0000	352.0000	  1.8902	 -1.9861	  0.0000
256.0000	352.0000	  2.8508	 -2.9220	  0.0000
288.0000	352.0000	  3.9263	 -3.8761	  0.0000
320.0000	352.0000	  4.1709	 -4.2027	  0.0000
352.0000	352.0000	  4.2196	 -4.2892	  0.0000
384.0000	352.0000	  4.2171	 -4.1913	  0.0000
416.0000	352.0000	  3.9246	 -3.9129	  0.0000
448.0000	352.0000	  3.0566	 -3.0534	  0.0000
480.0000	352.0000	  2.6615	 -2.6716	  0.0000
 32.0000	384.0000	  0.0938	 -0.0001	  0.0000
 64.0000	384.0000	  0.0220	  0.0705	  0.0000
 96.0000	384.0000	 -0.0515	  0.0675	  0.0000
128.0000	384.0000	 -0.0186	  0.0018	  0.0000
160.0000	384.0000	  0.0373	  0.0429	  0.0000
192.0000	384.0000	  0.3974	 -0.2465	  0.0000
224.0000	384.0000	  1.3062	 -1.1802	  0.0000
256.0000	384.0000	  2.2916	 -2.2762	  0.0000
288.0000	384.0000	  3.1774	 -3.2556	  0.0000
320.0000	384.0000	  3.8340	 -3.8367	  0.0000
352.0000	384.0000	  4.2007	 -4.1879	  0.0000
384.0000	384.0000	  4.2850	 -4.3101	  0.0000
416.0000	384.0000	  4.2358	 -4.3534	  0.0000
448.0000	384.0000	  3.9548	 -4.0041	  0.0000
480.0000	384.0000	  3.5455	 -3.6541	  0.0000
 32.0000	416.0000	  0.0572	 -0.0364	  0.0000
 64.0000	416.0000	  0.0148	 -0.0004	  0.0000
 96.0000	416.0000	 -0.0251	 -0.0001	  0.0000
128.0000	416.0000	  0.0052	 -0.0044	  0.0000
160.0000	416.0000	  0.0951	 -0.0767	  0.0000
192.0000	416.0000	 -0.0167	 -0.0741	  0.0000
224.0000	416.0000	  0.0194	 -0.2070	  0.0000
256.0000	416.0000	  1.8654	 -1.6114	  0.0000
288.0000	416.0000	  2.6692	 -2.6360	  0.0000
320.0000	416.0000	  3.3116	 -3.2934	  0.0000
352.0000	416.0000	  3.7966	 -3.7701	  0.0000
384.0000	416.0000	  4.1923	 -4.1931	  0.0000
416.0000	416.0000	  4.2933	 -4.2809	  0.0000
448.0000	416.0000	  4.2342	 -4.1171	  0.0000
480.0000	416.0000	  3.7986	 -3.8393	  0.0000
 32.0000	448.0000	  0.0002	 -0.0001	  0.0000
 64.0000	448.0000	  0.0018	  0.0002	  0.0000
 96.0000	448.0000	  0.0010	  0.0005	  0.0000
128.0000	448.0000	  0.0242	  0.0009	  0.0000
160.0000	448.0000	  0.0753	  0.0082	  0.0000
192.0000	448.0000	 -0.0181	  0.0126	  0.0000
224.0000	448.0000	 -0.2005	  0.0197	  0.0000
256.0000	448.0000	  0.2227	 -0.1280	  0.0000
288.0000	448.0000	  0.8840	 -0.8292	  0.0000
320.0000	448.0000	  2.6749	 -2.6971	  0.0000
352.0000	448.0000	  3.0804	 -3.0943	  0.0000
384.0000	448.0000	  3.8038	 -3.7218	  0.0000
416.0000	448.0000	  4.2238	 -4.0677	  0.0000
448.0000	448.0000	  4.2474	 -4.2219	  0.0000
480.0000	448.0000	  3.8738	 -4.0748	  0.0000
 32.0000	480.0000	 -0.0000	  0.0398	  0.0000
 64.0000	480.0000	  0.0001	  0.0009	  0.0000
 96.0000	480.0000	  0.0399	  0.0002	  0.0000
128.0000	480.0000	 -0.0045	  0.0044	  0.0000
160.0000	480.0000	 -0.0548	  0.0665	  0.0000
192.0000	480.0000	 -0.0001	  0.0702	  0.0000
224.0000	480.0000	 -0.0003	  0.0477	  0.0000
256.0000	480.0000	  0.0230	  0.0582	  0.0000
288.0000	480.0000	  0.0202	  0.0356	  0.0000
320.0000	480.0000	  1.3376	 -1.3099	  0.0000
352.0000	480.0000	  2.0323	 -2.0294	  0.0000
384.0000	480.0000	  3.0027	 -3.0121	  0.0000
416.0000	480.0000	  3.8457	 -3.7552	  0.0000
448.0000	480.0000	  4.1406	 -4.0286	  0.0000
480.0000	480.0000	  4.1163	 -4.1265	  0.0000
