 16.0000	496.0000	  4.3499	 -4.3499	     nan
 32.0000	496.0000	  4.3375	 -4.3293	     nan
 48.0000	496.0000	  4.2977	 -4.3144	     nan
 64.0000	496.0000	  4.0786	 -4.1060	     nan
 80.0000	496.0000	  3.8862	 -3.8949	     nan
 96.0000	496.0000	  3.5247	 -3.3510	     nan
112.0000	496.0000	  3.2723	 -3.2457	     nan
128.0000	496.0000	  3.0560	 -2.9665	     nan
144.0000	496.0000	  2.1042	 -2.3262	     nan
160.0000	496.0000	  1.4595	 -1.6049	     nan
176.0000	496.0000	  1.1714	 -1.1587	     nan
192.0000	496.0000	  0.9729	 -0.9523	     nan
208.0000	496.0000	  0.2405	 -0.1862	     nan
224.0000	496.0000	  0.3408	 -0.3111	     nan
240.0000	496.0000	  0.1657	 -0.1394	     nan
256.0000	496.0000	 -0.0600	  0.0707	     nan
272.0000	496.0000	 -0.0469	  0.0608	     nan
288.0000	496.0000	 -0.0218	  0.0255	     nan
304.0000	496.0000	  0.0129	 -0.0135	     nan
320.0000	496.0000	  0.0212	 -0.0273	     nan
336.0000	496.0000	  0.0225	 -0.0213	     nan
352.0000	496.0000	  0.0014	 -0.0085	     nan
368.0000	496.0000	  0.0012	 -0.0018	     nan
384.0000	496.0000	 -0.0137	  0.0145	     nan
400.0000	496.0000	 -0.0198	  0.0205	     nan
416.0000	496.0000	 -0.0121	  0.0129	     nan
432.0000	496.0000	 -0.0068	  0.0063	     nan
448.0000	496.0000	  0.0038	 -0.0064	     nan
464.0000	496.0000	  0.0182	 -0.0225	     nan
480.0000	496.0000	  0.0055	 -0.0103	     nan
496.0000	496.0000	  0.0108	 -0.0146	     nan
 16.0000	480.0000	  4.3434	 -4.3527	     nan
 32.0000	480.0000	  4.3530	 -4.3575	     nan
 48.0000	480.0000	  4.2978	 -4.3216	     nan
 64.0000	480.0000	  4.2246	 -4.2294	     nan
 80.0000	480.0000	  4.0983	 -4.0885	     nan
 96.0000	480.0000	  3.8586	 -3.8440	     nan
112.0000	480.0000	  3.5379	 -3.5168	     nan
128.0000	480.0000	  3.1310	 -3.1139	     nan
144.0000	480.0000	  2.7264	 -2.7895	     nan
160.0000	480.0000	  2.5332	 -2.6466	     nan
176.0000	480.0000	  1.9404	 -1.9223	     nan
192.0000	480.0000	  1.5766	 -1.5645	     nan
208.0000	480.0000	  1.1260	 -1.2086	     nan
224.0000	480.0000	  0.0830	 -0.1403	     nan
240.0000	480.0000	  0.0806	 -0.1038	     nan
256.0000	480.0000	 -0.0950	  0.0868	     nan
272.0000	480.0000	 -0.0488	  0.0540	     nan
288.0000	480.0000	 -0.0169	  0.0067	     nan
304.0000	480.0000	  0.0076	 -0.0104	     nan
320.0000	480.0000	  0.0222	 -0.0242	     nan
336.0000	480.0000	  0.0225	 -0.0215	     nan
352.0000	480.0000	  0.0010	 -0.0085	     nan
368.0000	480.0000	  0.0144	 -0.0087	     nan
384.0000	480.0000	  0.0246	 -0.0228	     nan
400.0000	480.0000	  0.0199	 -0.0284	     nan
416.0000	480.0000	  0.0004	 -0.0004	     nan
432.0000	480.0000	 -0.0009	  0.0004	     nan
448.0000	480.0000	  0.0066	 -0.0065	     nan
464.0000	480.0000	  0.0178	 -0.0230	     nan
480.0000	480.0000	  0.0058	 -0.0109	     nan
496.0000	480.0000	  0.0105	 -0.0129	     nan
 16.0000	464.0000	  4.2249	 -4.2355	     nan
 32.0000	464.0000	  4.4254	 -4.4179	     nan
 48.0000	464.0000	  4.3628	 -4.3539	     nan
 64.0000	464.0000	  4.2777	 -4.2846	     nan
 80.0000	464.0000	  4.2492	 -4.2558	     nan
 96.0000	464.0000	  4.1661	 -4.1779	     nan
112.0000	464.0000	  3.9364	 -3.9377	     nan
128.0000	464.0000	  3.5848	 -3.5667	     nan
144.0000	464.0000	  3.1771	 -3.1956	     nan
160.0000	464.0000	  2.7468	 -2.7284	     nan
176.0000	464.0000	  2.1072	 -2.0378	     nan
192.0000	464.0000	  1.6216	 -1.5363	     nan
208.0000	464.0000	  1.1620	 -1.1769	     nan
224.0000	464.0000	  0.4804	 -0.4792	     nan
240.0000	464.0000	 -0.0319	  0.1011	     nan
256.0000	464.0000	 -0.1072	  0.1204	     nan
272.0000	464.0000	 -0.0951	  0.1147	     nan
288.0000	464.0000	 -0.0287	  0.0306	     nan
304.0000	464.0000	  0.0354	 -0.0438	     nan
320.0000	464.0000	  0.0436	 -0.0350	     nan
336.0000	464.0000	  0.0119	 -0.0325	     nan
352.0000	464.0000	  0.0123	 -0.0241	     nan
368.0000	464.0000	 -0.0025	  0.0017	     nan
384.0000	464.0000	 -0.0029	  0.0037	     nan
400.0000	464.0000	 -0.0389	  0.0333	     nan
416.0000	464.0000	 -0.0489	  0.0531	     nan
432.0000	464.0000	 -0.0049	  0.0036	     nan
448.0000	464.0000	  0.0429	 -0.0239	     nan
464.0000	464.0000	  0.0093	 -0.0183	     nan
480.0000	464.0000	 -0.0043	  0.0210	     nan
496.0000	464.0000	 -0.0024	  0.0016	     nan
 16.0000	448.0000	  4.0723	 -4.1029	     nan
 32.0000	448.0000	  4.3194	 -4.3042	     nan
 48.0000	448.0000	  4.3824	 -4.3985	     nan
 64.0000	448.0000	  4.3489	 -4.3668	     nan
 80.0000	448.0000	  4.3128	 -4.3176	     nan
 96.0000	448.0000	  4.2366	 -4.2444	     nan
112.0000	448.0000	  4.0945	 -4.0905	     nan
128.0000	448.0000	  3.8436	 -3.8279	     nan
144.0000	448.0000	  3.5111	 -3.5480	     nan
160.0000	448.0000	  3.1560	 -3.1431	     nan
176.0000	448.0000	  2.6816	 -2.7398	     nan
192.0000	448.0000	  2.2126	 -2.1676	     nan
208.0000	448.0000	  1.5844	 -1.5928	     nan
224.0000	448.0000	  1.0666	 -1.0992	     nan
240.0000	448.0000	  0.3859	 -0.3610	     nan
256.0000	448.0000	  0.0303	 -0.0020	     nan
272.0000	448.0000	  0.0035	 -0.0160	     nan
288.0000	448.0000	 -0.0170	  0.0138	     nan
304.0000	448.0000	  0.0016	 -0.0037	     nan
320.0000	448.0000	  0.0099	 -0.0088	     nan
336.0000	448.0000	 -0.0014	  0.0005	     nan
352.0000	448.0000	 -0.0014	 -0.0012	     nan
368.0000	448.0000	 -0.0030	  0.0004	     nan
384.0000	448.0000	  0.0086	 -0.0092	     nan
400.0000	448.0000	  0.0102	 -0.0191	     nan
416.0000	448.0000	 -0.0200	  0.0228	     nan
432.0000	448.0000	 -0.0017	 -0.0002	     nan
448.0000	448.0000	  0.0175	 -0.0041	     nan
464.0000	448.0000	 -0.0260	  0.0285	     nan
480.0000	448.0000	  0.0105	  0.0051	     nan
496.0000	448.0000	  0.0077	 -0.0086	     nan
 16.0000	432.0000	  3.9940	 -4.0799	     nan
 32.0000	432.0000	  4.1100	 -4.1034	     nan
 48.0000	432.0000	  4.2475	 -4.4304	     nan
 64.0000	432.0000	  4.3716	 -4.3994	     nan
 80.0000	432.0000	  4.4223	 -4.4422	     nan
 96.0000	432.0000	  4.3178	 -4.2895	     nan
112.0000	432.0000	  4.1275	 -4.1224	     nan
128.0000	432.0000	  4.0341	 -4.0402	     nan
144.0000	432.0000	  3.7949	 -3.8516	     nan
160.0000	432.0000	  3.6363	 -3.6583	     nan
176.0000	432.0000	  3.1631	 -3.1601	     nan
192.0000	432.0000	  2.7738	 -2.7491	     nan
208.0000	432.0000	  2.2519	 -2.3036	     nan
224.0000	432.0000	  1.6749	 -1.7071	     nan
240.0000	432.0000	  0.9722	 -0.9830	     nan
256.0000	432.0000	  0.4867	 -0.5019	     nan
272.0000	432.0000	  0.1708	 -0.1740	     nan
288.0000	432.0000	  0.0365	 -0.0380	     nan
304.0000	432.0000	 -0.0330	  0.0383	     nan
320.0000	432.0000	 -0.0497	  0.0521	     nan
336.0000	432.0000	 -0.0416	  0.0461	     nan
352.0000	432.0000	 -0.0190	  0.0222	     nan
368.0000	432.0000	  0.0065	 -0.0071	     nan
384.0000	432.0000	  0.0260	 -0.0301	     nan
400.0000	432.0000	  0.0050	 -0.0031	     nan
416.0000	432.0000	  0.0387	 -0.0445	     nan
432.0000	432.0000	  0.0017	 -0.0048	     nan
448.0000	432.0000	  0.0015	 -0.0360	     nan
464.0000	432.0000	  0.0237	 -0.0329	     nan
480.0000	432.0000	  0.0394	 -0.0478	     nan
496.0000	432.0000	 -0.0118	  0.0136	     nan
 16.0000	416.0000	  3.6436	 -3.6895	     nan
 32.0000	416.0000	  3.8038	 -3.8178	     nan
 48.0000	416.0000	  4.2037	 -4.3275	     nan
 64.0000	416.0000	  4.3294	 -4.3338	     nan
 80.0000	416.0000	  4.3767	 -4.3766	     nan
 96.0000	416.0000	  4.3280	 -4.3154	     nan
112.0000	416.0000	  4.2180	 -4.2278	     nan
128.0000	416.0000	  4.1814	 -4.1965	     nan
144.0000	416.0000	  4.0413	 -4.1017	     nan
160.0000	416.0000	  3.8594	 -3.8613	     nan
176.0000	416.0000	  3.6203	 -3.6154	     nan
192.0000	416.0000	  3.2670	 -3.2824	     nan
208.0000	416.0000	  2.9079	 -2.9463	     nan
224.0000	416.0000	  2.3044	 -2.3678	     nan
240.0000	416.0000	  1.7302	 -1.7387	     nan
256.0000	416.0000	  1.1600	 -1.1484	     nan
272.0000	416.0000	  0.7157	 -0.6640	     nan
288.0000	416.0000	  0.2140	 -0.2576	     nan
304.0000	416.0000	  0.0135	 -0.0212	     nan
320.0000	416.0000	 -0.0301	  0.0272	     nan
336.0000	416.0000	 -0.0176	  0.0239	     nan
352.0000	416.0000	 -0.0484	  0.0523	     nan
368.0000	416.0000	  0.0129	 -0.0131	     nan
384.0000	416.0000	  0.0526	 -0.0199	     nan
400.0000	416.0000	  0.0046	 -0.0059	     nan
416.0000	416.0000	  0.0511	 -0.0440	     nan
432.0000	416.0000	 -0.0198	  0.0189	     nan
448.0000	416.0000	 -0.0420	  0.0182	     nan
464.0000	416.0000	 -0.0292	  0.0382	     nan
480.0000	416.0000	  0.0479	 -0.0528	     nan
496.0000	416.0000	 -0.0130	  0.0119	     nan
 16.0000	400.0000	  3.1352	 -3.1834	     nan
 32.0000	400.0000	  3.3433	 -3.3582	     nan
 48.0000	400.0000	  4.0080	 -4.0338	     nan
 64.0000	400.0000	  4.1638	 -4.1670	     nan
 80.0000	400.0000	  4.2261	 -4.2023	     nan
 96.0000	400.0000	  4.2950	 -4.2215	     nan
112.0000	400.0000	  4.3261	 -4.3087	     nan
128.0000	400.0000	  4.3421	 -4.3157	     nan
144.0000	400.0000	  4.2086	 -4.2265	     nan
160.0000	400.0000	  4.1021	 -4.1003	     nan
176.0000	400.0000	  3.9016	 -3.8996	     nan
192.0000	400.0000	  3.5929	 -3.6148	     nan
208.0000	400.0000	  3.2467	 -3.2374	     nan
224.0000	400.0000	  2.7678	 -2.7834	     nan
240.0000	400.0000	  2.3091	 -2.3298	     nan
256.0000	400.0000	  1.7581	 -1.7599	     nan
272.0000	400.0000	  1.1734	 -1.1744	     nan
288.0000	400.0000	  0.6269	 -0.6224	     nan
304.0000	400.0000	  0.3128	 -0.0956	     nan
320.0000	400.0000	  0.0524	 -0.0407	     nan
336.0000	400.0000	 -0.0311	  0.0451	     nan
352.0000	400.0000	 -0.0270	  0.0237	     nan
368.0000	400.0000	 -0.0020	  0.0047	     nan
384.0000	400.0000	  0.0279	 -0.0068	     nan
400.0000	400.0000	  0.0095	 -0.0013	     nan
416.0000	400.0000	  0.0331	 -0.0325	     nan
432.0000	400.0000	 -0.0190	  0.0214	     nan
448.0000	400.0000	 -0.0578	  0.0774	     nan
464.0000	400.0000	 -0.0376	  0.0435	     nan
480.0000	400.0000	  0.0397	 -0.0413	     nan
496.0000	400.0000	 -0.0105	  0.0112	     nan
 16.0000	384.0000	  2.8096	 -2.8023	     nan
 32.0000	384.0000	  3.0059	 -2.9588	     nan
 48.0000	384.0000	  3.5597	 -3.5842	     nan
 64.0000	384.0000	  3.8816	 -3.9039	     nan
 80.0000	384.0000	  4.1086	 -4.1134	     nan
 96.0000	384.0000	  4.2867	 -4.2861	     nan
112.0000	384.0000	  4.3836	 -4.3334	     nan
128.0000	384.0000	  4.2896	 -4.2718	     nan
144.0000	384.0000	  4.3095	 -4.3058	     nan
160.0000	384.0000	  4.2695	 -4.2645	     nan
176.0000	384.0000	  4.0789	 -4.0675	     nan
192.0000	384.0000	  3.8285	 -3.8324	     nan
208.0000	384.0000	  3.5596	 -3.5478	     nan
224.0000	384.0000	  3.2180	 -3.2216	     nan
240.0000	384.0000	  2.8129	 -2.8417	     nan
256.0000	384.0000	  2.3207	 -2.3020	     nan
272.0000	384.0000	  1.7151	 -1.7087	     nan
288.0000	384.0000	  1.1326	 -1.1424	     nan
304.0000	384.0000	  0.5260	 -0.5296	     nan
320.0000	384.0000	  0.0863	 -0.0918	     nan
336.0000	384.0000	  0.0355	 -0.0333	     nan
352.0000	384.0000	 -0.0073	  0.0033	     nan
368.0000	384.0000	 -0.0320	  0.0389	     nan
384.0000	384.0000	 -0.0498	  0.0598	     nan
400.0000	384.0000	 -0.0001	  0.0033	     nan
416.0000	384.0000	  0.0013	 -0.0028	     nan
432.0000	384.0000	 -0.0300	  0.0319	     nan
448.0000	384.0000	 -0.0220	  0.0244	     nan
464.0000	384.0000	 -0.0209	  0.0342	     nan
480.0000	384.0000	  0.0199	 -0.0128	     nan
496.0000	384.0000	 -0.0013	 -0.0019	     nan
 16.0000	368.0000	  2.4548	 -2.5083	     nan
 32.0000	368.0000	  2.7435	 -2.7333	     nan
 48.0000	368.0000	  3.1614	 -3.1866	     nan
 64.0000	368.0000	  3.5246	 -3.5507	     nan
 80.0000	368.0000	  3.9057	 -3.8781	     nan
 96.0000	368.0000	  4.2164	 -4.1721	     nan
112.0000	368.0000	  4.1992	 -4.2449	     nan
128.0000	368.0000	  4.3210	 -4.3299	     nan
144.0000	368.0000	  4.4074	 -4.3685	     nan
160.0000	368.0000	  4.3592	 -4.3086	     nan
176.0000	368.0000	  4.2622	 -4.2083	     nan
192.0000	368.0000	  4.0859	 -4.0512	     nan
208.0000	368.0000	  3.8558	 -3.8354	     nan
224.0000	368.0000	  3.5764	 -3.5704	     nan
240.0000	368.0000	  3.2138	 -3.2448	     nan
256.0000	368.0000	  2.7804	 -2.7884	     nan
272.0000	368.0000	  2.2509	 -2.2254	     nan
288.0000	368.0000	  1.6663	 -1.6418	     nan
304.0000	368.0000	  0.9942	 -0.9783	     nan
320.0000	368.0000	  0.3909	 -0.3804	     nan
336.0000	368.0000	  0.0210	 -0.0286	     nan
352.0000	368.0000	 -0.1206	  0.1297	     nan
368.0000	368.0000	  0.0047	 -0.0059	     nan
384.0000	368.0000	 -0.0036	  0.0182	     nan
400.0000	368.0000	 -0.0694	  0.0874	     nan
416.0000	368.0000	 -0.0340	  0.0342	     nan
432.0000	368.0000	 -0.0206	  0.0061	     nan
448.0000	368.0000	 -0.0113	  0.0001	     nan
464.0000	368.0000	 -0.0087	  0.0090	     nan
480.0000	368.0000	 -0.0080	  0.0023	     nan
496.0000	368.0000	 -0.0029	  0.0005	     nan
 16.0000	352.0000	  1.8074	 -1.8128	     nan
 32.0000	352.0000	  2.3549	 -2.3500	     nan
 48.0000	352.0000	  2.6249	 -2.6471	     nan
 64.0000	352.0000	  3.2051	 -3.2095	     nan
 80.0000	352.0000	  3.6793	 -3.6553	     nan
 96.0000	352.0000	  4.0295	 -4.0180	     nan
112.0000	352.0000	  4.1661	 -4.1822	     nan
128.0000	352.0000	  4.2679	 -4.2770	     nan
144.0000	352.0000	  4.3710	 -4.3472	     nan
160.0000	352.0000	  4.3586	 -4.3113	     nan
176.0000	352.0000	  4.3512	 -4.3398	     nan
192.0000	352.0000	  4.2403	 -4.1590	     nan
208.0000	352.0000	  4.0663	 -4.0285	     nan
224.0000	352.0000	  3.8239	 -3.8291	     nan
240.0000	352.0000	  3.5655	 -3.5645	     nan
256.0000	352.0000	  3.2176	 -3.2164	     nan
272.0000	352.0000	  2.7724	 -2.7676	     nan
288.0000	352.0000	  2.2438	 -2.2373	     nan
304.0000	352.0000	  1.6868	 -1.6789	     nan
320.0000	352.0000	  0.9379	 -0.9060	     nan
336.0000	352.0000	  0.4009	 -0.3296	     nan
352.0000	352.0000	 -0.0088	 -0.0203	     nan
368.0000	352.0000	 -0.1256	  0.1409	     nan
384.0000	352.0000	 -0.0354	  0.0615	     nan
400.0000	352.0000	  0.0062	 -0.0145	     nan
416.0000	352.0000	 -0.0862	  0.1089	     nan
432.0000	352.0000	  0.0044	  0.0380	     nan
448.0000	352.0000	 -0.0144	  0.0123	     nan
464.0000	352.0000	  0.0097	 -0.0109	     nan
480.0000	352.0000	 -0.0088	  0.0082	     nan
496.0000	352.0000	  0.0003	  0.0004	     nan
 16.0000	336.0000	  0.9145	 -0.9989	     nan
 32.0000	336.0000	  1.9975	 -1.9954	     nan
 48.0000	336.0000	  2.0755	 -2.0939	     nan
 64.0000	336.0000	  2.7406	 -2.6799	     nan
 80.0000	336.0000	  3.2697	 -3.2037	     nan
 96.0000	336.0000	  3.6773	 -3.6569	     nan
112.0000	336.0000	  3.9312	 -3.9096	     nan
128.0000	336.0000	  4.0485	 -4.0389	     nan
144.0000	336.0000	  4.2678	 -4.2582	     nan
160.0000	336.0000	  4.3328	 -4.3373	     nan
176.0000	336.0000	  4.3994	 -4.3739	     nan
192.0000	336.0000	  4.2656	 -4.3315	     nan
208.0000	336.0000	  4.1053	 -4.1046	     nan
224.0000	336.0000	  3.9931	 -4.0026	     nan
240.0000	336.0000	  3.8408	 -3.8463	     nan
256.0000	336.0000	  3.5956	 -3.5887	     nan
272.0000	336.0000	  3.2516	 -3.2479	     nan
288.0000	336.0000	  2.7885	 -2.7999	     nan
304.0000	336.0000	  2.2614	 -2.2903	     nan
320.0000	336.0000	  1.7332	 -1.7326	     nan
336.0000	336.0000	  0.9665	 -0.9205	     nan
352.0000	336.0000	  0.3692	 -0.3713	     nan
368.0000	336.0000	  0.0400	  0.0031	     nan
384.0000	336.0000	  0.0016	  0.0514	     nan
400.0000	336.0000	 -0.0019	  0.0807	     nan
416.0000	336.0000	 -0.1092	  0.0720	     nan
432.0000	336.0000	 -0.0370	  0.0335	     nan
448.0000	336.0000	  0.0233	 -0.0236	     nan
464.0000	336.0000	  0.0322	 -0.0326	     nan
480.0000	336.0000	 -0.0097	  0.0082	     nan
496.0000	336.0000	  0.0080	 -0.0064	     nan
 16.0000	320.0000	  0.2760	 -0.5103	     nan
 32.0000	320.0000	  1.4974	 -1.5063	     nan
 48.0000	320.0000	  1.6082	 -1.6123	     nan
 64.0000	320.0000	  2.2245	 -2.2290	     nan
 80.0000	320.0000	  2.7786	 -2.7747	     nan
 96.0000	320.0000	  3.2907	 -3.2739	     nan
112.0000	320.0000	  3.6242	 -3.6063	     nan
128.0000	320.0000	  3.8301	 -3.8077	     nan
144.0000	320.0000	  4.0994	 -4.0994	     nan
160.0000	320.0000	  4.2697	 -4.3022	     nan
176.0000	320.0000	  4.3811	 -4.3862	     nan
192.0000	320.0000	  4.2975	 -4.3559	     nan
208.0000	320.0000	  4.3292	 -4.3509	     nan
224.0000	320.0000	  4.2202	 -4.2332	     nan
240.0000	320.0000	  4.0852	 -4.0953	     nan
256.0000	320.0000	  3.8842	 -3.8839	     nan
272.0000	320.0000	  3.5724	 -3.5571	     nan
288.0000	320.0000	  3.2176	 -3.2181	     nan
304.0000	320.0000	  2.7627	 -2.7747	     nan
320.0000	320.0000	  2.2491	 -2.3100	     nan
336.0000	320.0000	  1.7045	 -1.7026	     nan
352.0000	320.0000	  1.0530	 -1.0638	     nan
368.0000	320.0000	  0.5501	 -0.5324	     nan
384.0000	320.0000	  0.1265	 -0.0492	     nan
400.0000	320.0000	 -0.0035	  0.0080	     nan
416.0000	320.0000	 -0.0731	  0.0472	     nan
432.0000	320.0000	 -0.0428	  0.0410	     nan
448.0000	320.0000	  0.0396	 -0.0380	     nan
464.0000	320.0000	  0.0542	 -0.0465	     nan
480.0000	320.0000	  0.0033	 -0.0019	     nan
496.0000	320.0000	  0.0172	 -0.0125	     nan
 16.0000	304.0000	 -0.2869	  0.0518	     nan
 32.0000	304.0000	  0.7636	 -0.7653	     nan
 48.0000	304.0000	  0.8999	 -0.9076	     nan
 64.0000	304.0000	  1.7156	 -1.6590	     nan
 80.0000	304.0000	  2.3906	 -2.3950	     nan
 96.0000	304.0000	  2.8277	 -2.8186	     nan
112.0000	304.0000	  3.2706	 -3.3011	     nan
128.0000	304.0000	  3.5770	 -3.6052	     nan
144.0000	304.0000	  3.9230	 -3.8884	     nan
160.0000	304.0000	  4.0260	 -3.9966	     nan
176.0000	304.0000	  4.2637	 -4.2349	     nan
192.0000	304.0000	  4.3196	 -4.3194	     nan
208.0000	304.0000	  4.4526	 -4.4915	     nan
224.0000	304.0000	  4.3742	 -4.3885	     nan
240.0000	304.0000	  4.2629	 -4.2701	     nan
256.0000	304.0000	  4.0740	 -4.0992	     nan
272.0000	304.0000	  3.8846	 -3.8887	     nan
288.0000	304.0000	  3.5888	 -3.5896	     nan
304.0000	304.0000	  3.2166	 -3.2067	     nan
320.0000	304.0000	  2.7749	 -2.7831	     nan
336.0000	304.0000	  2.3169	 -2.3007	     nan
352.0000	304.0000	  1.7118	 -1.7257	     nan
368.0000	304.0000	  1.1937	 -1.1627	     nan
384.0000	304.0000	  0.6933	 -0.6690	     nan
400.0000	304.0000	  0.2721	 -0.2755	     nan
416.0000	304.0000	  0.0378	 -0.0492	     nan
432.0000	304.0000	 -0.0279	  0.0244	     nan
448.0000	304.0000	  0.0207	 -0.0186	     nan
464.0000	304.0000	  0.0336	 -0.0376	     nan
480.0000	304.0000	 -0.0019	 -0.0006	     nan
496.0000	304.0000	 -0.0025	 -0.0041	     nan
 16.0000	288.0000	 -0.2270	 -0.2878	     nan
 32.0000	288.0000	  0.3204	 -0.3595	     nan
 48.0000	288.0000	  0.4900	 -0.5389	     nan
 64.0000	288.0000	  1.2167	 -1.2362	     nan
 80.0000	288.0000	  1.7878	 -1.8569	     nan
 96.0000	288.0000	  2.3248	 -2.3499	     nan
112.0000	288.0000	  2.8849	 -2.9354	     nan
128.0000	288.0000	  3.3533	 -3.2578	     nan
144.0000	288.0000	  3.6431	 -3.6146	     nan
160.0000	288.0000	  4.0015	 -3.9121	     nan
176.0000	288.0000	  4.2490	 -4.2204	     nan
192.0000	288.0000	  4.3818	 -4.3809	     nan
208.0000	288.0000	  4.2568	 -4.2514	     nan
224.0000	288.0000	  4.4605	 -4.4727	     nan
240.0000	288.0000	  4.3646	 -4.3592	     nan
256.0000	288.0000	  4.2508	 -4.2437	     nan
272.0000	288.0000	  4.0812	 -4.0782	     nan
288.0000	288.0000	  3.8763	 -3.8732	     nan
304.0000	288.0000	  3.5826	 -3.5608	     nan
320.0000	288.0000	  3.2323	 -3.2025	     nan
336.0000	288.0000	  2.8390	 -2.8399	     nan
352.0000	288.0000	  2.3282	 -2.3295	     nan
368.0000	288.0000	  1.7242	 -1.7252	     nan
384.0000	288.0000	  1.1154	 -1.1140	     nan
400.0000	288.0000	  0.5731	 -0.5758	     nan
416.0000	288.0000	  0.2041	 -0.2078	     nan
432.0000	288.0000	  0.0405	 -0.0426	     nan
448.0000	288.0000	 -0.0106	  0.0194	     nan
464.0000	288.0000	 -0.0021	  0.0069	     nan
480.0000	288.0000	 -0.0038	  0.0042	     nan
496.0000	288.0000	 -0.0090	  0.0181	     nan
 16.0000	272.0000	 -0.0219	 -0.0604	     nan
 32.0000	272.0000	 -0.0417	 -0.0076	     nan
 48.0000	272.0000	  0.1305	 -0.1991	     nan
 64.0000	272.0000	  0.5677	 -0.6210	     nan
 80.0000	272.0000	  1.0796	 -1.0934	     nan
 96.0000	272.0000	  1.7440	 -1.7165	     nan
112.0000	272.0000	  2.3579	 -2.3437	     nan
128.0000	272.0000	  2.8970	 -2.9063	     nan
144.0000	272.0000	  3.2647	 -3.2766	     nan
160.0000	272.0000	  3.7337	 -3.6580	     nan
176.0000	272.0000	  4.1970	 -4.0589	     nan
192.0000	272.0000	  4.0152	 -3.9958	     nan
208.0000	272.0000	  4.1649	 -4.1557	     nan
224.0000	272.0000	  4.4134	 -4.4072	     nan
240.0000	272.0000	  4.3395	 -4.3328	     nan
256.0000	272.0000	  4.3501	 -4.3515	     nan
272.0000	272.0000	  4.2489	 -4.2446	     nan
288.0000	272.0000	  4.1062	 -4.0971	     nan
304.0000	272.0000	  3.8944	 -3.8881	     nan
320.0000	272.0000	  3.6004	 -3.5782	     nan
336.0000	272.0000	  3.2212	 -3.1803	     nan
352.0000	272.0000	  2.7713	 -2.7640	     nan
368.0000	272.0000	  2.3103	 -2.3190	     nan
384.0000	272.0000	  1.6867	 -1.6921	     nan
400.0000	272.0000	  1.1061	 -1.1074	     nan
416.0000	272.0000	  0.6276	 -0.6251	     nan
432.0000	272.0000	  0.1708	 -0.1808	     nan
448.0000	272.0000	  0.0108	 -0.0111	     nan
464.0000	272.0000	 -0.0348	  0.0368	     nan
480.0000	272.0000	  0.0370	 -0.0321	     nan
496.0000	272.0000	  0.0036	  0.0225	     nan
 16.0000	256.0000	  0.0326	 -0.0397	     nan
 32.0000	256.0000	  0.0586	 -0.0101	     nan
 48.0000	256.0000	  0.0301	 -0.0284	     nan
 64.0000	256.0000	  0.3521	 -0.4053	     nan
 80.0000	256.0000	  0.5814	 -0.5907	     nan
 96.0000	256.0000	  1.1990	 -1.1971	     nan
112.0000	256.0000	  1.7745	 -1.7464	     nan
128.0000	256.0000	  2.2573	 -2.2436	     nan
144.0000	256.0000	  2.7022	 -2.7022	     nan
160.0000	256.0000	  3.3695	 -3.3221	     nan
176.0000	256.0000	  3.8040	 -3.7737	     nan
192.0000	256.0000	  3.9389	 -3.9283	     nan
208.0000	256.0000	  4.2108	 -4.1880	     nan
224.0000	256.0000	  4.3026	 -4.2960	     nan
240.0000	256.0000	  4.3354	 -4.3378	     nan
256.0000	256.0000	  4.3868	 -4.3791	     nan
272.0000	256.0000	  4.3560	 -4.3402	     nan
288.0000	256.0000	  4.2652	 -4.2697	     nan
304.0000	256.0000	  4.1129	 -4.1182	     nan
320.0000	256.0000	  3.8780	 -3.8711	     nan
336.0000	256.0000	  3.5680	 -3.5536	     nan
352.0000	256.0000	  3.2103	 -3.2335	     nan
368.0000	256.0000	  2.8254	 -2.8038	     nan
384.0000	256.0000	  2.2942	 -2.2888	     nan
400.0000	256.0000	  1.7287	 -1.7289	     nan
416.0000	256.0000	  1.1571	 -1.1547	     nan
432.0000	256.0000	  0.4607	 -0.4534	     nan
448.0000	256.0000	  0.1412	 -0.1457	     nan
464.0000	256.0000	 -0.0298	  0.0298	     nan
480.0000	256.0000	  0.0213	  0.0032	     nan
496.0000	256.0000	 -0.0365	  0.0535	     nan
 16.0000	240.0000	 -0.0384	  0.0255	     nan
 32.0000	240.0000	  0.0075	  0.0091	     nan
 48.0000	240.0000	  0.1224	 -0.1506	     nan
 64.0000	240.0000	 -0.1061	  0.1400	     nan
 80.0000	240.0000	  0.1768	 -0.2364	     nan
 96.0000	240.0000	  0.6372	 -0.6423	     nan
112.0000	240.0000	  1.0569	 -0.9967	     nan
128.0000	240.0000	  1.6922	 -1.5441	     nan
144.0000	240.0000	  2.0258	 -2.0328	     nan
160.0000	240.0000	  2.7232	 -2.7148	     nan
176.0000	240.0000	  3.2178	 -3.2221	     nan
192.0000	240.0000	  3.4382	 -3.4564	     nan
208.0000	240.0000	  3.9451	 -3.9412	     nan
224.0000	240.0000	  4.1202	 -4.1087	     nan
240.0000	240.0000	  4.2935	 -4.3000	     nan
256.0000	240.0000	  4.3577	 -4.3616	     nan
272.0000	240.0000	  4.3647	 -4.3758	     nan
288.0000	240.0000	  4.3509	 -4.3628	     nan
304.0000	240.0000	  4.2353	 -4.2315	     nan
320.0000	240.0000	  4.0627	 -4.0692	     nan
336.0000	240.0000	  3.8132	 -3.8292	     nan
352.0000	240.0000	  3.5826	 -3.6194	     nan
368.0000	240.0000	  3.2708	 -3.2487	     nan
384.0000	240.0000	  2.7972	 -2.7931	     nan
400.0000	240.0000	  2.3091	 -2.3035	     nan
416.0000	240.0000	  1.7859	 -1.7750	     nan
432.0000	240.0000	  1.0915	 -1.1159	     nan
448.0000	240.0000	  0.5918	 -0.6145	     nan
464.0000	240.0000	  0.1529	 -0.2097	     nan
480.0000	240.0000	 -0.0037	  0.0374	     nan
496.0000	240.0000	 -0.0607	  0.0933	     nan
 16.0000	224.0000	  0.0116	 -0.0109	     nan
 32.0000	224.0000	 -0.0329	  0.0289	     nan
 48.0000	224.0000	  0.0240	 -0.0264	     nan
 64.0000	224.0000	  0.0064	 -0.0337	     nan
 80.0000	224.0000	 -0.0158	  0.0118	     nan
 96.0000	224.0000	  0.0098	 -0.0085	     nan
112.0000	224.0000	  0.3247	 -0.3874	     nan
128.0000	224.0000	  1.0070	 -1.0361	     nan
144.0000	224.0000	  1.4199	 -1.7201	     nan
160.0000	224.0000	  2.0498	 -2.2938	     nan
176.0000	224.0000	  2.8713	 -2.9457	     nan
192.0000	224.0000	  3.1886	 -3.3300	     nan
208.0000	224.0000	  3.5241	 -3.5010	     nan
224.0000	224.0000	  3.7917	 -3.7570	     nan
240.0000	224.0000	  4.0635	 -4.0600	     nan
256.0000	224.0000	  4.2593	 -4.2478	     nan
272.0000	224.0000	  4.3573	 -4.3542	     nan
288.0000	224.0000	  4.3870	 -4.3856	     nan
304.0000	224.0000	  4.4008	 -4.4262	     nan
320.0000	224.0000	  4.3400	 -4.2247	     nan
336.0000	224.0000	  4.1900	 -4.0863	     nan
352.0000	224.0000	  3.8923	 -3.8908	     nan
368.0000	224.0000	  3.6227	 -3.6119	     nan
384.0000	224.0000	  3.2380	 -3.2322	     nan
400.0000	224.0000	  2.7895	 -2.8005	     nan
416.0000	224.0000	  2.3185	 -2.3282	     nan
432.0000	224.0000	  1.7396	 -1.7830	     nan
448.0000	224.0000	  1.2074	 -1.2239	     nan
464.0000	224.0000	  0.5510	 -0.6685	     nan
480.0000	224.0000	  0.2066	 -0.2112	     nan
496.0000	224.0000	 -0.0200	  0.0174	     nan
 16.0000	208.0000	  0.0027	  0.0034	     nan
 32.0000	208.0000	  0.0094	  0.0049	     nan
 48.0000	208.0000	 -0.0123	  0.0225	     nan
 64.0000	208.0000	 -0.0349	  0.0167	     nan
 80.0000	208.0000	 -0.0236	  0.0211	     nan
 96.0000	208.0000	 -0.0097	  0.0209	     nan
112.0000	208.0000	  0.1152	 -0.1245	     nan
128.0000	208.0000	  0.4524	 -0.4384	     nan
144.0000	208.0000	  0.8836	 -0.9066	     nan
160.0000	208.0000	  1.5398	 -1.6733	     nan
176.0000	208.0000	  2.2204	 -2.1519	     nan
192.0000	208.0000	  2.6288	 -2.6071	     nan
208.0000	208.0000	  3.1957	 -3.0694	     nan
224.0000	208.0000	  3.5891	 -3.6103	     nan
240.0000	208.0000	  3.8476	 -3.8175	     nan
256.0000	208.0000	  4.1089	 -4.1072	     nan
272.0000	208.0000	  4.2359	 -4.2334	     nan
288.0000	208.0000	  4.3302	 -4.3204	     nan
304.0000	208.0000	  4.4547	 -4.4247	     nan
320.0000	208.0000	  4.3924	 -4.3455	     nan
336.0000	208.0000	  4.2949	 -4.2640	     nan
352.0000	208.0000	  4.0698	 -4.0838	     nan
368.0000	208.0000	  3.8922	 -3.8924	     nan
384.0000	208.0000	  3.6159	 -3.6076	     nan
400.0000	208.0000	  3.2601	 -3.2751	     nan
416.0000	208.0000	  2.8621	 -2.8522	     nan
432.0000	208.0000	  2.3187	 -2.3573	     nan
448.0000	208.0000	  1.7941	 -1.8551	     nan
464.0000	208.0000	  1.1908	 -1.1974	     nan
480.0000	208.0000	  0.6859	 -0.5153	     nan
496.0000	208.0000	  0.0697	 -0.0531	     nan
 16.0000	192.0000	 -0.0009	  0.0013	     nan
 32.0000	192.0000	  0.0422	 -0.0428	     nan
 48.0000	192.0000	 -0.0240	  0.0236	     nan
 64.0000	192.0000	 -0.0687	  0.0699	     nan
 80.0000	192.0000	  0.0179	 -0.0200	     nan
 96.0000	192.0000	  0.0647	 -0.0026	     nan
112.0000	192.0000	  0.0221	 -0.0144	     nan
128.0000	192.0000	  0.2565	 -0.2105	     nan
144.0000	192.0000	  0.4717	 -0.4557	     nan
160.0000	192.0000	  0.9068	 -0.8870	     nan
176.0000	192.0000	  1.7717	 -1.7891	     nan
192.0000	192.0000	  2.2676	 -2.2547	     nan
208.0000	192.0000	  2.8287	 -2.8450	     nan
224.0000	192.0000	  3.2785	 -3.2554	     nan
240.0000	192.0000	  3.5541	 -3.5143	     nan
256.0000	192.0000	  3.8875	 -3.8893	     nan
272.0000	192.0000	  4.0852	 -4.0897	     nan
288.0000	192.0000	  4.2310	 -4.2317	     nan
304.0000	192.0000	  4.3329	 -4.3293	     nan
320.0000	192.0000	  4.3672	 -4.3397	     nan
336.0000	192.0000	  4.3534	 -4.3164	     nan
352.0000	192.0000	  4.2248	 -4.2359	     nan
368.0000	192.0000	  4.0773	 -4.0815	     nan
384.0000	192.0000	  3.9200	 -3.9088	     nan
400.0000	192.0000	  3.5541	 -3.5613	     nan
416.0000	192.0000	  3.2291	 -3.2940	     nan
432.0000	192.0000	  2.8257	 -2.9168	     nan
448.0000	192.0000	  2.3265	 -2.3502	     nan
464.0000	192.0000	  1.8242	 -1.8477	     nan
480.0000	192.0000	  0.9995	 -1.1604	     nan
496.0000	192.0000	  0.4237	 -0.3437	     nan
 16.0000	176.0000	  0.0010	  0.0076	     nan
 32.0000	176.0000	  0.0379	 -0.0323	     nan
 48.0000	176.0000	 -0.0319	  0.0430	     nan
 64.0000	176.0000	 -0.0483	  0.0491	     nan
 80.0000	176.0000	  0.0185	 -0.0331	     nan
 96.0000	176.0000	  0.0328	 -0.0689	     nan
112.0000	176.0000	  0.0131	 -0.0069	     nan
128.0000	176.0000	  0.0155	  0.0099	     nan
144.0000	176.0000	  0.1318	 -0.1325	     nan
160.0000	176.0000	  0.3571	 -0.3033	     nan
176.0000	176.0000	  0.8611	 -0.6774	     nan
192.0000	176.0000	  1.6639	 -1.3848	     nan
208.0000	176.0000	  2.2817	 -2.0854	     nan
224.0000	176.0000	  2.7378	 -2.6972	     nan
240.0000	176.0000	  3.2421	 -3.2600	     nan
256.0000	176.0000	  3.5634	 -3.5600	     nan
272.0000	176.0000	  3.8852	 -3.8745	     nan
288.0000	176.0000	  4.0944	 -4.0899	     nan
304.0000	176.0000	  4.2456	 -4.2591	     nan
320.0000	176.0000	  4.3359	 -4.3379	     nan
336.0000	176.0000	  4.3140	 -4.3813	     nan
352.0000	176.0000	  4.3408	 -4.3482	     nan
368.0000	176.0000	  4.2653	 -4.2630	     nan
384.0000	176.0000	  4.1319	 -4.1197	     nan
400.0000	176.0000	  3.8483	 -3.8552	     nan
416.0000	176.0000	  3.5683	 -3.6001	     nan
432.0000	176.0000	  3.2658	 -3.2705	     nan
448.0000	176.0000	  2.7775	 -2.7872	     nan
464.0000	176.0000	  2.3323	 -2.3348	     nan
480.0000	176.0000	  1.8493	 -1.7488	     nan
496.0000	176.0000	  1.2548	 -0.8973	     nan
 16.0000	160.0000	 -0.0234	  0.0235	     nan
 32.0000	160.0000	  0.0154	 -0.0153	     nan
 48.0000	160.0000	 -0.0509	  0.0525	     nan
 64.0000	160.0000	 -0.0429	  0.0433	     nan
 80.0000	160.0000	 -0.0027	 -0.0000	     nan
 96.0000	160.0000	  0.0185	 -0.0226	     nan
112.0000	160.0000	 -0.0096	 -0.0013	     nan
128.0000	160.0000	  0.0172	 -0.0296	     nan
144.0000	160.0000	 -0.0183	  0.0323	     nan
160.0000	160.0000	 -0.0165	  0.0134	     nan
176.0000	160.0000	  0.2423	 -0.2417	     nan
192.0000	160.0000	  1.0570	 -1.0335	     nan
208.0000	160.0000	  1.7118	 -1.6768	     nan
224.0000	160.0000	  2.2139	 -2.2097	     nan
240.0000	160.0000	  2.8791	 -2.8998	     nan
256.0000	160.0000	  3.2365	 -3.2348	     nan
272.0000	160.0000	  3.6223	 -3.6443	     nan
288.0000	160.0000	  3.8876	 -3.8985	     nan
304.0000	160.0000	  4.0979	 -4.1195	     nan
320.0000	160.0000	  4.2253	 -4.2454	     nan
336.0000	160.0000	  4.2829	 -4.3518	     nan
352.0000	160.0000	  4.3697	 -4.3677	     nan
368.0000	160.0000	  4.3539	 -4.3510	     nan
384.0000	160.0000	  4.2867	 -4.2744	     nan
400.0000	160.0000	  4.1493	 -4.1645	     nan
416.0000	160.0000	  3.9004	 -3.9630	     nan
432.0000	160.0000	  3.5776	 -3.5581	     nan
448.0000	160.0000	  3.1653	 -3.1529	     nan
464.0000	160.0000	  2.8381	 -2.8284	     nan
480.0000	160.0000	  2.5796	 -2.4736	     nan
496.0000	160.0000	  1.6968	 -2.5446	     nan
 16.0000	144.0000	  0.0118	 -0.0023	     nan
 32.0000	144.0000	  0.0360	 -0.0469	     nan
 48.0000	144.0000	 -0.0312	  0.0332	     nan
 64.0000	144.0000	  0.0265	 -0.0376	     nan
 80.0000	144.0000	 -0.0244	 -0.0603	     nan
 96.0000	144.0000	  0.0211	 -0.0698	     nan
112.0000	144.0000	 -0.0123	  0.0122	     nan
128.0000	144.0000	  0.0073	 -0.0166	     nan
144.0000	144.0000	 -0.0625	  0.0670	     nan
160.0000	144.0000	 -0.1155	  0.1117	     nan
176.0000	144.0000	  0.0228	 -0.0300	     nan
192.0000	144.0000	  0.5279	 -0.5029	     nan
208.0000	144.0000	  1.1629	 -1.1393	     nan
224.0000	144.0000	  1.7356	 -1.7212	     nan
240.0000	144.0000	  2.3593	 -2.3596	     nan
256.0000	144.0000	  2.7434	 -2.8300	     nan
272.0000	144.0000	  3.2494	 -3.2643	     nan
288.0000	144.0000	  3.5647	 -3.5693	     nan
304.0000	144.0000	  3.8673	 -3.8740	     nan
320.0000	144.0000	  4.0603	 -4.0801	     nan
336.0000	144.0000	  4.2396	 -4.2529	     nan
352.0000	144.0000	  4.3012	 -4.3142	     nan
368.0000	144.0000	  4.3676	 -4.3459	     nan
384.0000	144.0000	  4.3369	 -4.3019	     nan
400.0000	144.0000	  4.2452	 -4.2367	     nan
416.0000	144.0000	  4.1029	 -4.1224	     nan
432.0000	144.0000	  3.9227	 -3.8766	     nan
448.0000	144.0000	  3.5712	 -3.5431	     nan
464.0000	144.0000	  3.3107	 -3.2980	     nan
480.0000	144.0000	  3.1952	 -3.1062	     nan
496.0000	144.0000	  2.1577	 -2.1598	     nan
 16.0000	128.0000	  0.0139	 -0.0145	     nan
 32.0000	128.0000	 -0.0050	  0.0040	     nan
 48.0000	128.0000	 -0.0064	  0.0010	     nan
 64.0000	128.0000	  0.0077	 -0.0066	     nan
 80.0000	128.0000	  0.0482	 -0.0540	     nan
 96.0000	128.0000	  0.0658	 -0.0519	     nan
112.0000	128.0000	  0.0080	  0.0088	     nan
128.0000	128.0000	 -0.0029	  0.0077	     nan
144.0000	128.0000	 -0.0447	  0.0704	     nan
160.0000	128.0000	 -0.0105	  0.0131	     nan
176.0000	128.0000	 -0.0768	  0.1249	     nan
192.0000	128.0000	  0.1262	 -0.1246	     nan
208.0000	128.0000	  0.5781	 -0.6148	     nan
224.0000	128.0000	  1.2650	 -1.2664	     nan
240.0000	128.0000	  1.8167	 -1.8148	     nan
256.0000	128.0000	  2.2848	 -2.2835	     nan
272.0000	128.0000	  2.8124	 -2.8820	     nan
288.0000	128.0000	  3.1699	 -3.2281	     nan
304.0000	128.0000	  3.5590	 -3.5641	     nan
320.0000	128.0000	  3.8596	 -3.8517	     nan
336.0000	128.0000	  4.0926	 -4.0884	     nan
352.0000	128.0000	  4.2211	 -4.2172	     nan
368.0000	128.0000	  4.3428	 -4.3015	     nan
384.0000	128.0000	  4.3647	 -4.3059	     nan
400.0000	128.0000	  4.3371	 -4.3227	     nan
416.0000	128.0000	  4.2742	 -4.2643	     nan
432.0000	128.0000	  4.0248	 -4.0479	     nan
448.0000	128.0000	  3.8515	 -3.8387	     nan
464.0000	128.0000	  3.6450	 -3.6495	     nan
480.0000	128.0000	  3.4454	 -3.5017	     nan
496.0000	128.0000	  3.1265	 -3.2519	     nan
 16.0000	112.0000	 -0.0058	  0.0062	     nan
 32.0000	112.0000	  0.0000	 -0.0012	     nan
 48.0000	112.0000	 -0.0216	  0.0167	     nan
 64.0000	112.0000	 -0.0152	  0.0199	     nan
 80.0000	112.0000	  0.0104	 -0.0175	     nan
 96.0000	112.0000	  0.0177	 -0.0049	     nan
112.0000	112.0000	 -0.0034	  0.0114	     nan
128.0000	112.0000	 -0.0046	  0.0098	     nan
144.0000	112.0000	 -0.0091	  0.0280	     nan
160.0000	112.0000	  0.0306	 -0.0266	     nan
176.0000	112.0000	 -0.0808	  0.0833	     nan
192.0000	112.0000	 -0.0678	  0.0263	     nan
208.0000	112.0000	  0.2450	 -0.2921	     nan
224.0000	112.0000	  0.6488	 -0.6449	     nan
240.0000	112.0000	  1.3352	 -1.3547	     nan
256.0000	112.0000	  1.7417	 -1.8568	     nan
272.0000	112.0000	  2.3388	 -2.3346	     nan
288.0000	112.0000	  2.7812	 -2.7627	     nan
304.0000	112.0000	  3.2189	 -3.2277	     nan
320.0000	112.0000	  3.5891	 -3.5791	     nan
336.0000	112.0000	  3.8984	 -3.8892	     nan
352.0000	112.0000	  4.0704	 -4.0734	     nan
368.0000	112.0000	  4.2252	 -4.2457	     nan
384.0000	112.0000	  4.3394	 -4.3199	     nan
400.0000	112.0000	  4.3660	 -4.3252	     nan
416.0000	112.0000	  4.3431	 -4.2775	     nan
432.0000	112.0000	  4.2973	 -4.1945	     nan
448.0000	112.0000	  4.1255	 -4.0626	     nan
464.0000	112.0000	  3.8668	 -3.8601	     nan
480.0000	112.0000	  3.5941	 -3.6383	     nan
496.0000	112.0000	  3.5608	 -3.5242	     nan
 16.0000	 96.0000	 -0.0002	  0.0020	     nan
 32.0000	 96.0000	 -0.0061	 -0.0088	     nan
 48.0000	 96.0000	 -0.0023	  0.0081	     nan
 64.0000	 96.0000	 -0.0003	  0.0023	     nan
 80.0000	 96.0000	  0.0069	 -0.0135	     nan
 96.0000	 96.0000	  0.0016	 -0.0176	     nan
112.0000	 96.0000	  0.0039	 -0.0029	     nan
128.0000	 96.0000	 -0.0063	  0.0161	     nan
144.0000	 96.0000	 -0.0103	  0.0237	     nan
160.0000	 96.0000	 -0.0099	  0.0242	     nan
176.0000	 96.0000	  0.0225	  0.0231	     nan
192.0000	 96.0000	  0.0014	 -0.0066	     nan
208.0000	 96.0000	  0.2795	 -0.1798	     nan
224.0000	 96.0000	  0.0983	 -0.0648	     nan
240.0000	 96.0000	  0.7707	 -0.5490	     nan
256.0000	 96.0000	  1.1875	 -1.1007	     nan
272.0000	 96.0000	  1.7603	 -1.7575	     nan
288.0000	 96.0000	  2.3224	 -2.2812	     nan
304.0000	 96.0000	  2.8000	 -2.7996	     nan
320.0000	 96.0000	  3.2004	 -3.2001	     nan
336.0000	 96.0000	  3.6006	 -3.5940	     nan
352.0000	 96.0000	  3.8395	 -3.8470	     nan
368.0000	 96.0000	  4.0779	 -4.0855	     nan
384.0000	 96.0000	  4.2693	 -4.2444	     nan
400.0000	 96.0000	  4.3409	 -4.3579	     nan
416.0000	 96.0000	  4.4033	 -4.4082	     nan
432.0000	 96.0000	  4.3086	 -4.3645	     nan
448.0000	 96.0000	  4.2416	 -4.2621	     nan
464.0000	 96.0000	  4.0221	 -4.0544	     nan
480.0000	 96.0000	  3.7445	 -3.7667	     nan
496.0000	 96.0000	  3.7176	 -3.7120	     nan
 16.0000	 80.0000	  0.0002	  0.0010	     nan
 32.0000	 80.0000	 -0.0166	  0.0114	     nan
 48.0000	 80.0000	  0.0047	 -0.0005	     nan
 64.0000	 80.0000	  0.0103	 -0.0104	     nan
 80.0000	 80.0000	  0.0016	 -0.0015	     nan
 96.0000	 80.0000	 -0.0211	  0.0139	     nan
112.0000	 80.0000	 -0.0028	  0.0154	     nan
128.0000	 80.0000	  0.0114	 -0.0009	     nan
144.0000	 80.0000	  0.0059	  0.0095	     nan
160.0000	 80.0000	  0.0015	  0.0105	     nan
176.0000	 80.0000	 -0.0033	  0.0043	     nan
192.0000	 80.0000	 -0.0072	 -0.0173	     nan
208.0000	 80.0000	  0.1020	 -0.0904	     nan
224.0000	 80.0000	  0.2011	 -0.2015	     nan
240.0000	 80.0000	  0.3438	 -0.3820	     nan
256.0000	 80.0000	  0.5740	 -0.6415	     nan
272.0000	 80.0000	  1.0865	 -1.1452	     nan
288.0000	 80.0000	  1.7588	 -1.7574	     nan
304.0000	 80.0000	  2.3556	 -2.3254	     nan
320.0000	 80.0000	  2.7622	 -2.7541	     nan
336.0000	 80.0000	  3.2759	 -3.2737	     nan
352.0000	 80.0000	  3.5588	 -3.5580	     nan
368.0000	 80.0000	  3.8303	 -3.8476	     nan
384.0000	 80.0000	  4.0690	 -4.1105	     nan
400.0000	 80.0000	  4.2301	 -4.2264	     nan
416.0000	 80.0000	  4.3343	 -4.2977	     nan
432.0000	 80.0000	  4.3586	 -4.3112	     nan
448.0000	 80.0000	  4.3143	 -4.2700	     nan
464.0000	 80.0000	  4.2043	 -4.1669	     nan
480.0000	 80.0000	  3.9934	 -3.9406	     nan
496.0000	 80.0000	  3.9771	 -3.9352	     nan
 16.0000	 64.0000	  0.0117	 -0.0086	     nan
 32.0000	 64.0000	 -0.0023	  0.0028	     nan
 48.0000	 64.0000	  0.0101	 -0.0109	     nan
 64.0000	 64.0000	  0.0262	 -0.0248	     nan
 80.0000	 64.0000	  0.0025	  0.0008	     nan
 96.0000	 64.0000	 -0.0158	  0.0149	     nan
112.0000	 64.0000	 -0.0078	  0.0085	     nan
128.0000	 64.0000	  0.0137	 -0.0090	     nan
144.0000	 64.0000	  0.0197	 -0.0154	     nan
160.0000	 64.0000	  0.0039	 -0.0033	     nan
176.0000	 64.0000	 -0.0168	  0.0106	     nan
192.0000	 64.0000	 -0.0140	  0.0184	     nan
208.0000	 64.0000	 -0.0202	  0.0504	     nan
224.0000	 64.0000	 -0.0557	  0.0327	     nan
240.0000	 64.0000	 -0.0480	  0.0409	     nan
256.0000	 64.0000	 -0.0560	  0.0525	     nan
272.0000	 64.0000	  0.4485	 -0.4408	     nan
288.0000	 64.0000	  1.1403	 -1.0988	     nan
304.0000	 64.0000	  1.7772	 -1.7406	     nan
320.0000	 64.0000	  2.2823	 -2.2738	     nan
336.0000	 64.0000	  2.8252	 -2.8458	     nan
352.0000	 64.0000	  3.2048	 -3.2119	     nan
368.0000	 64.0000	  3.5517	 -3.5482	     nan
384.0000	 64.0000	  3.8260	 -3.8461	     nan
400.0000	 64.0000	  4.0550	 -4.0563	     nan
416.0000	 64.0000	  4.2496	 -4.2272	     nan
432.0000	 64.0000	  4.3491	 -4.3350	     nan
448.0000	 64.0000	  4.3636	 -4.3695	     nan
464.0000	 64.0000	  4.3664	 -4.3347	     nan
480.0000	 64.0000	  4.2937	 -4.2778	     nan
496.0000	 64.0000	  4.2358	 -4.0904	     nan
 16.0000	 48.0000	  0.0147	 -0.0140	     nan
 32.0000	 48.0000	  0.0217	 -0.0197	     nan
 48.0000	 48.0000	  0.0246	 -0.0194	     nan
 64.0000	 48.0000	  0.0363	 -0.0377	     nan
 80.0000	 48.0000	 -0.0032	  0.0054	     nan
 96.0000	 48.0000	 -0.0132	  0.0129	     nan
112.0000	 48.0000	 -0.0030	  0.0035	     nan
128.0000	 48.0000	  0.0157	 -0.0165	     nan
144.0000	 48.0000	  0.0099	 -0.0104	     nan
160.0000	 48.0000	  0.0127	 -0.0094	     nan
176.0000	 48.0000	 -0.0114	  0.0140	     nan
192.0000	 48.0000	 -0.0361	  0.0413	     nan
208.0000	 48.0000	 -0.0657	  0.0906	     nan
224.0000	 48.0000	 -0.1091	  0.1318	     nan
240.0000	 48.0000	 -0.2176	  0.3106	     nan
256.0000	 48.0000	 -0.2904	  0.3385	     nan
272.0000	 48.0000	  0.1112	 -0.0755	     nan
288.0000	 48.0000	  0.4583	 -0.5154	     nan
304.0000	 48.0000	  1.2655	 -1.2254	     nan
320.0000	 48.0000	  1.7857	 -1.7837	     nan
336.0000	 48.0000	  2.2909	 -2.2968	     nan
352.0000	 48.0000	  2.7972	 -2.7989	     nan
368.0000	 48.0000	  3.2172	 -3.2079	     nan
384.0000	 48.0000	  3.5523	 -3.5804	     nan
400.0000	 48.0000	  3.8093	 -3.8580	     nan
416.0000	 48.0000	  4.0714	 -4.0985	     nan
432.0000	 48.0000	  4.2519	 -4.2932	     nan
448.0000	 48.0000	  4.3808	 -4.2989	     nan
464.0000	 48.0000	  4.4349	 -4.3318	     nan
480.0000	 48.0000	  4.4574	 -4.2278	     nan
496.0000	 48.0000	  5.1232	 -4.1369	     nan
 16.0000	 32.0000	 -0.0037	  0.0041	     nan
 32.0000	 32.0000	  0.0036	 -0.0003	     nan
 48.0000	 32.0000	  0.0220	 -0.0158	     nan
 64.0000	 32.0000	  0.0140	 -0.0131	     nan
 80.0000	 32.0000	 -0.0089	  0.0057	     nan
 96.0000	 32.0000	 -0.0173	  0.0153	     nan
112.0000	 32.0000	 -0.0170	  0.0165	     nan
128.0000	 32.0000	 -0.0001	  0.0005	     nan
144.0000	 32.0000	  0.0163	 -0.0089	     nan
160.0000	 32.0000	  0.0039	 -0.0045	     nan
176.0000	 32.0000	  0.0186	 -0.0183	     nan
192.0000	 32.0000	  0.0129	 -0.0068	     nan
208.0000	 32.0000	 -0.0337	  0.0339	     nan
224.0000	 32.0000	 -0.0379	  0.0041	     nan
240.0000	 32.0000	 -0.0138	  0.0127	     nan
256.0000	 32.0000	 -0.1686	  0.1621	     nan
272.0000	 32.0000	  0.2052	 -0.2262	     nan
288.0000	 32.0000	  0.4312	 -0.4944	     nan
304.0000	 32.0000	  0.9465	 -0.6962	     nan
320.0000	 32.0000	  1.1577	 -1.1608	     nan
336.0000	 32.0000	  1.6875	 -1.6751	     nan
352.0000	 32.0000	  2.2754	 -2.2647	     nan
368.0000	 32.0000	  2.7962	 -2.7912	     nan
384.0000	 32.0000	  3.2031	 -3.2079	     nan
400.0000	 32.0000	  3.5190	 -3.5956	     nan
416.0000	 32.0000	  3.7989	 -3.7741	     nan
432.0000	 32.0000	  4.0438	 -4.0596	     nan
448.0000	 32.0000	  4.2541	 -4.2333	     nan
464.0000	 32.0000	  4.3690	 -4.3828	     nan
480.0000	 32.0000	  4.3823	 -4.3594	     nan
496.0000	 32.0000	  4.8335	 -4.2398	     nan
 16.0000	 16.0000	  0.0078	 -0.0004	     nan
 32.0000	 16.0000	  0.0081	 -0.0008	     nan
 48.0000	 16.0000	  0.0129	 -0.0119	     nan
 64.0000	 16.0000	  0.0114	 -0.0120	     nan
 80.0000	 16.0000	 -0.0188	  0.0188	     nan
 96.0000	 16.0000	 -0.0139	  0.0137	     nan
112.0000	 16.0000	 -0.0095	  0.0039	     nan
128.0000	 16.0000	  0.0058	 -0.0046	     nan
144.0000	 16.0000	  0.0092	 -0.0018	     nan
160.0000	 16.0000	  0.0019	 -0.0026	     nan
176.0000	 16.0000	 -0.0047	  0.0055	     nan
192.0000	 16.0000	  0.0013	  0.0079	     nan
208.0000	 16.0000	 -0.0232	  0.0168	     nan
224.0000	 16.0000	 -0.0717	  0.0539	     nan
240.0000	 16.0000	 -0.0064	  0.0093	     nan
256.0000	 16.0000	 -0.1048	  0.1216	     nan
272.0000	 16.0000	  0.1518	 -0.1443	     nan
288.0000	 16.0000	  0.2667	 -0.0860	     nan
304.0000	 16.0000	  0.0893	 -0.0708	     nan
320.0000	 16.0000	  0.9925	 -1.1266	     nan
336.0000	 16.0000	  1.5750	 -1.6261	     nan
352.0000	 16.0000	  2.0842	 -1.9078	     nan
368.0000	 16.0000	  2.1305	 -1.9614	     nan
384.0000	 16.0000	  3.1381	 -3.0826	     nan
400.0000	 16.0000	  3.2776	 -3.2655	     nan
416.0000	 16.0000	  3.3959	 -3.6964	     nan
432.0000	 16.0000	  3.8489	 -4.0264	     nan
448.0000	 16.0000	  4.2965	 -4.2689	     nan
464.0000	 16.0000	  4.3894	 -4.4019	     nan
480.0000	 16.0000	  4.3243	 -4.2581	     nan
496.0000	 16.0000	  4.3872	 -4.3442	     nan
