 16.0000	496.0000	 -0.2008	 -0.0090	     nan
 32.0000	496.0000	 -0.2206	 -0.0091	     nan
 48.0000	496.0000	 -0.2599	 -0.0028	     nan
 64.0000	496.0000	 -0.1713	  0.0020	     nan
 80.0000	496.0000	  0.1085	  0.0068	     nan
 96.0000	496.0000	  0.2667	 -0.0051	     nan
112.0000	496.0000	  0.1917	 -0.0359	     nan
128.0000	496.0000	  0.1197	 -0.0244	     nan
144.0000	496.0000	  0.0212	 -0.0069	     nan
160.0000	496.0000	 -0.0930	  0.0074	     nan
176.0000	496.0000	 -0.1177	  0.0031	     nan
192.0000	496.0000	 -0.1328	 -0.0045	     nan
208.0000	496.0000	 -0.1443	 -0.0128	     nan
224.0000	496.0000	 -0.1814	 -0.0101	     nan
240.0000	496.0000	 -0.2100	 -0.0031	     nan
256.0000	496.0000	 -0.2347	 -0.0064	     nan
272.0000	496.0000	 -0.2326	 -0.0024	     nan
288.0000	496.0000	 -0.1693	 -0.0059	     nan
304.0000	496.0000	 -0.1071	 -0.0150	     nan
320.0000	496.0000	 -0.0865	 -0.0057	     nan
336.0000	496.0000	  0.0491	  0.0045	     nan
352.0000	496.0000	  0.1228	  0.0064	     nan
368.0000	496.0000	  0.1134	  0.0045	     nan
384.0000	496.0000	  0.1054	 -0.0043	     nan
400.0000	496.0000	 -0.0083	 -0.0103	     nan
416.0000	496.0000	 -0.1909	 -0.0058	     nan
432.0000	496.0000	 -0.2479	  0.0028	     nan
448.0000	496.0000	 -0.1858	  0.0049	     nan
464.0000	496.0000	 -0.1286	 -0.0008	     nan
480.0000	496.0000	 -0.0859	 -0.0252	     nan
496.0000	496.0000	 -0.0910	 -0.0401	     nan
 16.0000	480.0000	  0.0012	 -0.0086	     nan
 32.0000	480.0000	 -0.0152	 -0.0074	     nan
 48.0000	480.0000	 -0.0528	  0.0065	     nan
 64.0000	480.0000	  0.0512	  0.0216	     nan
 80.0000	480.0000	  0.4840	  0.0370	     nan
 96.0000	480.0000	  0.7122	  0.0139	     nan
112.0000	480.0000	  0.6118	 -0.0340	     nan
128.0000	480.0000	  0.4752	 -0.0340	     nan
144.0000	480.0000	  0.2778	 -0.0173	     nan
160.0000	480.0000	  0.0874	  0.0082	     nan
176.0000	480.0000	  0.0541	 -0.0014	     nan
192.0000	480.0000	  0.0463	 -0.0079	     nan
208.0000	480.0000	  0.0283	 -0.0162	     nan
224.0000	480.0000	 -0.0059	 -0.0126	     nan
240.0000	480.0000	 -0.0495	 -0.0029	     nan
256.0000	480.0000	 -0.0892	 -0.0082	     nan
272.0000	480.0000	 -0.0655	 -0.0055	     nan
288.0000	480.0000	  0.0148	 -0.0059	     nan
304.0000	480.0000	  0.1006	 -0.0129	     nan
320.0000	480.0000	  0.0968	 -0.0110	     nan
336.0000	480.0000	  0.2254	 -0.0045	     nan
352.0000	480.0000	  0.4540	  0.0042	     nan
368.0000	480.0000	  0.6226	  0.0077	     nan
384.0000	480.0000	  0.5444	 -0.0067	     nan
400.0000	480.0000	  0.3446	 -0.0191	     nan
416.0000	480.0000	  0.1100	 -0.0131	     nan
432.0000	480.0000	  0.0371	  0.0038	     nan
448.0000	480.0000	  0.0899	  0.0141	     nan
464.0000	480.0000	  0.1578	  0.0044	     nan
480.0000	480.0000	  0.2283	 -0.0176	     nan
496.0000	480.0000	  0.2216	 -0.0256	     nan
 16.0000	464.0000	  0.6991	 -0.0217	     nan
 32.0000	464.0000	  0.5053	 -0.0161	     nan
 48.0000	464.0000	  0.4061	  0.0045	     nan
 64.0000	464.0000	  0.3838	  0.0391	     nan
 80.0000	464.0000	  0.5817	  0.0460	     nan
 96.0000	464.0000	  0.8129	  0.0162	     nan
112.0000	464.0000	  0.9909	 -0.0255	     nan
128.0000	464.0000	  1.0312	 -0.0333	     nan
144.0000	464.0000	  0.8768	 -0.0315	     nan
160.0000	464.0000	  0.7131	 -0.0311	     nan
176.0000	464.0000	  0.7763	 -0.0307	     nan
192.0000	464.0000	  0.8562	 -0.0291	     nan
208.0000	464.0000	  0.8498	 -0.0334	     nan
224.0000	464.0000	  0.8454	 -0.0281	     nan
240.0000	464.0000	  0.7545	 -0.0004	     nan
256.0000	464.0000	  0.6334	 -0.0017	     nan
272.0000	464.0000	  0.6290	  0.0053	     nan
288.0000	464.0000	  0.6882	  0.0011	     nan
304.0000	464.0000	  0.8058	 -0.0109	     nan
320.0000	464.0000	  0.7656	 -0.0255	     nan
336.0000	464.0000	  0.7771	 -0.0247	     nan
352.0000	464.0000	  0.9857	 -0.0032	     nan
368.0000	464.0000	  1.2071	  0.0126	     nan
384.0000	464.0000	  1.2558	 -0.0179	     nan
400.0000	464.0000	  1.2065	 -0.0336	     nan
416.0000	464.0000	  1.0451	 -0.0226	     nan
432.0000	464.0000	  1.0088	  0.0019	     nan
448.0000	464.0000	  0.9965	  0.0150	     nan
464.0000	464.0000	  1.0122	  0.0021	     nan
480.0000	464.0000	  1.0433	 -0.0047	     nan
496.0000	464.0000	  1.0505	  0.0013	     nan
 16.0000	448.0000	  2.4848	 -0.0149	     nan
 32.0000	448.0000	  2.3343	 -0.0107	     nan
 48.0000	448.0000	  2.2732	  0.0053	     nan
 64.0000	448.0000	  2.2353	  0.0420	     nan
 80.0000	448.0000	  2.3041	  0.0301	     nan
 96.0000	448.0000	  2.5375	  0.0168	     nan
112.0000	448.0000	  2.6704	 -0.0019	     nan
128.0000	448.0000	  2.6274	 -0.0086	     nan
144.0000	448.0000	  2.5415	 -0.0087	     nan
160.0000	448.0000	  2.4664	 -0.0256	     nan
176.0000	448.0000	  2.5134	 -0.0397	     nan
192.0000	448.0000	  2.5754	 -0.0445	     nan
208.0000	448.0000	  2.6485	 -0.0445	     nan
224.0000	448.0000	  2.6871	 -0.0300	     nan
240.0000	448.0000	  2.6407	  0.0105	     nan
256.0000	448.0000	  2.5240	 -0.0315	     nan
272.0000	448.0000	  2.4509	 -0.0254	     nan
288.0000	448.0000	  2.4386	 -0.0094	     nan
304.0000	448.0000	  2.5006	  0.0005	     nan
320.0000	448.0000	  2.4221	 -0.0099	     nan
336.0000	448.0000	  2.3687	 -0.0125	     nan
352.0000	448.0000	  2.4688	  0.0019	     nan
368.0000	448.0000	  2.6138	  0.0221	     nan
384.0000	448.0000	  2.6877	 -0.0004	     nan
400.0000	448.0000	  2.6848	 -0.0103	     nan
416.0000	448.0000	  2.6143	 -0.0095	     nan
432.0000	448.0000	  2.6216	  0.0020	     nan
448.0000	448.0000	  2.6173	  0.0069	     nan
464.0000	448.0000	  2.6405	  0.0009	     nan
480.0000	448.0000	  2.6610	  0.0045	     nan
496.0000	448.0000	  2.6867	  0.0327	     nan
 16.0000	432.0000	  4.5905	  0.0151	     nan
 32.0000	432.0000	  4.5582	  0.0125	     nan
 48.0000	432.0000	  4.6312	  0.0111	     nan
 64.0000	432.0000	  4.8372	  0.0280	     nan
 80.0000	432.0000	  5.0631	  0.0041	     nan
 96.0000	432.0000	  5.2106	  0.0270	     nan
112.0000	432.0000	  5.0442	  0.0245	     nan
128.0000	432.0000	  4.7527	  0.0119	     nan
144.0000	432.0000	  4.6525	  0.0058	     nan
160.0000	432.0000	  4.6647	 -0.0180	     nan
176.0000	432.0000	  4.6432	 -0.0368	     nan
192.0000	432.0000	  4.6407	 -0.0432	     nan
208.0000	432.0000	  4.8076	 -0.0330	     nan
224.0000	432.0000	  4.9691	 -0.0297	     nan
240.0000	432.0000	  5.0308	 -0.0455	     nan
256.0000	432.0000	  5.0016	 -0.0860	     nan
272.0000	432.0000	  4.9062	 -0.0667	     nan
288.0000	432.0000	  4.7986	 -0.0242	     nan
304.0000	432.0000	  4.7461	  0.0038	     nan
320.0000	432.0000	  4.6131	  0.0004	     nan
336.0000	432.0000	  4.5188	 -0.0020	     nan
352.0000	432.0000	  4.5337	  0.0075	     nan
368.0000	432.0000	  4.6310	  0.0148	     nan
384.0000	432.0000	  4.6854	  0.0050	     nan
400.0000	432.0000	  4.6490	 -0.0078	     nan
416.0000	432.0000	  4.6497	 -0.0144	     nan
432.0000	432.0000	  4.6932	 -0.0126	     nan
448.0000	432.0000	  4.7030	 -0.0137	     nan
464.0000	432.0000	  4.7106	 -0.0225	     nan
480.0000	432.0000	  4.6863	 -0.0206	     nan
496.0000	432.0000	  4.7501	  0.0299	     nan
 16.0000	416.0000	  6.5951	  0.0379	     nan
 32.0000	416.0000	  6.5994	  0.0293	     nan
 48.0000	416.0000	  6.6990	  0.0072	     nan
 64.0000	416.0000	  7.0776	  0.0015	     nan
 80.0000	416.0000	  7.2693	 -0.0058	     nan
 96.0000	416.0000	  7.2145	  0.0197	     nan
112.0000	416.0000	  6.9011	  0.0218	     nan
128.0000	416.0000	  6.6342	  0.0091	     nan
144.0000	416.0000	  6.6304	  0.0057	     nan
160.0000	416.0000	  6.7374	 -0.0118	     nan
176.0000	416.0000	  6.6994	 -0.0281	     nan
192.0000	416.0000	  6.6219	 -0.0243	     nan
208.0000	416.0000	  6.7449	  0.0027	     nan
224.0000	416.0000	  6.8711	  0.0131	     nan
240.0000	416.0000	  6.8933	 -0.0135	     nan
256.0000	416.0000	  6.9708	 -0.0510	     nan
272.0000	416.0000	  7.0264	 -0.0477	     nan
288.0000	416.0000	  6.9211	 -0.0115	     nan
304.0000	416.0000	  6.8120	  0.0076	     nan
320.0000	416.0000	  6.6991	  0.0032	     nan
336.0000	416.0000	  6.6150	 -0.0000	     nan
352.0000	416.0000	  6.5908	  0.0044	     nan
368.0000	416.0000	  6.6193	  0.0058	     nan
384.0000	416.0000	  6.6568	  0.0025	     nan
400.0000	416.0000	  6.6771	 -0.0003	     nan
416.0000	416.0000	  6.7281	 -0.0031	     nan
432.0000	416.0000	  6.7789	 -0.0038	     nan
448.0000	416.0000	  6.7898	 -0.0070	     nan
464.0000	416.0000	  6.7706	 -0.0182	     nan
480.0000	416.0000	  6.6944	 -0.0280	     nan
496.0000	416.0000	  6.7065	 -0.0047	     nan
 16.0000	400.0000	  8.3201	  0.0405	     nan
 32.0000	400.0000	  8.3258	  0.0290	     nan
 48.0000	400.0000	  8.3761	  0.0026	     nan
 64.0000	400.0000	  8.7107	 -0.0046	     nan
 80.0000	400.0000	  8.8365	 -0.0193	     nan
 96.0000	400.0000	  8.6808	  0.0137	     nan
112.0000	400.0000	  8.4005	  0.0170	     nan
128.0000	400.0000	  8.2897	  0.0030	     nan
144.0000	400.0000	  8.3481	  0.0038	     nan
160.0000	400.0000	  8.4415	 -0.0081	     nan
176.0000	400.0000	  8.4285	 -0.0233	     nan
192.0000	400.0000	  8.3752	 -0.0172	     nan
208.0000	400.0000	  8.4157	  0.0121	     nan
224.0000	400.0000	  8.4359	  0.0297	     nan
240.0000	400.0000	  8.4740	  0.0303	     nan
256.0000	400.0000	  8.5830	  0.0164	     nan
272.0000	400.0000	  8.6156	  0.0056	     nan
288.0000	400.0000	  8.5333	  0.0153	     nan
304.0000	400.0000	  8.4714	  0.0196	     nan
320.0000	400.0000	  8.4277	  0.0099	     nan
336.0000	400.0000	  8.3917	  0.0044	     nan
352.0000	400.0000	  8.4017	  0.0054	     nan
368.0000	400.0000	  8.4294	  0.0040	     nan
384.0000	400.0000	  8.4461	  0.0062	     nan
400.0000	400.0000	  8.4353	  0.0172	     nan
416.0000	400.0000	  8.4515	  0.0200	     nan
432.0000	400.0000	  8.4808	  0.0138	     nan
448.0000	400.0000	  8.5034	  0.0095	     nan
464.0000	400.0000	  8.5184	  0.0042	     nan
480.0000	400.0000	  8.4645	  0.0022	     nan
496.0000	400.0000	  8.4966	  0.0200	     nan
 16.0000	384.0000	  9.8274	  0.0187	     nan
 32.0000	384.0000	  9.8153	  0.0103	     nan
 48.0000	384.0000	  9.7717	 -0.0003	     nan
 64.0000	384.0000	  9.9590	  0.0047	     nan
 80.0000	384.0000	 10.1305	  0.0079	     nan
 96.0000	384.0000	  9.9998	  0.0124	     nan
112.0000	384.0000	  9.8172	  0.0098	     nan
128.0000	384.0000	  9.8009	  0.0047	     nan
144.0000	384.0000	  9.8460	  0.0021	     nan
160.0000	384.0000	  9.8927	 -0.0055	     nan
176.0000	384.0000	  9.8859	 -0.0181	     nan
192.0000	384.0000	  9.8745	 -0.0165	     nan
208.0000	384.0000	  9.8832	  0.0070	     nan
224.0000	384.0000	  9.8828	  0.0287	     nan
240.0000	384.0000	  9.9531	  0.0455	     nan
256.0000	384.0000	 10.0219	  0.0617	     nan
272.0000	384.0000	  9.9808	  0.0611	     nan
288.0000	384.0000	  9.8788	  0.0416	     nan
304.0000	384.0000	  9.8438	  0.0277	     nan
320.0000	384.0000	  9.8849	  0.0146	     nan
336.0000	384.0000	  9.8956	  0.0081	     nan
352.0000	384.0000	  9.9225	  0.0077	     nan
368.0000	384.0000	  9.9619	  0.0074	     nan
384.0000	384.0000	  9.9703	  0.0165	     nan
400.0000	384.0000	  9.9203	  0.0426	     nan
416.0000	384.0000	  9.9050	  0.0403	     nan
432.0000	384.0000	  9.9242	  0.0137	     nan
448.0000	384.0000	  9.9567	  0.0046	     nan
464.0000	384.0000	 10.0003	  0.0111	     nan
480.0000	384.0000	 10.0099	  0.0224	     nan
496.0000	384.0000	 10.1058	  0.0354	     nan
 16.0000	368.0000	 11.1863	  0.0084	     nan
 32.0000	368.0000	 11.1811	  0.0025	     nan
 48.0000	368.0000	 11.1118	 -0.0005	     nan
 64.0000	368.0000	 11.1765	  0.0049	     nan
 80.0000	368.0000	 11.3052	  0.0115	     nan
 96.0000	368.0000	 11.2726	  0.0158	     nan
112.0000	368.0000	 11.1880	  0.0070	     nan
128.0000	368.0000	 11.2041	  0.0045	     nan
144.0000	368.0000	 11.2076	  0.0026	     nan
160.0000	368.0000	 11.1967	 -0.0016	     nan
176.0000	368.0000	 11.1682	 -0.0104	     nan
192.0000	368.0000	 11.1586	 -0.0111	     nan
208.0000	368.0000	 11.1686	  0.0031	     nan
224.0000	368.0000	 11.1764	  0.0227	     nan
240.0000	368.0000	 11.2126	  0.0458	     nan
256.0000	368.0000	 11.2521	  0.0726	     nan
272.0000	368.0000	 11.2294	  0.0734	     nan
288.0000	368.0000	 11.1890	  0.0409	     nan
304.0000	368.0000	 11.1703	  0.0226	     nan
320.0000	368.0000	 11.1899	  0.0113	     nan
336.0000	368.0000	 11.1947	  0.0075	     nan
352.0000	368.0000	 11.2163	  0.0095	     nan
368.0000	368.0000	 11.2706	  0.0125	     nan
384.0000	368.0000	 11.2903	  0.0221	     nan
400.0000	368.0000	 11.2400	  0.0471	     nan
416.0000	368.0000	 11.2155	  0.0382	     nan
432.0000	368.0000	 11.2089	  0.0081	     nan
448.0000	368.0000	 11.2337	 -0.0004	     nan
464.0000	368.0000	 11.2836	  0.0067	     nan
480.0000	368.0000	 11.3497	  0.0182	     nan
496.0000	368.0000	 11.4682	  0.0282	     nan
 16.0000	352.0000	 12.3300	  0.0055	     nan
 32.0000	352.0000	 12.3342	  0.0028	     nan
 48.0000	352.0000	 12.3011	  0.0014	     nan
 64.0000	352.0000	 12.3501	  0.0030	     nan
 80.0000	352.0000	 12.4334	  0.0065	     nan
 96.0000	352.0000	 12.4336	  0.0105	     nan
112.0000	352.0000	 12.3963	  0.0073	     nan
128.0000	352.0000	 12.3948	  0.0042	     nan
144.0000	352.0000	 12.3817	  0.0043	     nan
160.0000	352.0000	 12.3400	  0.0014	     nan
176.0000	352.0000	 12.2925	 -0.0037	     nan
192.0000	352.0000	 12.2823	 -0.0034	     nan
208.0000	352.0000	 12.3161	  0.0035	     nan
224.0000	352.0000	 12.3609	  0.0146	     nan
240.0000	352.0000	 12.3634	  0.0303	     nan
256.0000	352.0000	 12.3772	  0.0434	     nan
272.0000	352.0000	 12.3728	  0.0363	     nan
288.0000	352.0000	 12.3244	  0.0166	     nan
304.0000	352.0000	 12.2965	  0.0065	     nan
320.0000	352.0000	 12.3144	  0.0023	     nan
336.0000	352.0000	 12.3245	  0.0023	     nan
352.0000	352.0000	 12.3338	  0.0065	     nan
368.0000	352.0000	 12.3862	  0.0105	     nan
384.0000	352.0000	 12.4050	  0.0133	     nan
400.0000	352.0000	 12.3988	  0.0215	     nan
416.0000	352.0000	 12.3800	  0.0170	     nan
432.0000	352.0000	 12.3489	  0.0005	     nan
448.0000	352.0000	 12.3414	 -0.0056	     nan
464.0000	352.0000	 12.3640	 -0.0055	     nan
480.0000	352.0000	 12.4479	 -0.0003	     nan
496.0000	352.0000	 12.5157	  0.0008	     nan
 16.0000	336.0000	 13.2792	 -0.0018	     nan
 32.0000	336.0000	 13.2860	 -0.0013	     nan
 48.0000	336.0000	 13.2952	  0.0001	     nan
 64.0000	336.0000	 13.3323	 -0.0007	     nan
 80.0000	336.0000	 13.3673	 -0.0049	     nan
 96.0000	336.0000	 13.3668	 -0.0067	     nan
112.0000	336.0000	 13.3471	 -0.0038	     nan
128.0000	336.0000	 13.3285	  0.0002	     nan
144.0000	336.0000	 13.3249	  0.0013	     nan
160.0000	336.0000	 13.3028	 -0.0018	     nan
176.0000	336.0000	 13.2788	 -0.0028	     nan
192.0000	336.0000	 13.2836	 -0.0012	     nan
208.0000	336.0000	 13.3172	  0.0012	     nan
224.0000	336.0000	 13.3482	  0.0040	     nan
240.0000	336.0000	 13.3287	  0.0070	     nan
256.0000	336.0000	 13.3220	  0.0109	     nan
272.0000	336.0000	 13.3126	  0.0078	     nan
288.0000	336.0000	 13.2623	 -0.0007	     nan
304.0000	336.0000	 13.2318	 -0.0038	     nan
320.0000	336.0000	 13.2560	 -0.0034	     nan
336.0000	336.0000	 13.2827	 -0.0011	     nan
352.0000	336.0000	 13.3093	  0.0018	     nan
368.0000	336.0000	 13.3321	  0.0042	     nan
384.0000	336.0000	 13.3183	  0.0036	     nan
400.0000	336.0000	 13.3081	  0.0051	     nan
416.0000	336.0000	 13.3035	  0.0037	     nan
432.0000	336.0000	 13.2885	 -0.0075	     nan
448.0000	336.0000	 13.2403	 -0.0180	     nan
464.0000	336.0000	 13.2285	 -0.0237	     nan
480.0000	336.0000	 13.3092	 -0.0183	     nan
496.0000	336.0000	 13.3530	 -0.0168	     nan
 16.0000	320.0000	 14.0835	 -0.0043	     nan
 32.0000	320.0000	 14.0747	 -0.0019	     nan
 48.0000	320.0000	 14.0939	  0.0008	     nan
 64.0000	320.0000	 14.1130	 -0.0023	     nan
 80.0000	320.0000	 14.1183	 -0.0094	     nan
 96.0000	320.0000	 14.1045	 -0.0110	     nan
112.0000	320.0000	 14.0768	 -0.0057	     nan
128.0000	320.0000	 14.0535	 -0.0013	     nan
144.0000	320.0000	 14.0655	 -0.0007	     nan
160.0000	320.0000	 14.0814	 -0.0030	     nan
176.0000	320.0000	 14.0895	 -0.0024	     nan
192.0000	320.0000	 14.0977	 -0.0017	     nan
208.0000	320.0000	 14.1117	 -0.0020	     nan
224.0000	320.0000	 14.1253	 -0.0018	     nan
240.0000	320.0000	 14.0978	 -0.0038	     nan
256.0000	320.0000	 14.0794	 -0.0035	     nan
272.0000	320.0000	 14.0688	 -0.0018	     nan
288.0000	320.0000	 14.0382	 -0.0033	     nan
304.0000	320.0000	 14.0303	 -0.0075	     nan
320.0000	320.0000	 14.0570	 -0.0052	     nan
336.0000	320.0000	 14.0637	 -0.0016	     nan
352.0000	320.0000	 14.0854	 -0.0022	     nan
368.0000	320.0000	 14.0834	 -0.0046	     nan
384.0000	320.0000	 14.0576	 -0.0074	     nan
400.0000	320.0000	 14.0417	 -0.0045	     nan
416.0000	320.0000	 14.0467	 -0.0001	     nan
432.0000	320.0000	 14.0501	 -0.0061	     nan
448.0000	320.0000	 13.9929	 -0.0228	     nan
464.0000	320.0000	 13.9682	 -0.0376	     nan
480.0000	320.0000	 14.0137	 -0.0276	     nan
496.0000	320.0000	 14.0418	 -0.0187	     nan
 16.0000	304.0000	 14.7032	  0.0022	     nan
 32.0000	304.0000	 14.6892	  0.0030	     nan
 48.0000	304.0000	 14.7196	  0.0026	     nan
 64.0000	304.0000	 14.7352	 -0.0021	     nan
 80.0000	304.0000	 14.7259	 -0.0062	     nan
 96.0000	304.0000	 14.7031	 -0.0063	     nan
112.0000	304.0000	 14.6808	 -0.0023	     nan
128.0000	304.0000	 14.6644	 -0.0003	     nan
144.0000	304.0000	 14.6769	  0.0004	     nan
160.0000	304.0000	 14.6981	 -0.0006	     nan
176.0000	304.0000	 14.7093	  0.0002	     nan
192.0000	304.0000	 14.7171	 -0.0005	     nan
208.0000	304.0000	 14.7227	 -0.0016	     nan
224.0000	304.0000	 14.7302	 -0.0012	     nan
240.0000	304.0000	 14.7138	 -0.0024	     nan
256.0000	304.0000	 14.6958	 -0.0033	     nan
272.0000	304.0000	 14.6833	 -0.0029	     nan
288.0000	304.0000	 14.6711	 -0.0026	     nan
304.0000	304.0000	 14.6823	 -0.0051	     nan
320.0000	304.0000	 14.7117	 -0.0021	     nan
336.0000	304.0000	 14.6994	  0.0001	     nan
352.0000	304.0000	 14.7126	 -0.0035	     nan
368.0000	304.0000	 14.7064	 -0.0084	     nan
384.0000	304.0000	 14.6806	 -0.0123	     nan
400.0000	304.0000	 14.6547	 -0.0081	     nan
416.0000	304.0000	 14.6495	 -0.0013	     nan
432.0000	304.0000	 14.6558	 -0.0014	     nan
448.0000	304.0000	 14.6150	 -0.0136	     nan
464.0000	304.0000	 14.6000	 -0.0290	     nan
480.0000	304.0000	 14.6379	 -0.0224	     nan
496.0000	304.0000	 14.6540	 -0.0122	     nan
 16.0000	288.0000	 15.1476	  0.0046	     nan
 32.0000	288.0000	 15.1420	  0.0045	     nan
 48.0000	288.0000	 15.1684	  0.0016	     nan
 64.0000	288.0000	 15.1743	 -0.0031	     nan
 80.0000	288.0000	 15.1548	 -0.0066	     nan
 96.0000	288.0000	 15.1392	 -0.0053	     nan
112.0000	288.0000	 15.1292	 -0.0016	     nan
128.0000	288.0000	 15.1265	 -0.0001	     nan
144.0000	288.0000	 15.1357	  0.0014	     nan
160.0000	288.0000	 15.1470	  0.0023	     nan
176.0000	288.0000	 15.1570	  0.0032	     nan
192.0000	288.0000	 15.1498	  0.0017	     nan
208.0000	288.0000	 15.1470	  0.0007	     nan
224.0000	288.0000	 15.1566	  0.0013	     nan
240.0000	288.0000	 15.1564	  0.0001	     nan
256.0000	288.0000	 15.1463	 -0.0030	     nan
272.0000	288.0000	 15.1357	 -0.0060	     nan
288.0000	288.0000	 15.1330	 -0.0058	     nan
304.0000	288.0000	 15.1324	 -0.0026	     nan
320.0000	288.0000	 15.1538	  0.0020	     nan
336.0000	288.0000	 15.1590	  0.0012	     nan
352.0000	288.0000	 15.1586	 -0.0044	     nan
368.0000	288.0000	 15.1577	 -0.0071	     nan
384.0000	288.0000	 15.1428	 -0.0082	     nan
400.0000	288.0000	 15.1245	 -0.0059	     nan
416.0000	288.0000	 15.1159	 -0.0032	     nan
432.0000	288.0000	 15.1156	 -0.0024	     nan
448.0000	288.0000	 15.0944	 -0.0051	     nan
464.0000	288.0000	 15.0984	 -0.0112	     nan
480.0000	288.0000	 15.1359	 -0.0080	     nan
496.0000	288.0000	 15.1437	  0.0001	     nan
 16.0000	272.0000	 15.4099	  0.0061	     nan
 32.0000	272.0000	 15.4092	  0.0054	     nan
 48.0000	272.0000	 15.4192	  0.0003	     nan
 64.0000	272.0000	 15.4162	 -0.0058	     nan
 80.0000	272.0000	 15.4024	 -0.0096	     nan
 96.0000	272.0000	 15.3965	 -0.0067	     nan
112.0000	272.0000	 15.3959	 -0.0018	     nan
128.0000	272.0000	 15.4020	  0.0006	     nan
144.0000	272.0000	 15.4083	  0.0015	     nan
160.0000	272.0000	 15.4158	  0.0019	     nan
176.0000	272.0000	 15.4213	  0.0029	     nan
192.0000	272.0000	 15.4083	  0.0031	     nan
208.0000	272.0000	 15.3964	  0.0040	     nan
224.0000	272.0000	 15.4020	  0.0058	     nan
240.0000	272.0000	 15.4070	  0.0038	     nan
256.0000	272.0000	 15.4127	 -0.0025	     nan
272.0000	272.0000	 15.4090	 -0.0101	     nan
288.0000	272.0000	 15.4043	 -0.0128	     nan
304.0000	272.0000	 15.3982	 -0.0063	     nan
320.0000	272.0000	 15.4160	  0.0008	     nan
336.0000	272.0000	 15.4215	  0.0003	     nan
352.0000	272.0000	 15.4122	 -0.0041	     nan
368.0000	272.0000	 15.4060	 -0.0031	     nan
384.0000	272.0000	 15.4119	 -0.0040	     nan
400.0000	272.0000	 15.4138	 -0.0038	     nan
416.0000	272.0000	 15.4179	 -0.0012	     nan
432.0000	272.0000	 15.4249	 -0.0001	     nan
448.0000	272.0000	 15.4080	 -0.0007	     nan
464.0000	272.0000	 15.4128	 -0.0023	     nan
480.0000	272.0000	 15.4419	  0.0043	     nan
496.0000	272.0000	 15.4613	  0.0195	     nan
 16.0000	256.0000	 15.4870	  0.0038	     nan
 32.0000	256.0000	 15.4833	  0.0024	     nan
 48.0000	256.0000	 15.4795	 -0.0029	     nan
 64.0000	256.0000	 15.4791	 -0.0099	     nan
 80.0000	256.0000	 15.4791	 -0.0130	     nan
 96.0000	256.0000	 15.4832	 -0.0073	     nan
112.0000	256.0000	 15.4891	 -0.0016	     nan
128.0000	256.0000	 15.5015	  0.0015	     nan
144.0000	256.0000	 15.5067	  0.0003	     nan
160.0000	256.0000	 15.5120	 -0.0014	     nan
176.0000	256.0000	 15.5133	  0.0004	     nan
192.0000	256.0000	 15.4958	  0.0023	     nan
208.0000	256.0000	 15.4761	  0.0044	     nan
224.0000	256.0000	 15.4698	  0.0071	     nan
240.0000	256.0000	 15.4728	  0.0062	     nan
256.0000	256.0000	 15.4914	  0.0011	     nan
272.0000	256.0000	 15.4973	 -0.0076	     nan
288.0000	256.0000	 15.4919	 -0.0135	     nan
304.0000	256.0000	 15.4818	 -0.0098	     nan
320.0000	256.0000	 15.4878	 -0.0034	     nan
336.0000	256.0000	 15.4922	 -0.0026	     nan
352.0000	256.0000	 15.4875	 -0.0039	     nan
368.0000	256.0000	 15.4872	 -0.0019	     nan
384.0000	256.0000	 15.4958	 -0.0017	     nan
400.0000	256.0000	 15.5024	 -0.0014	     nan
416.0000	256.0000	 15.5106	  0.0009	     nan
432.0000	256.0000	 15.5190	  0.0009	     nan
448.0000	256.0000	 15.5107	  0.0001	     nan
464.0000	256.0000	 15.5156	  0.0029	     nan
480.0000	256.0000	 15.5419	  0.0216	     nan
496.0000	256.0000	 15.5877	  0.0575	     nan
 16.0000	240.0000	 15.3898	  0.0020	     nan
 32.0000	240.0000	 15.3885	  0.0014	     nan
 48.0000	240.0000	 15.3793	 -0.0033	     nan
 64.0000	240.0000	 15.3768	 -0.0090	     nan
 80.0000	240.0000	 15.3847	 -0.0107	     nan
 96.0000	240.0000	 15.3988	 -0.0068	     nan
112.0000	240.0000	 15.4110	 -0.0031	     nan
128.0000	240.0000	 15.4213	 -0.0005	     nan
144.0000	240.0000	 15.4237	 -0.0035	     nan
160.0000	240.0000	 15.4252	 -0.0043	     nan
176.0000	240.0000	 15.4241	 -0.0002	     nan
192.0000	240.0000	 15.4155	  0.0001	     nan
208.0000	240.0000	 15.3903	 -0.0013	     nan
224.0000	240.0000	 15.3835	  0.0008	     nan
240.0000	240.0000	 15.3793	  0.0042	     nan
256.0000	240.0000	 15.3902	  0.0058	     nan
272.0000	240.0000	 15.4025	  0.0005	     nan
288.0000	240.0000	 15.3996	 -0.0082	     nan
304.0000	240.0000	 15.3862	 -0.0098	     nan
320.0000	240.0000	 15.3841	 -0.0045	     nan
336.0000	240.0000	 15.3897	 -0.0027	     nan
352.0000	240.0000	 15.3907	 -0.0019	     nan
368.0000	240.0000	 15.4013	 -0.0003	     nan
384.0000	240.0000	 15.4129	 -0.0022	     nan
400.0000	240.0000	 15.4144	 -0.0041	     nan
416.0000	240.0000	 15.4095	 -0.0023	     nan
432.0000	240.0000	 15.4124	 -0.0000	     nan
448.0000	240.0000	 15.4152	  0.0009	     nan
464.0000	240.0000	 15.4222	  0.0052	     nan
480.0000	240.0000	 15.4307	  0.0232	     nan
496.0000	240.0000	 15.4605	  0.0598	     nan
 16.0000	224.0000	 15.1264	  0.0025	     nan
 32.0000	224.0000	 15.1316	  0.0018	     nan
 48.0000	224.0000	 15.1256	 -0.0028	     nan
 64.0000	224.0000	 15.1157	 -0.0076	     nan
 80.0000	224.0000	 15.1233	 -0.0102	     nan
 96.0000	224.0000	 15.1396	 -0.0085	     nan
112.0000	224.0000	 15.1518	 -0.0051	     nan
128.0000	224.0000	 15.1540	 -0.0028	     nan
144.0000	224.0000	 15.1454	 -0.0041	     nan
160.0000	224.0000	 15.1357	 -0.0011	     nan
176.0000	224.0000	 15.1329	  0.0029	     nan
192.0000	224.0000	 15.1319	  0.0006	     nan
208.0000	224.0000	 15.1177	 -0.0029	     nan
224.0000	224.0000	 15.1163	 -0.0014	     nan
240.0000	224.0000	 15.1119	  0.0051	     nan
256.0000	224.0000	 15.1114	  0.0107	     nan
272.0000	224.0000	 15.1239	  0.0062	     nan
288.0000	224.0000	 15.1197	 -0.0052	     nan
304.0000	224.0000	 15.1017	 -0.0091	     nan
320.0000	224.0000	 15.1038	 -0.0023	     nan
336.0000	224.0000	 15.1143	  0.0004	     nan
352.0000	224.0000	 15.1158	  0.0007	     nan
368.0000	224.0000	 15.1260	  0.0000	     nan
384.0000	224.0000	 15.1355	 -0.0059	     nan
400.0000	224.0000	 15.1321	 -0.0073	     nan
416.0000	224.0000	 15.1209	 -0.0006	     nan
432.0000	224.0000	 15.1290	  0.0040	     nan
448.0000	224.0000	 15.1434	  0.0025	     nan
464.0000	224.0000	 15.1463	  0.0040	     nan
480.0000	224.0000	 15.1321	  0.0048	     nan
496.0000	224.0000	 15.1158	  0.0086	     nan
 16.0000	208.0000	 14.7103	 -0.0018	     nan
 32.0000	208.0000	 14.7178	 -0.0042	     nan
 48.0000	208.0000	 14.7273	 -0.0085	     nan
 64.0000	208.0000	 14.7218	 -0.0132	     nan
 80.0000	208.0000	 14.7282	 -0.0159	     nan
 96.0000	208.0000	 14.7212	 -0.0118	     nan
112.0000	208.0000	 14.7150	 -0.0066	     nan
128.0000	208.0000	 14.7117	 -0.0037	     nan
144.0000	208.0000	 14.6836	 -0.0008	     nan
160.0000	208.0000	 14.6554	  0.0050	     nan
176.0000	208.0000	 14.6481	  0.0055	     nan
192.0000	208.0000	 14.6527	  0.0015	     nan
208.0000	208.0000	 14.6449	  0.0004	     nan
224.0000	208.0000	 14.6519	  0.0030	     nan
240.0000	208.0000	 14.6537	  0.0090	     nan
256.0000	208.0000	 14.6445	  0.0142	     nan
272.0000	208.0000	 14.6393	  0.0109	     nan
288.0000	208.0000	 14.6376	 -0.0006	     nan
304.0000	208.0000	 14.6292	 -0.0046	     nan
320.0000	208.0000	 14.6396	  0.0006	     nan
336.0000	208.0000	 14.6538	  0.0020	     nan
352.0000	208.0000	 14.6576	 -0.0006	     nan
368.0000	208.0000	 14.6673	 -0.0023	     nan
384.0000	208.0000	 14.6821	 -0.0058	     nan
400.0000	208.0000	 14.6839	 -0.0049	     nan
416.0000	208.0000	 14.6718	  0.0019	     nan
432.0000	208.0000	 14.6899	  0.0035	     nan
448.0000	208.0000	 14.7205	 -0.0019	     nan
464.0000	208.0000	 14.7126	 -0.0063	     nan
480.0000	208.0000	 14.6787	 -0.0187	     nan
496.0000	208.0000	 14.6348	 -0.0301	     nan
 16.0000	192.0000	 14.1183	 -0.0089	     nan
 32.0000	192.0000	 14.1349	 -0.0131	     nan
 48.0000	192.0000	 14.1631	 -0.0148	     nan
 64.0000	192.0000	 14.1697	 -0.0131	     nan
 80.0000	192.0000	 14.1620	 -0.0116	     nan
 96.0000	192.0000	 14.1343	 -0.0088	     nan
112.0000	192.0000	 14.1128	 -0.0038	     nan
128.0000	192.0000	 14.0941	  0.0006	     nan
144.0000	192.0000	 14.0508	  0.0021	     nan
160.0000	192.0000	 14.0170	  0.0023	     nan
176.0000	192.0000	 14.0179	 -0.0010	     nan
192.0000	192.0000	 14.0289	 -0.0036	     nan
208.0000	192.0000	 14.0212	 -0.0014	     nan
224.0000	192.0000	 14.0313	  0.0024	     nan
240.0000	192.0000	 14.0294	  0.0105	     nan
256.0000	192.0000	 14.0210	  0.0154	     nan
272.0000	192.0000	 14.0101	  0.0121	     nan
288.0000	192.0000	 14.0096	  0.0036	     nan
304.0000	192.0000	 14.0127	 -0.0002	     nan
320.0000	192.0000	 14.0274	  0.0012	     nan
336.0000	192.0000	 14.0402	  0.0021	     nan
352.0000	192.0000	 14.0497	 -0.0004	     nan
368.0000	192.0000	 14.0657	 -0.0021	     nan
384.0000	192.0000	 14.0920	 -0.0030	     nan
400.0000	192.0000	 14.1125	 -0.0018	     nan
416.0000	192.0000	 14.1141	  0.0016	     nan
432.0000	192.0000	 14.1291	 -0.0011	     nan
448.0000	192.0000	 14.1567	 -0.0094	     nan
464.0000	192.0000	 14.1302	 -0.0188	     nan
480.0000	192.0000	 14.0975	 -0.0390	     nan
496.0000	192.0000	 14.0945	 -0.0678	     nan
 16.0000	176.0000	 13.3204	 -0.0119	     nan
 32.0000	176.0000	 13.3391	 -0.0177	     nan
 48.0000	176.0000	 13.3809	 -0.0164	     nan
 64.0000	176.0000	 13.4001	 -0.0065	     nan
 80.0000	176.0000	 13.3882	 -0.0002	     nan
 96.0000	176.0000	 13.3492	 -0.0011	     nan
112.0000	176.0000	 13.3211	  0.0022	     nan
128.0000	176.0000	 13.3041	  0.0044	     nan
144.0000	176.0000	 13.2791	  0.0012	     nan
160.0000	176.0000	 13.2635	 -0.0033	     nan
176.0000	176.0000	 13.2693	 -0.0095	     nan
192.0000	176.0000	 13.2814	 -0.0139	     nan
208.0000	176.0000	 13.2869	 -0.0114	     nan
224.0000	176.0000	 13.3054	 -0.0040	     nan
240.0000	176.0000	 13.2877	  0.0054	     nan
256.0000	176.0000	 13.2584	  0.0088	     nan
272.0000	176.0000	 13.2493	  0.0045	     nan
288.0000	176.0000	 13.2392	  0.0016	     nan
304.0000	176.0000	 13.2557	  0.0015	     nan
320.0000	176.0000	 13.2811	  0.0040	     nan
336.0000	176.0000	 13.2918	  0.0071	     nan
352.0000	176.0000	 13.3090	  0.0056	     nan
368.0000	176.0000	 13.3399	  0.0023	     nan
384.0000	176.0000	 13.3815	 -0.0007	     nan
400.0000	176.0000	 13.4052	 -0.0049	     nan
416.0000	176.0000	 13.4141	 -0.0055	     nan
432.0000	176.0000	 13.3982	 -0.0072	     nan
448.0000	176.0000	 13.4013	 -0.0135	     nan
464.0000	176.0000	 13.3580	 -0.0217	     nan
480.0000	176.0000	 13.3322	 -0.0304	     nan
496.0000	176.0000	 13.3600	 -0.0342	     nan
 16.0000	160.0000	 12.3526	 -0.0087	     nan
 32.0000	160.0000	 12.3585	 -0.0144	     nan
 48.0000	160.0000	 12.3992	 -0.0147	     nan
 64.0000	160.0000	 12.4105	 -0.0084	     nan
 80.0000	160.0000	 12.4006	 -0.0053	     nan
 96.0000	160.0000	 12.3756	 -0.0019	     nan
112.0000	160.0000	 12.3597	  0.0048	     nan
128.0000	160.0000	 12.3493	  0.0046	     nan
144.0000	160.0000	 12.3485	 -0.0034	     nan
160.0000	160.0000	 12.3554	 -0.0102	     nan
176.0000	160.0000	 12.3700	 -0.0165	     nan
192.0000	160.0000	 12.3763	 -0.0211	     nan
208.0000	160.0000	 12.3964	 -0.0189	     nan
224.0000	160.0000	 12.4067	 -0.0105	     nan
240.0000	160.0000	 12.3894	 -0.0043	     nan
256.0000	160.0000	 12.3555	 -0.0039	     nan
272.0000	160.0000	 12.3297	 -0.0075	     nan
288.0000	160.0000	 12.3003	 -0.0053	     nan
304.0000	160.0000	 12.3168	 -0.0004	     nan
320.0000	160.0000	 12.3503	  0.0054	     nan
336.0000	160.0000	 12.3638	  0.0112	     nan
352.0000	160.0000	 12.3817	  0.0111	     nan
368.0000	160.0000	 12.4214	  0.0050	     nan
384.0000	160.0000	 12.4735	 -0.0027	     nan
400.0000	160.0000	 12.4673	 -0.0131	     nan
416.0000	160.0000	 12.4617	 -0.0197	     nan
432.0000	160.0000	 12.4106	 -0.0176	     nan
448.0000	160.0000	 12.4085	 -0.0167	     nan
464.0000	160.0000	 12.3916	 -0.0134	     nan
480.0000	160.0000	 12.4223	 -0.0135	     nan
496.0000	160.0000	 12.5230	 -0.0128	     nan
 16.0000	144.0000	 11.2466	 -0.0023	     nan
 32.0000	144.0000	 11.2491	 -0.0060	     nan
 48.0000	144.0000	 11.2602	 -0.0094	     nan
 64.0000	144.0000	 11.2616	 -0.0127	     nan
 80.0000	144.0000	 11.2551	 -0.0129	     nan
 96.0000	144.0000	 11.2524	 -0.0110	     nan
112.0000	144.0000	 11.2511	 -0.0021	     nan
128.0000	144.0000	 11.2352	 -0.0002	     nan
144.0000	144.0000	 11.2381	 -0.0077	     nan
160.0000	144.0000	 11.2599	 -0.0136	     nan
176.0000	144.0000	 11.2878	 -0.0175	     nan
192.0000	144.0000	 11.2792	 -0.0204	     nan
208.0000	144.0000	 11.2756	 -0.0188	     nan
224.0000	144.0000	 11.2516	 -0.0149	     nan
240.0000	144.0000	 11.2409	 -0.0141	     nan
256.0000	144.0000	 11.2171	 -0.0144	     nan
272.0000	144.0000	 11.1836	 -0.0135	     nan
288.0000	144.0000	 11.1477	 -0.0111	     nan
304.0000	144.0000	 11.1629	 -0.0046	     nan
320.0000	144.0000	 11.1965	  0.0045	     nan
336.0000	144.0000	 11.2122	  0.0101	     nan
352.0000	144.0000	 11.2277	  0.0112	     nan
368.0000	144.0000	 11.2874	  0.0013	     nan
384.0000	144.0000	 11.3427	 -0.0150	     nan
400.0000	144.0000	 11.3013	 -0.0266	     nan
416.0000	144.0000	 11.2768	 -0.0325	     nan
432.0000	144.0000	 11.2169	 -0.0261	     nan
448.0000	144.0000	 11.2220	 -0.0163	     nan
464.0000	144.0000	 11.2635	 -0.0031	     nan
480.0000	144.0000	 11.3290	 -0.0045	     nan
496.0000	144.0000	 11.4483	 -0.0116	     nan
 16.0000	128.0000	  9.9955	  0.0055	     nan
 32.0000	128.0000	  9.9923	  0.0024	     nan
 48.0000	128.0000	  9.9718	 -0.0080	     nan
 64.0000	128.0000	  9.9631	 -0.0251	     nan
 80.0000	128.0000	  9.9428	 -0.0268	     nan
 96.0000	128.0000	  9.9380	 -0.0250	     nan
112.0000	128.0000	  9.9396	 -0.0163	     nan
128.0000	128.0000	  9.9316	 -0.0095	     nan
144.0000	128.0000	  9.9397	 -0.0109	     nan
160.0000	128.0000	  9.9578	 -0.0128	     nan
176.0000	128.0000	  9.9953	 -0.0107	     nan
192.0000	128.0000	  9.9862	 -0.0067	     nan
208.0000	128.0000	  9.9641	 -0.0090	     nan
224.0000	128.0000	  9.9352	 -0.0136	     nan
240.0000	128.0000	  9.9273	 -0.0181	     nan
256.0000	128.0000	  9.9251	 -0.0190	     nan
272.0000	128.0000	  9.9164	 -0.0113	     nan
288.0000	128.0000	  9.9175	 -0.0097	     nan
304.0000	128.0000	  9.9307	 -0.0048	     nan
320.0000	128.0000	  9.9450	  0.0058	     nan
336.0000	128.0000	  9.9444	  0.0084	     nan
352.0000	128.0000	  9.9235	  0.0051	     nan
368.0000	128.0000	  9.9611	 -0.0081	     nan
384.0000	128.0000	 10.0045	 -0.0236	     nan
400.0000	128.0000	  9.9605	 -0.0310	     nan
416.0000	128.0000	  9.9396	 -0.0284	     nan
432.0000	128.0000	  9.8611	 -0.0188	     nan
448.0000	128.0000	  9.8881	 -0.0137	     nan
464.0000	128.0000	 10.0140	 -0.0049	     nan
480.0000	128.0000	 10.0330	 -0.0169	     nan
496.0000	128.0000	 10.0622	 -0.0330	     nan
 16.0000	112.0000	  8.4756	  0.0221	     nan
 32.0000	112.0000	  8.4555	  0.0188	     nan
 48.0000	112.0000	  8.4742	 -0.0040	     nan
 64.0000	112.0000	  8.5015	 -0.0356	     nan
 80.0000	112.0000	  8.4508	 -0.0303	     nan
 96.0000	112.0000	  8.3932	 -0.0242	     nan
112.0000	112.0000	  8.3747	 -0.0204	     nan
128.0000	112.0000	  8.4029	 -0.0174	     nan
144.0000	112.0000	  8.4306	 -0.0158	     nan
160.0000	112.0000	  8.4417	 -0.0108	     nan
176.0000	112.0000	  8.4703	  0.0029	     nan
192.0000	112.0000	  8.4827	  0.0130	     nan
208.0000	112.0000	  8.4777	  0.0053	     nan
224.0000	112.0000	  8.4907	 -0.0107	     nan
240.0000	112.0000	  8.4833	 -0.0191	     nan
256.0000	112.0000	  8.4976	 -0.0193	     nan
272.0000	112.0000	  8.5244	 -0.0058	     nan
288.0000	112.0000	  8.5901	 -0.0065	     nan
304.0000	112.0000	  8.5713	  0.0024	     nan
320.0000	112.0000	  8.5925	  0.0191	     nan
336.0000	112.0000	  8.5507	  0.0107	     nan
352.0000	112.0000	  8.4659	 -0.0025	     nan
368.0000	112.0000	  8.4486	 -0.0175	     nan
384.0000	112.0000	  8.4805	 -0.0223	     nan
400.0000	112.0000	  8.4676	 -0.0084	     nan
416.0000	112.0000	  8.4967	  0.0176	     nan
432.0000	112.0000	  8.4486	  0.0286	     nan
448.0000	112.0000	  8.4987	  0.0090	     nan
464.0000	112.0000	  8.6082	 -0.0120	     nan
480.0000	112.0000	  8.5488	 -0.0283	     nan
496.0000	112.0000	  8.5241	 -0.0460	     nan
 16.0000	 96.0000	  6.8027	  0.0154	     nan
 32.0000	 96.0000	  6.7696	  0.0076	     nan
 48.0000	 96.0000	  6.7668	 -0.0115	     nan
 64.0000	 96.0000	  6.7628	 -0.0324	     nan
 80.0000	 96.0000	  6.7263	 -0.0152	     nan
 96.0000	 96.0000	  6.6007	 -0.0065	     nan
112.0000	 96.0000	  6.5497	 -0.0076	     nan
128.0000	 96.0000	  6.6184	 -0.0159	     nan
144.0000	 96.0000	  6.6685	 -0.0164	     nan
160.0000	 96.0000	  6.6630	 -0.0076	     nan
176.0000	 96.0000	  6.6612	  0.0095	     nan
192.0000	 96.0000	  6.7084	  0.0233	     nan
208.0000	 96.0000	  6.7601	  0.0249	     nan
224.0000	 96.0000	  6.7909	  0.0094	     nan
240.0000	 96.0000	  6.7721	 -0.0117	     nan
256.0000	 96.0000	  6.7706	 -0.0191	     nan
272.0000	 96.0000	  6.8346	 -0.0087	     nan
288.0000	 96.0000	  6.9760	 -0.0076	     nan
304.0000	 96.0000	  7.0208	  0.0087	     nan
320.0000	 96.0000	  7.1025	  0.0343	     nan
336.0000	 96.0000	  6.8736	  0.0188	     nan
352.0000	 96.0000	  6.6456	 -0.0080	     nan
368.0000	 96.0000	  6.6213	 -0.0171	     nan
384.0000	 96.0000	  6.6980	 -0.0115	     nan
400.0000	 96.0000	  6.7570	  0.0141	     nan
416.0000	 96.0000	  6.8115	  0.0491	     nan
432.0000	 96.0000	  6.7969	  0.0685	     nan
448.0000	 96.0000	  6.8024	  0.0362	     nan
464.0000	 96.0000	  6.8236	  0.0057	     nan
480.0000	 96.0000	  6.7438	 -0.0214	     nan
496.0000	 96.0000	  6.7162	 -0.0508	     nan
 16.0000	 80.0000	  4.8376	 -0.0055	     nan
 32.0000	 80.0000	  4.7646	 -0.0106	     nan
 48.0000	 80.0000	  4.6960	 -0.0159	     nan
 64.0000	 80.0000	  4.6712	 -0.0154	     nan
 80.0000	 80.0000	  4.7180	  0.0013	     nan
 96.0000	 80.0000	  4.6599	  0.0019	     nan
112.0000	 80.0000	  4.5875	  0.0051	     nan
128.0000	 80.0000	  4.6267	 -0.0109	     nan
144.0000	 80.0000	  4.6167	 -0.0101	     nan
160.0000	 80.0000	  4.6226	 -0.0043	     nan
176.0000	 80.0000	  4.6613	 -0.0054	     nan
192.0000	 80.0000	  4.7266	 -0.0028	     nan
208.0000	 80.0000	  4.7436	  0.0207	     nan
224.0000	 80.0000	  4.7101	  0.0221	     nan
240.0000	 80.0000	  4.7118	 -0.0036	     nan
256.0000	 80.0000	  4.7123	 -0.0208	     nan
272.0000	 80.0000	  4.6827	 -0.0119	     nan
288.0000	 80.0000	  4.8019	 -0.0098	     nan
304.0000	 80.0000	  4.9086	 -0.0022	     nan
320.0000	 80.0000	  4.8670	  0.0147	     nan
336.0000	 80.0000	  4.5918	  0.0050	     nan
352.0000	 80.0000	  4.3573	 -0.0133	     nan
368.0000	 80.0000	  4.3945	 -0.0097	     nan
384.0000	 80.0000	  4.5900	 -0.0059	     nan
400.0000	 80.0000	  4.7948	  0.0114	     nan
416.0000	 80.0000	  4.8567	  0.0452	     nan
432.0000	 80.0000	  4.7946	  0.0494	     nan
448.0000	 80.0000	  4.6379	  0.0187	     nan
464.0000	 80.0000	  4.5691	  0.0048	     nan
480.0000	 80.0000	  4.6182	  0.0033	     nan
496.0000	 80.0000	  4.6154	  0.0081	     nan
 16.0000	 64.0000	  2.7414	 -0.0121	     nan
 32.0000	 64.0000	  2.6681	 -0.0199	     nan
 48.0000	 64.0000	  2.6147	 -0.0079	     nan
 64.0000	 64.0000	  2.6300	  0.0091	     nan
 80.0000	 64.0000	  2.6895	  0.0233	     nan
 96.0000	 64.0000	  2.6312	  0.0234	     nan
112.0000	 64.0000	  2.5100	  0.0149	     nan
128.0000	 64.0000	  2.4938	 -0.0027	     nan
144.0000	 64.0000	  2.5473	  0.0017	     nan
160.0000	 64.0000	  2.5571	  0.0032	     nan
176.0000	 64.0000	  2.6287	 -0.0109	     nan
192.0000	 64.0000	  2.6913	 -0.0167	     nan
208.0000	 64.0000	  2.6400	  0.0068	     nan
224.0000	 64.0000	  2.5104	  0.0284	     nan
240.0000	 64.0000	  2.4908	  0.0170	     nan
256.0000	 64.0000	  2.4639	 -0.0043	     nan
272.0000	 64.0000	  2.3556	 -0.0020	     nan
288.0000	 64.0000	  2.3604	 -0.0039	     nan
304.0000	 64.0000	  2.5036	 -0.0122	     nan
320.0000	 64.0000	  2.5084	 -0.0119	     nan
336.0000	 64.0000	  2.5018	 -0.0138	     nan
352.0000	 64.0000	  2.4024	 -0.0087	     nan
368.0000	 64.0000	  2.3339	  0.0031	     nan
384.0000	 64.0000	  2.4700	  0.0054	     nan
400.0000	 64.0000	  2.6952	 -0.0028	     nan
416.0000	 64.0000	  2.7046	 -0.0011	     nan
432.0000	 64.0000	  2.5395	 -0.0007	     nan
448.0000	 64.0000	  2.2896	 -0.0107	     nan
464.0000	 64.0000	  2.2365	  0.0021	     nan
480.0000	 64.0000	  2.4989	  0.0277	     nan
496.0000	 64.0000	  2.5116	  0.0740	     nan
 16.0000	 48.0000	  1.0150	 -0.0051	     nan
 32.0000	 48.0000	  0.9380	 -0.0126	     nan
 48.0000	 48.0000	  0.9074	  0.0133	     nan
 64.0000	 48.0000	  1.0360	  0.0313	     nan
 80.0000	 48.0000	  1.1393	  0.0422	     nan
 96.0000	 48.0000	  1.0622	  0.0383	     nan
112.0000	 48.0000	  0.9012	  0.0145	     nan
128.0000	 48.0000	  0.8131	 -0.0007	     nan
144.0000	 48.0000	  0.8269	  0.0021	     nan
160.0000	 48.0000	  0.8829	  0.0095	     nan
176.0000	 48.0000	  1.0584	  0.0138	     nan
192.0000	 48.0000	  1.1785	  0.0260	     nan
208.0000	 48.0000	  1.0562	  0.0444	     nan
224.0000	 48.0000	  0.8021	  0.0443	     nan
240.0000	 48.0000	  0.7611	  0.0268	     nan
256.0000	 48.0000	  0.7960	  0.0068	     nan
272.0000	 48.0000	  0.6956	 -0.0027	     nan
288.0000	 48.0000	  0.6663	 -0.0029	     nan
304.0000	 48.0000	  0.7851	  0.0042	     nan
320.0000	 48.0000	  0.7463	 -0.0034	     nan
336.0000	 48.0000	  0.8138	  0.0003	     nan
352.0000	 48.0000	  0.8361	  0.0090	     nan
368.0000	 48.0000	  0.7412	  0.0227	     nan
384.0000	 48.0000	  0.8464	  0.0395	     nan
400.0000	 48.0000	  1.0314	  0.0128	     nan
416.0000	 48.0000	  0.9801	  0.0159	     nan
432.0000	 48.0000	  0.7860	  0.0419	     nan
448.0000	 48.0000	  0.5751	  0.0377	     nan
464.0000	 48.0000	  0.6282	  0.0172	     nan
480.0000	 48.0000	  0.9903	  0.0472	     nan
496.0000	 48.0000	  1.0151	  0.0902	     nan
 16.0000	 32.0000	 -0.0123	 -0.0015	     nan
 32.0000	 32.0000	 -0.1122	 -0.0070	     nan
 48.0000	 32.0000	 -0.0336	  0.0076	     nan
 64.0000	 32.0000	  0.1907	  0.0167	     nan
 80.0000	 32.0000	  0.3468	  0.0105	     nan
 96.0000	 32.0000	  0.3525	  0.0199	     nan
112.0000	 32.0000	  0.1681	  0.0029	     nan
128.0000	 32.0000	  0.1380	 -0.0059	     nan
144.0000	 32.0000	  0.0805	 -0.0121	     nan
160.0000	 32.0000	  0.1597	 -0.0049	     nan
176.0000	 32.0000	  0.4174	  0.0221	     nan
192.0000	 32.0000	  0.5127	  0.0431	     nan
208.0000	 32.0000	  0.4509	  0.0517	     nan
224.0000	 32.0000	  0.2501	  0.0379	     nan
240.0000	 32.0000	  0.1276	  0.0216	     nan
256.0000	 32.0000	  0.0777	  0.0131	     nan
272.0000	 32.0000	  0.1443	  0.0024	     nan
288.0000	 32.0000	  0.2263	  0.0107	     nan
304.0000	 32.0000	  0.2023	  0.0280	     nan
320.0000	 32.0000	  0.2016	  0.0184	     nan
336.0000	 32.0000	  0.1770	  0.0116	     nan
352.0000	 32.0000	  0.1562	  0.0107	     nan
368.0000	 32.0000	  0.1069	  0.0240	     nan
384.0000	 32.0000	  0.1077	  0.0323	     nan
400.0000	 32.0000	  0.1861	  0.0232	     nan
416.0000	 32.0000	  0.1814	  0.0263	     nan
432.0000	 32.0000	  0.0860	  0.0236	     nan
448.0000	 32.0000	  0.0954	  0.0200	     nan
464.0000	 32.0000	  0.2520	  0.0195	     nan
480.0000	 32.0000	  0.4045	  0.0309	     nan
496.0000	 32.0000	  0.3006	  0.0481	     nan
 16.0000	 16.0000	 -0.2657	  0.0136	     nan
 32.0000	 16.0000	 -0.3264	  0.0110	     nan
 48.0000	 16.0000	 -0.2747	  0.0093	     nan
 64.0000	 16.0000	 -0.0714	  0.0118	     nan
 80.0000	 16.0000	  0.0305	  0.0028	     nan
 96.0000	 16.0000	  0.0453	  0.0037	     nan
112.0000	 16.0000	 -0.1470	 -0.0003	     nan
128.0000	 16.0000	 -0.1088	  0.0134	     nan
144.0000	 16.0000	 -0.1558	  0.0048	     nan
160.0000	 16.0000	 -0.0644	  0.0034	     nan
176.0000	 16.0000	  0.2161	  0.0282	     nan
192.0000	 16.0000	  0.1615	  0.0391	     nan
208.0000	 16.0000	  0.0664	  0.0407	     nan
224.0000	 16.0000	 -0.0695	  0.0239	     nan
240.0000	 16.0000	 -0.1261	  0.0175	     nan
256.0000	 16.0000	 -0.1809	  0.0180	     nan
272.0000	 16.0000	 -0.1877	  0.0105	     nan
288.0000	 16.0000	 -0.0744	  0.0086	     nan
304.0000	 16.0000	 -0.0742	  0.0106	     nan
320.0000	 16.0000	 -0.0493	 -0.0017	     nan
336.0000	 16.0000	 -0.0927	 -0.0039	     nan
352.0000	 16.0000	 -0.1289	  0.0072	     nan
368.0000	 16.0000	 -0.1122	  0.0181	     nan
384.0000	 16.0000	 -0.0896	  0.0207	     nan
400.0000	 16.0000	 -0.0615	  0.0239	     nan
416.0000	 16.0000	 -0.0700	  0.0194	     nan
432.0000	 16.0000	 -0.1843	  0.0062	     nan
448.0000	 16.0000	 -0.1450	  0.0050	     nan
464.0000	 16.0000	 -0.0413	  0.0113	     nan
480.0000	 16.0000	  0.0443	  0.0236	     nan
496.0000	 16.0000	 -0.0297	  0.0302	     nan
