 32.0000	 32.0000	  4.3107	 -4.3624	  4.0902
 64.0000	 32.0000	  4.2411	 -4.2991	  3.5165
 96.0000	 32.0000	  3.7723	 -3.7618	  3.3152
128.0000	 32.0000	  2.9627	 -2.9361	  2.8703
160.0000	 32.0000	  2.2564	 -2.2687	  2.7873
192.0000	 32.0000	  0.9922	 -1.0850	  3.7281
224.0000	 32.0000	  0.2729	 -0.2545	  4.1253
256.0000	 32.0000	  0.0414	 -0.0482	  4.8832
288.0000	 32.0000	  0.0201	 -0.0002	  3.2904
320.0000	 32.0000	  0.0544	 -0.0369	  2.6282
352.0000	 32.0000	  0.0242	 -0.0204	  4.9835
384.0000	 32.0000	 -0.0218	 -0.0000	  5.3178
416.0000	 32.0000	 -0.0511	 -0.0005	  5.5261
448.0000	 32.0000	  0.0293	 -0.0006	  3.7992
480.0000	 32.0000	  0.0000	 -0.0000	  3.7660
 32.0000	 64.0000	  4.1773	 -4.2003	  5.3448
 64.0000	 64.0000	  4.3019	 -4.3207	  4.1239
 96.0000	 64.0000	  4.1507	 -4.1038	  2.6273
128.0000	 64.0000	  3.8041	 -3.7766	  4.4907
160.0000	 64.0000	  3.2030	 -3.2141	  2.9896
192.0000	 64.0000	  1.6782	 -1.7069	  2.7136
224.0000	 64.0000	  0.8392	 -0.7459	  3.4862
256.0000	 64.0000	  0.0715	 -0.0716	  3.2535
288.0000	 64.0000	  0.0282	  0.0334	  4.7583
320.0000	 64.0000	  0.0792	  0.0553	  4.2930
352.0000	 64.0000	 -0.0849	  0.0511	  2.9298
384.0000	 64.0000	 -0.0809	  0.0158	  3.7068
416.0000	 64.0000	  0.0000	 -0.0028	  4.2758
448.0000	 64.0000	  0.0022	 -0.0023	  4.5587
480.0000	 64.0000	 -0.0000	 -0.0014	  3.4950
 32.0000	 96.0000	  3.7776	 -3.7243	  4.0852
 64.0000	 96.0000	  4.0397	 -4.0583	  3.0240
 96.0000	 96.0000	  4.2525	 -4.2538	  2.6764
128.0000	 96.0000	  4.1053	 -4.0962	  2.5458
160.0000	 96.0000	  3.9368	 -3.9106	  3.1906
192.0000	 96.0000	  3.3967	 -3.3090	  1.4865
224.0000	 96.0000	  2.1381	 -2.0740	  2.5406
256.0000	 96.0000	  1.7892	 -1.7881	  2.2387
288.0000	 96.0000	  0.2909	 -0.3109	  3.4933
320.0000	 96.0000	  0.1023	 -0.0551	  4.4621
352.0000	 96.0000	 -0.0347	 -0.0172	  5.3241
384.0000	 96.0000	 -0.1106	 -0.0217	  3.3145
416.0000	 96.0000	  0.0025	 -0.0457	  4.7539
448.0000	 96.0000	  0.0127	 -0.0414	  5.6070
480.0000	 96.0000	 -0.0053	 -0.0036	  3.8316
 32.0000	128.0000	  3.3285	 -3.2540	  3.1621
 64.0000	128.0000	  3.8426	 -3.8563	  3.7925
 96.0000	128.0000	  4.0385	 -4.0485	  3.9812
128.0000	128.0000	  4.2345	 -4.2422	  2.3001
160.0000	128.0000	  4.0764	 -4.0665	  2.4846
192.0000	128.0000	  3.6911	 -3.6104	  2.9851
224.0000	128.0000	  3.1115	 -3.1281	  3.2496
256.0000	128.0000	  2.2360	 -2.1786	  2.3965
288.0000	128.0000	  0.9952	 -1.0281	  2.4653
320.0000	128.0000	  0.2260	 -0.2053	  4.0812
352.0000	128.0000	  0.0457	 -0.0594	  5.3140
384.0000	128.0000	 -0.0755	 -0.0007	  3.6074
416.0000	128.0000	  0.0574	  0.0024	  4.1180
448.0000	128.0000	  0.0248	  0.0018	  3.7733
480.0000	128.0000	 -0.0715	  0.0010	  3.5103
 32.0000	160.0000	  2.0082	 -2.0251	  4.4405
 64.0000	160.0000	  3.0186	 -3.0222	  3.7201
 96.0000	160.0000	  3.7935	 -3.8058	  3.8502
128.0000	160.0000	  4.0168	 -4.0305	  2.6850
160.0000	160.0000	  4.3636	 -4.3776	  2.2729
192.0000	160.0000	  4.1695	 -4.0727	  4.5134
224.0000	160.0000	  3.8462	 -3.7886	  4.0134
256.0000	160.0000	  3.1290	 -3.0836	  2.0108
288.0000	160.0000	  2.2998	 -2.3068	  2.1318
320.0000	160.0000	  0.9308	 -0.8511	  2.7994
352.0000	160.0000	  0.1570	 -0.1194	  3.8727
384.0000	160.0000	  0.0288	  0.0171	  3.7226
416.0000	160.0000	  0.0837	  0.0629	  3.1206
448.0000	160.0000	  0.0122	  0.0622	  3.4645
480.0000	160.0000	 -0.0588	 -0.0340	  4.2085
 32.0000	192.0000	  1.1333	 -1.1315	  2.7631
 64.0000	192.0000	  2.2678	 -2.2649	  2.8528
 96.0000	192.0000	  3.5090	 -3.5791	  2.6143
128.0000	192.0000	  3.6637	 -3.7494	  2.6637
160.0000	192.0000	  4.2888	 -4.3651	  2.6621
192.0000	192.0000	  4.3292	 -4.3545	  4.0683
224.0000	192.0000	  4.1687	 -4.1572	  3.3772
256.0000	192.0000	  3.6664	 -3.5877	  2.0852
288.0000	192.0000	  3.0872	 -3.1006	  4.7067
320.0000	192.0000	  2.7992	 -2.8765	  3.4604
352.0000	192.0000	  0.3508	 -0.3070	  2.9268
384.0000	192.0000	  0.1920	 -0.1600	  3.8654
416.0000	192.0000	  0.0690	 -0.0587	  4.1943
448.0000	192.0000	  0.0324	  0.0013	  3.8578
480.0000	192.0000	 -0.0087	  0.0021	  4.8205
 32.0000	224.0000	  0.1573	 -0.1298	  3.6907
 64.0000	224.0000	  0.7711	 -0.8610	  2.3945
 96.0000	224.0000	  2.2131	 -2.2563	  3.2051
128.0000	224.0000	  2.8741	 -2.8747	  4.1115
160.0000	224.0000	  3.7164	 -3.7135	  3.6078
192.0000	224.0000	  4.1095	 -4.1236	  4.0020
224.0000	224.0000	  4.2611	 -4.2917	  3.9686
256.0000	224.0000	  4.1672	 -4.1534	  3.3478
288.0000	224.0000	  3.7993	 -3.7432	  3.4029
320.0000	224.0000	  3.3161	 -3.3241	  2.9711
352.0000	224.0000	  2.0641	 -2.0039	  2.4534
384.0000	224.0000	  0.9506	 -1.1021	  3.2177
416.0000	224.0000	  0.1994	 -0.1564	  3.9557
448.0000	224.0000	  0.0792	 -0.1084	  3.0773
480.0000	224.0000	 -0.0104	 -0.0286	  4.9942
 32.0000	256.0000	  0.0790	 -0.0008	  4.5868
 64.0000	256.0000	  0.1104	 -0.0812	  3.8023
 96.0000	256.0000	  1.9105	 -1.9253	  3.2296
128.0000	256.0000	  2.3713	 -2.3479	  2.7015
160.0000	256.0000	  3.5938	 -3.5452	  2.7617
192.0000	256.0000	  3.8546	 -3.8656	  4.1643
224.0000	256.0000	  4.1621	 -4.1502	  4.2919
256.0000	256.0000	  4.3024	 -4.3284	  4.1981
288.0000	256.0000	  4.1469	 -4.1900	  3.5819
320.0000	256.0000	  3.6588	 -3.6881	  3.4404
352.0000	256.0000	  3.4617	 -3.2315	  3.0485
384.0000	256.0000	  2.0531	 -1.9363	  2.4658
416.0000	256.0000	  0.8936	 -0.8456	  1.2600
448.0000	256.0000	  0.0905	 -0.0954	  2.0489
480.0000	256.0000	 -0.0092	  0.0002	  3.9816
 32.0000	288.0000	  0.0532	  0.0235	  6.1140
 64.0000	288.0000	  0.0012	  0.0213	  4.7339
 96.0000	288.0000	  0.1355	 -0.1913	  4.2379
128.0000	288.0000	  0.9021	 -0.8932	  2.7839
160.0000	288.0000	  2.3488	 -2.1795	  1.9363
192.0000	288.0000	  3.1245	 -3.1003	  3.6406
224.0000	288.0000	  3.4112	 -3.4253	  3.3952
256.0000	288.0000	  4.2307	 -4.2455	  3.2732
288.0000	288.0000	  4.3725	 -4.3402	  3.8703
320.0000	288.0000	  3.9880	 -4.0325	  4.7531
352.0000	288.0000	  3.7356	 -3.8202	  3.9459
384.0000	288.0000	  3.1932	 -3.1874	  2.9876
416.0000	288.0000	  3.0898	 -3.0968	  2.9797
448.0000	288.0000	  0.1111	  0.0925	  1.6981
480.0000	288.0000	  0.0343	  0.0711	  4.0921
 32.0000	320.0000	  0.0602	  0.0008	  3.8473
 64.0000	320.0000	  0.0001	 -0.0005	  3.3547
 96.0000	320.0000	 -0.0010	 -0.0289	  3.8425
128.0000	320.0000	  0.2061	 -0.2093	  2.3073
160.0000	320.0000	  1.1514	 -1.1513	  2.4037
192.0000	320.0000	  2.4201	 -2.3678	  3.8087
224.0000	320.0000	  2.9134	 -2.9414	  4.7243
256.0000	320.0000	  3.6517	 -3.6857	  3.2647
288.0000	320.0000	  4.2773	 -4.2212	  2.9392
320.0000	320.0000	  4.2409	 -4.2267	  3.9715
352.0000	320.0000	  3.9891	 -4.0881	  3.0051
384.0000	320.0000	  3.6550	 -3.6480	  4.5754
416.0000	320.0000	  3.5344	 -3.5536	  3.6270
448.0000	320.0000	-70.3338	-18.4056	  1.4297
480.0000	320.0000	  0.8738	 -1.0152	  2.4624
 32.0000	352.0000	  0.1896	 -0.0000	  1.9776
 64.0000	352.0000	  0.0434	  0.0001	  4.0100
 96.0000	352.0000	 -0.0539	  0.0001	  4.3186
128.0000	352.0000	 -0.0349	 -0.0000	  4.7484
160.0000	352.0000	  0.2043	 -0.1983	  4.9911
192.0000	352.0000	  1.8578	 -1.7507	  2.7714
224.0000	352.0000	  2.4511	 -2.4447	  3.1700
256.0000	352.0000	  3.0133	 -3.0995	  3.0746
288.0000	352.0000	  3.8077	 -3.8118	  3.7099
320.0000	352.0000	  3.8666	 -3.8682	  3.3536
352.0000	352.0000	  4.2469	 -4.2690	  2.4224
384.0000	352.0000	  4.0387	 -4.0295	  5.1527
416.0000	352.0000	  3.8886	 -3.8971	  3.4059
448.0000	352.0000	  2.8115	 -2.9258	  1.3074
480.0000	352.0000	  1.9139	 -1.9797	  3.3566
 32.0000	384.0000	  0.1078	 -0.1791	  2.7987
 64.0000	384.0000	  0.0350	 -0.0681	  4.5600
 96.0000	384.0000	 -0.0281	 -0.0002	  4.5993
128.0000	384.0000	 -0.0227	 -0.0000	  4.7722
160.0000	384.0000	  0.0044	 -0.0051	  3.5934
192.0000	384.0000	  0.0562	 -0.2600	  3.4190
224.0000	384.0000	  1.1157	 -1.2432	  4.0814
256.0000	384.0000	  1.6875	 -1.6619	  3.6592
288.0000	384.0000	  3.5625	 -3.5405	  3.5552
320.0000	384.0000	  3.7111	 -3.6696	  4.6250
352.0000	384.0000	  4.0455	 -3.9942	  4.5815
384.0000	384.0000	  4.2381	 -4.2577	  3.8808
416.0000	384.0000	  4.3018	 -4.2905	  3.1494
448.0000	384.0000	  3.9245	 -3.8967	  2.8490
480.0000	384.0000	  3.1729	 -3.1731	  2.2061
 32.0000	416.0000	  0.0684	  0.0000	  2.7924
 64.0000	416.0000	  0.0001	 -0.0016	  3.9280
 96.0000	416.0000	 -0.0333	 -0.0121	  3.9232
128.0000	416.0000	  0.0198	 -0.0122	  3.6426
160.0000	416.0000	  0.0000	 -0.0000	  2.8794
192.0000	416.0000	 -0.0053	 -0.0419	  3.8648
224.0000	416.0000	  0.2328	 -0.2913	  4.3688
256.0000	416.0000	  0.9071	 -0.9389	  3.5155
288.0000	416.0000	  2.7793	 -2.8139	  2.5423
320.0000	416.0000	  3.2053	 -3.2370	  3.4408
352.0000	416.0000	  3.8156	 -3.8071	  2.9636
384.0000	416.0000	  4.1493	 -4.2198	  3.2253
416.0000	416.0000	  4.3642	 -4.3694	  3.2684
448.0000	416.0000	  4.2043	 -4.2217	  3.7281
480.0000	416.0000	  3.9833	 -3.9864	  2.7578
 32.0000	448.0000	  0.0001	  0.0963	  3.6374
 64.0000	448.0000	  0.0113	  0.0960	  3.1622
 96.0000	448.0000	  0.0087	 -0.0086	  4.9556
128.0000	448.0000	  0.0085	 -0.0209	  3.5854
160.0000	448.0000	 -0.0137	 -0.0205	  3.2609
192.0000	448.0000	 -0.0145	  0.1308	  3.8548
224.0000	448.0000	  0.0272	  0.0962	  6.4432
256.0000	448.0000	  0.2199	 -0.1580	  3.9436
288.0000	448.0000	  1.3936	 -1.1680	  2.7097
320.0000	448.0000	  2.3802	 -2.2852	  2.6849
352.0000	448.0000	  3.1638	 -3.1445	  2.4728
384.0000	448.0000	  3.6819	 -3.6497	  3.0980
416.0000	448.0000	  4.1222	 -4.1553	  3.4645
448.0000	448.0000	  4.2277	 -4.3080	  3.2790
480.0000	448.0000	  4.2242	 -4.2309	  3.3092
 32.0000	480.0000	  0.0094	  0.0016	  3.3317
 64.0000	480.0000	 -0.1311	  0.0043	  2.3901
 96.0000	480.0000	  0.0067	  0.0187	  3.9204
128.0000	480.0000	 -0.0078	  0.0154	  4.4855
160.0000	480.0000	 -0.0082	  0.0031	  3.4757
192.0000	480.0000	 -0.0001	  0.0269	  6.0647
224.0000	480.0000	  0.0031	  0.0328	  5.3997
256.0000	480.0000	  0.0595	 -0.0529	  5.6822
288.0000	480.0000	  0.2105	 -0.1770	  4.4835
320.0000	480.0000	  1.0999	 -0.8264	  3.1579
352.0000	480.0000	  2.2959	 -2.1210	  2.4046
384.0000	480.0000	  3.2278	 -3.1833	  3.9262
416.0000	480.0000	  4.0242	 -3.9114	  3.8362
448.0000	480.0000	  4.0958	 -4.0699	  4.8686
480.0000	480.0000	  4.1258	 -4.2160	  3.6636
