 32.0000	 32.0000	  4.3404	 -4.2389	  4.9048
 64.0000	 32.0000	  4.1047	 -3.9789	  4.2461
 96.0000	 32.0000	  3.6149	 -3.6360	  3.8661
128.0000	 32.0000	  3.3483	 -3.3663	  4.3961
160.0000	 32.0000	  3.1373	 -3.0827	  1.8616
192.0000	 32.0000	  0.8569	 -0.8294	  2.7256
224.0000	 32.0000	  0.3813	 -0.3688	  2.4930
256.0000	 32.0000	  0.1046	 -0.0497	  4.3758
288.0000	 32.0000	 -0.0018	 -0.0011	  4.1930
320.0000	 32.0000	 -0.0578	 -0.0014	  3.0511
352.0000	 32.0000	 -0.0003	 -0.0005	  4.1821
384.0000	 32.0000	 -0.0001	 -0.0067	  6.5422
416.0000	 32.0000	  0.0003	 -0.0125	  3.3153
448.0000	 32.0000	  0.0382	 -0.0081	  3.7432
480.0000	 32.0000	  0.0000	 -0.0064	  5.3675
 32.0000	 64.0000	  4.1631	 -4.1909	  5.3676
 64.0000	 64.0000	  4.2881	 -4.2732	  4.0762
 96.0000	 64.0000	  4.0256	 -4.2266	  2.3106
128.0000	 64.0000	  3.7838	 -3.8851	  3.2144
160.0000	 64.0000	  3.4332	 -3.3528	  3.3041
192.0000	 64.0000	  2.6763	 -2.6930	  2.2549
224.0000	 64.0000	  1.0690	 -1.0901	  2.3848
256.0000	 64.0000	  0.1997	 -0.1413	  4.5679
288.0000	 64.0000	  0.0457	 -0.0455	  5.5651
320.0000	 64.0000	 -0.0362	 -0.0058	  4.7374
352.0000	 64.0000	 -0.0093	  0.0166	  3.7436
384.0000	 64.0000	  0.0050	 -0.0199	  4.8527
416.0000	 64.0000	 -0.0082	 -0.0237	  3.5434
448.0000	 64.0000	 -0.0026	 -0.0216	  3.6828
480.0000	 64.0000	 -0.0001	 -0.0232	  3.5945
 32.0000	 96.0000	  3.9527	 -3.9212	  4.9233
 64.0000	 96.0000	  4.1755	 -4.1739	  5.5095
 96.0000	 96.0000	  4.2618	 -4.3042	  3.8994
128.0000	 96.0000	  4.1968	 -4.2494	  3.5715
160.0000	 96.0000	  3.8360	 -3.8629	  4.2325
192.0000	 96.0000	  2.8709	 -2.8925	  2.7272
224.0000	 96.0000	  2.0350	 -2.2007	  2.3947
256.0000	 96.0000	  0.9139	 -0.8627	  2.9709
288.0000	 96.0000	  0.2098	 -0.1816	  4.3182
320.0000	 96.0000	  0.0264	 -0.0116	  5.6501
352.0000	 96.0000	 -0.0143	  0.0019	  2.4744
384.0000	 96.0000	 -0.0435	  0.0075	  4.8530
416.0000	 96.0000	 -0.0049	  0.0052	  7.0124
448.0000	 96.0000	  0.0699	 -0.0134	  3.8158
480.0000	 96.0000	 -0.0002	 -0.0145	  3.6343
 32.0000	128.0000	  3.3692	 -3.3012	  4.8283
 64.0000	128.0000	  3.9773	 -3.9108	  5.2607
 96.0000	128.0000	  4.1548	 -4.1090	  3.7512
128.0000	128.0000	  4.1418	 -4.1542	  3.5307
160.0000	128.0000	  4.1924	 -4.1708	  3.7387
192.0000	128.0000	  3.8971	 -4.0868	  3.3160
224.0000	128.0000	  3.6172	 -3.7584	  2.3426
256.0000	128.0000	  2.6208	 -2.6152	  3.1164
288.0000	128.0000	  1.1377	 -1.0972	  2.0874
320.0000	128.0000	  0.1474	 -0.1191	  4.3327
352.0000	128.0000	  0.0050	 -0.0271	  2.4457
384.0000	128.0000	 -0.0518	  0.0246	  4.4477
416.0000	128.0000	  0.0070	  0.0150	  5.5400
448.0000	128.0000	  0.0455	  0.0120	  5.4519
480.0000	128.0000	 -0.0108	  0.0143	  4.7090
 32.0000	160.0000	  2.7219	 -2.7354	  3.1267
 64.0000	160.0000	  3.3188	 -3.2993	  2.8859
 96.0000	160.0000	  3.7723	 -3.7688	  2.5339
128.0000	160.0000	  3.9915	 -4.0293	  3.1943
160.0000	160.0000	  4.3085	 -4.2632	  3.2744
192.0000	160.0000	  4.0835	 -4.1293	  4.8933
224.0000	160.0000	  3.7656	 -3.7531	  4.6657
256.0000	160.0000	  3.1584	 -3.2069	  4.2313
288.0000	160.0000	  2.9172	 -2.9169	  2.4997
320.0000	160.0000	  0.3673	 -0.3736	  2.6476
352.0000	160.0000	  0.1694	 -0.1874	  3.0776
384.0000	160.0000	  0.1229	 -0.0421	  2.3631
416.0000	160.0000	  0.0110	 -0.0073	  3.9307
448.0000	160.0000	 -0.0401	  0.0139	  3.9590
480.0000	160.0000	 -0.0174	  0.0282	  3.1974
 32.0000	192.0000	  1.1025	 -1.1374	  3.4200
 64.0000	192.0000	  1.6029	 -1.6418	  2.8785
 96.0000	192.0000	  3.4105	 -3.4024	  2.0823
128.0000	192.0000	  3.8693	 -3.8981	  3.7027
160.0000	192.0000	  4.2082	 -4.2108	  2.9966
192.0000	192.0000	  4.3435	 -4.1349	  2.9980
224.0000	192.0000	  4.0150	 -3.9142	  3.6291
256.0000	192.0000	  3.7296	 -3.7621	  3.6214
288.0000	192.0000	  3.3376	 -3.3465	  3.7492
320.0000	192.0000	  2.7505	 -2.7420	  2.9528
352.0000	192.0000	  1.1313	 -1.2408	  2.9300
384.0000	192.0000	  0.4694	 -0.4091	  2.5081
416.0000	192.0000	  0.1065	 -0.1485	  2.4187
448.0000	192.0000	 -0.0523	 -0.0441	  3.6285
480.0000	192.0000	 -0.0042	 -0.0874	  3.7384
 32.0000	224.0000	  0.2525	 -0.3128	  4.4582
 64.0000	224.0000	  0.6783	 -0.7408	  3.4313
 96.0000	224.0000	  3.2119	 -3.2043	  1.9458
128.0000	224.0000	  3.3255	 -3.3414	  3.2487
160.0000	224.0000	  3.7328	 -3.5718	  2.7657
192.0000	224.0000	  4.2872	 -4.1552	  2.9846
224.0000	224.0000	  4.1806	 -4.2561	  3.3935
256.0000	224.0000	  4.1220	 -4.1844	  3.4685
288.0000	224.0000	  3.8373	 -3.8268	  4.4301
320.0000	224.0000	  3.2241	 -3.2025	  4.3152
352.0000	224.0000	  2.3277	 -2.3330	  3.3409
384.0000	224.0000	  1.2801	 -1.2758	  2.2436
416.0000	224.0000	  0.2390	 -0.1827	  3.1191
448.0000	224.0000	  0.0002	 -0.0491	  4.3134
480.0000	224.0000	 -0.0181	 -0.0407	  4.8445
 32.0000	256.0000	  0.0049	 -0.0288	  4.6465
 64.0000	256.0000	  0.0150	 -0.0620	  4.4979
 96.0000	256.0000	  0.2649	 -0.1839	  1.4995
128.0000	256.0000	  2.8716	 -2.8660	  3.4899
160.0000	256.0000	  3.1839	 -3.0971	  3.1701
192.0000	256.0000	  4.0911	 -4.0828	  2.5486
224.0000	256.0000	  4.1432	 -4.2789	  4.5246
256.0000	256.0000	  4.2517	 -4.3173	  3.6678
288.0000	256.0000	  4.1472	 -4.1840	  4.1837
320.0000	256.0000	  3.8458	 -3.8612	  4.2061
352.0000	256.0000	  3.1244	 -3.1179	  4.1810
384.0000	256.0000	  2.1619	 -2.1446	  3.9718
416.0000	256.0000	  1.2260	 -1.2359	  3.5100
448.0000	256.0000	  0.1970	 -0.1724	  4.6397
480.0000	256.0000	 -0.0140	  0.0306	  4.4627
 32.0000	288.0000	  0.0018	  0.0291	  4.9660
 64.0000	288.0000	 -0.0006	  0.0619	  4.0623
 96.0000	288.0000	  0.1613	 -0.1660	  3.5274
128.0000	288.0000	  1.2619	 -1.2298	  2.3951
160.0000	288.0000	  1.9873	 -2.2419	  2.3640
192.0000	288.0000	  3.1182	 -2.9635	  1.9718
224.0000	288.0000	  3.8968	 -3.8692	  2.7452
256.0000	288.0000	  4.1119	 -4.1338	  3.8718
288.0000	288.0000	  4.2845	 -4.2627	  3.7936
320.0000	288.0000	  4.1490	 -4.1480	  3.2316
352.0000	288.0000	  3.8601	 -3.9111	  3.1201
384.0000	288.0000	  2.3382	 -2.2882	  2.1530
416.0000	288.0000	  1.7798	 -1.7781	  3.3614
448.0000	288.0000	  0.3676	 -0.3127	  3.9211
480.0000	288.0000	  0.0786	 -0.0259	  4.0604
 32.0000	320.0000	  0.0044	  0.0641	  4.7519
 64.0000	320.0000	  0.0407	  0.0431	  4.2361
 96.0000	320.0000	  0.0560	 -0.1010	  4.5336
128.0000	320.0000	  0.2090	 -0.4061	  3.2220
160.0000	320.0000	  1.0846	 -1.2057	  3.3001
192.0000	320.0000	  2.1768	 -2.0622	  3.1892
224.0000	320.0000	  3.1437	 -3.0720	  3.4643
256.0000	320.0000	  3.7547	 -3.7465	  3.1373
288.0000	320.0000	  4.1588	 -4.0929	  3.6619
320.0000	320.0000	  4.3215	 -4.3002	  3.2017
352.0000	320.0000	  4.2357	 -4.2783	  3.9709
384.0000	320.0000	  3.9166	 -3.9069	  3.0398
416.0000	320.0000	  3.0842	 -3.0257	  2.9000
448.0000	320.0000	  1.1392	 -0.9820	  1.4464
480.0000	320.0000	  0.3561	 -0.3833	  2.3027
 32.0000	352.0000	  0.0062	  0.0400	  3.6231
 64.0000	352.0000	  0.0683	  0.0035	  2.4091
 96.0000	352.0000	  0.0084	  0.0447	  3.2559
128.0000	352.0000	  0.0235	  0.0163	  3.5833
160.0000	352.0000	  0.7213	 -0.6630	  3.6284
192.0000	352.0000	  1.0717	 -1.0496	  3.7711
224.0000	352.0000	  2.2194	 -2.2305	  2.4719
256.0000	352.0000	  3.1439	 -3.1129	  4.6145
288.0000	352.0000	  3.4290	 -3.3814	  3.0053
320.0000	352.0000	  4.2713	 -4.2686	  3.7910
352.0000	352.0000	  4.2801	 -4.2761	  5.2182
384.0000	352.0000	  4.2335	 -4.1970	  2.3952
416.0000	352.0000	  3.1756	 -3.1184	  1.4972
448.0000	352.0000	  2.9273	 -2.9181	  1.9593
480.0000	352.0000	  1.7670	 -1.9701	  2.3954
 32.0000	384.0000	  0.0036	 -0.0509	  5.1167
 64.0000	384.0000	 -0.0008	 -0.1116	  4.6413
 96.0000	384.0000	  0.0153	 -0.1672	  3.2660
128.0000	384.0000	  0.0228	  0.0960	  3.4084
160.0000	384.0000	  0.1651	 -0.0121	  3.1317
192.0000	384.0000	  0.3096	 -0.3570	  3.2238
224.0000	384.0000	  0.9318	 -0.9395	  3.3577
256.0000	384.0000	  2.8633	 -2.7565	  2.5719
288.0000	384.0000	  3.0413	 -3.0147	  4.2346
320.0000	384.0000	  3.6187	 -3.7778	  1.9534
352.0000	384.0000	  4.1795	 -4.2020	  4.1624
384.0000	384.0000	  4.3337	 -4.2834	  4.4066
416.0000	384.0000	  4.3426	 -4.3091	  3.7233
448.0000	384.0000	  3.9882	 -4.1770	  2.6375
480.0000	384.0000	  2.8125	 -2.9669	  1.8503
 32.0000	416.0000	  0.0061	 -0.0845	  5.6033
 64.0000	416.0000	  0.0000	 -0.0864	  5.9115
 96.0000	416.0000	 -0.0047	  0.0000	  3.9894
128.0000	416.0000	  0.0000	 -0.0000	  4.1240
160.0000	416.0000	 -0.0051	 -0.0004	  3.1362
192.0000	416.0000	  0.0342	 -0.0201	  2.7826
224.0000	416.0000	  0.4030	 -0.3970	  2.1160
256.0000	416.0000	  1.2526	 -1.2905	  1.5450
288.0000	416.0000	  2.2802	 -2.3660	  2.6198
320.0000	416.0000	  2.6641	 -2.9850	  2.3112
352.0000	416.0000	  3.9766	 -4.0217	  3.5232
384.0000	416.0000	  4.2334	 -4.1911	  5.1671
416.0000	416.0000	  4.3215	 -4.3058	  4.1854
448.0000	416.0000	  4.1823	 -4.2610	  3.2380
480.0000	416.0000	  3.7463	 -3.9230	  3.0166
 32.0000	448.0000	  0.0064	  0.0549	  4.1317
 64.0000	448.0000	 -0.0000	  0.1119	  4.5908
 96.0000	448.0000	  0.0216	  0.0785	  5.3953
128.0000	448.0000	 -0.0000	  0.0074	  5.4354
160.0000	448.0000	 -0.0235	 -0.0131	  4.2662
192.0000	448.0000	  0.0100	 -0.0350	  4.3386
224.0000	448.0000	  0.0150	 -0.1857	  3.4043
256.0000	448.0000	  0.0812	 -0.2379	  2.7248
288.0000	448.0000	  1.5978	 -1.5894	  3.0012
320.0000	448.0000	  1.9154	 -1.9028	  3.6799
352.0000	448.0000	  3.1046	 -3.0481	  3.2099
384.0000	448.0000	  3.8010	 -3.7756	  3.2539
416.0000	448.0000	  4.0270	 -4.0815	  3.5643
448.0000	448.0000	  4.2700	 -4.2454	  3.5303
480.0000	448.0000	  4.1577	 -4.1153	  4.2223
 32.0000	480.0000	  0.0002	  0.1478	  3.7041
 64.0000	480.0000	  0.0040	  0.1598	  2.9336
 96.0000	480.0000	  0.0255	 -0.0001	  5.3807
128.0000	480.0000	 -0.0054	 -0.0000	  7.4914
160.0000	480.0000	 -0.0214	 -0.0001	  5.5014
192.0000	480.0000	  0.0001	  0.0001	  5.1370
224.0000	480.0000	 -0.0015	  0.0003	  5.0071
256.0000	480.0000	  0.0105	  0.0004	  3.8631
288.0000	480.0000	  0.2788	 -0.2736	  3.4136
320.0000	480.0000	  1.2875	 -1.2637	  3.7622
352.0000	480.0000	  2.1210	 -2.0355	  3.0394
384.0000	480.0000	  3.1896	 -3.1568	  3.2553
416.0000	480.0000	  3.7126	 -3.8081	  3.0264
448.0000	480.0000	  4.3102	 -4.2817	  3.3209
480.0000	480.0000	  4.3578	 -4.3349	  3.2397
