 16.0000	496.0000	  4.3313	 -4.3330	  0.0000
 32.0000	496.0000	  4.3808	 -4.3796	  0.0000
 48.0000	496.0000	  4.2104	 -4.2050	  0.0000
 64.0000	496.0000	  3.9969	 -4.0459	  0.0000
 80.0000	496.0000	  3.6326	 -3.7003	  0.0000
 96.0000	496.0000	  3.3978	 -3.5693	  0.0000
112.0000	496.0000	  3.1661	 -3.0047	  0.0000
128.0000	496.0000	  2.6872	 -2.6234	  0.0000
144.0000	496.0000	  2.2209	 -2.1975	  0.0000
160.0000	496.0000	  1.8590	 -1.8364	  0.0000
176.0000	496.0000	  0.7007	 -0.7784	  0.0000
192.0000	496.0000	  0.2668	 -0.2869	  0.0000
208.0000	496.0000	  0.0076	 -0.0600	  0.0000
224.0000	496.0000	  0.1023	 -0.0301	  0.0000
240.0000	496.0000	  0.0574	 -0.0620	  0.0000
256.0000	496.0000	 -0.0107	  0.0138	  0.0000
272.0000	496.0000	 -0.0392	 -0.0209	  0.0000
288.0000	496.0000	 -0.0063	  0.0213	  0.0000
304.0000	496.0000	  0.0314	 -0.0400	  0.0000
320.0000	496.0000	  0.0125	 -0.0154	  0.0000
336.0000	496.0000	  0.0179	 -0.0173	  0.0000
352.0000	496.0000	 -0.0189	  0.0191	  0.0000
368.0000	496.0000	 -0.0065	  0.0058	  0.0000
384.0000	496.0000	 -0.0016	  0.0009	  0.0000
400.0000	496.0000	  0.0187	  0.0016	  0.0000
416.0000	496.0000	 -0.0208	  0.0096	  0.0000
432.0000	496.0000	 -0.0044	  0.0079	  0.0000
448.0000	496.0000	 -0.0041	  0.0038	  0.0000
464.0000	496.0000	  0.0153	 -0.0139	  0.0000
480.0000	496.0000	 -0.0010	  0.0002	  0.0000
496.0000	496.0000	 -0.0004	  0.0024	  0.0000
 16.0000	480.0000	  4.3321	 -4.3210	  0.0000
 32.0000	480.0000	  4.4662	 -4.4281	  0.0000
 48.0000	480.0000	  4.3037	 -4.2737	  0.0000
 64.0000	480.0000	  4.1604	 -4.2101	  0.0000
 80.0000	480.0000	  3.9244	 -4.0483	  0.0000
 96.0000	480.0000	  3.5793	 -3.5558	  0.0000
112.0000	480.0000	  3.5109	 -3.5536	  0.0000
128.0000	480.0000	  3.3969	 -3.3562	  0.0000
144.0000	480.0000	  3.0346	 -2.9781	  0.0000
160.0000	480.0000	  2.5914	 -2.5732	  0.0000
176.0000	480.0000	  1.8887	 -1.8863	  0.0000
192.0000	480.0000	  0.9090	 -0.9253	  0.0000
208.0000	480.0000	  0.3344	 -0.3257	  0.0000
224.0000	480.0000	  0.2948	 -0.2257	  0.0000
240.0000	480.0000	  0.0556	 -0.0584	  0.0000
256.0000	480.0000	 -0.0126	  0.0176	  0.0000
272.0000	480.0000	 -0.4230	  0.1816	  0.0000
288.0000	480.0000	 -0.3479	  0.2959	  0.0000
304.0000	480.0000	 -0.1958	  0.1827	  0.0000
320.0000	480.0000	 -0.0978	  0.1086	  0.0000
336.0000	480.0000	 -0.0978	  0.1052	  0.0000
352.0000	480.0000	 -0.0174	  0.0175	  0.0000
368.0000	480.0000	 -0.0146	  0.0126	  0.0000
384.0000	480.0000	  0.0471	 -0.0269	  0.0000
400.0000	480.0000	  0.0759	 -0.0483	  0.0000
416.0000	480.0000	 -0.0043	  0.0056	  0.0000
432.0000	480.0000	 -0.0018	  0.0090	  0.0000
448.0000	480.0000	 -0.0026	  0.0024	  0.0000
464.0000	480.0000	 -0.0054	  0.0043	  0.0000
480.0000	480.0000	 -0.0072	  0.0061	  0.0000
496.0000	480.0000	  0.0043	 -0.0031	  0.0000
 16.0000	464.0000	  4.2634	 -4.3245	  0.0000
 32.0000	464.0000	  4.4138	 -4.4119	  0.0000
 48.0000	464.0000	  4.3238	 -4.3399	  0.0000
 64.0000	464.0000	  4.3458	 -4.3820	  0.0000
 80.0000	464.0000	  4.2427	 -4.2327	  0.0000
 96.0000	464.0000	  4.2242	 -4.1169	  0.0000
112.0000	464.0000	  3.8163	 -3.8433	  0.0000
128.0000	464.0000	  3.4793	 -3.4417	  0.0000
144.0000	464.0000	  2.9356	 -2.9055	  0.0000
160.0000	464.0000	  2.7622	 -2.6235	  0.0000
176.0000	464.0000	  2.1078	 -2.0797	  0.0000
192.0000	464.0000	  1.6269	 -1.5043	  0.0000
208.0000	464.0000	  1.0454	 -1.0058	  0.0000
224.0000	464.0000	  0.7294	 -0.7257	  0.0000
240.0000	464.0000	  0.3957	 -0.4133	  0.0000
256.0000	464.0000	  0.2936	 -0.2631	  0.0000
272.0000	464.0000	  0.0162	 -0.0861	  0.0000
288.0000	464.0000	  0.1616	 -0.1434	  0.0000
304.0000	464.0000	  0.1025	 -0.1299	  0.0000
320.0000	464.0000	  0.0692	 -0.0717	  0.0000
336.0000	464.0000	  0.0355	 -0.0179	  0.0000
352.0000	464.0000	  0.0367	 -0.0295	  0.0000
368.0000	464.0000	 -0.0430	  0.0263	  0.0000
384.0000	464.0000	 -0.0405	  0.0364	  0.0000
400.0000	464.0000	 -0.0782	  0.0655	  0.0000
416.0000	464.0000	 -0.0953	  0.1081	  0.0000
432.0000	464.0000	 -0.0375	  0.0323	  0.0000
448.0000	464.0000	  0.0279	 -0.0289	  0.0000
464.0000	464.0000	  0.0518	 -0.0518	  0.0000
480.0000	464.0000	 -0.0001	  0.0008	  0.0000
496.0000	464.0000	  0.0066	 -0.0037	  0.0000
 16.0000	448.0000	  4.0630	 -4.1313	  0.0000
 32.0000	448.0000	  4.1013	 -4.1540	  0.0000
 48.0000	448.0000	  4.3287	 -4.3276	  0.0000
 64.0000	448.0000	  4.3468	 -4.3578	  0.0000
 80.0000	448.0000	  4.3769	 -4.3599	  0.0000
 96.0000	448.0000	  4.3905	 -4.3091	  0.0000
112.0000	448.0000	  4.1202	 -4.0969	  0.0000
128.0000	448.0000	  3.7792	 -3.7357	  0.0000
144.0000	448.0000	  3.4205	 -3.3028	  0.0000
160.0000	448.0000	  3.2651	 -3.2704	  0.0000
176.0000	448.0000	  2.8166	 -2.8208	  0.0000
192.0000	448.0000	  2.2239	 -2.2510	  0.0000
208.0000	448.0000	  1.7113	 -1.7367	  0.0000
224.0000	448.0000	  1.2163	 -1.2492	  0.0000
240.0000	448.0000	  0.4524	 -0.4879	  0.0000
256.0000	448.0000	  0.1307	 -0.0875	  0.0000
272.0000	448.0000	  0.0170	 -0.0274	  0.0000
288.0000	448.0000	  0.1387	 -0.1522	  0.0000
304.0000	448.0000	  0.1232	 -0.1297	  0.0000
320.0000	448.0000	  0.0516	 -0.0497	  0.0000
336.0000	448.0000	  0.0210	 -0.0192	  0.0000
352.0000	448.0000	  0.0528	  0.0390	  0.0000
368.0000	448.0000	  0.0425	  0.0312	  0.0000
384.0000	448.0000	  0.0069	  0.0293	  0.0000
400.0000	448.0000	 -0.0038	  0.0528	  0.0000
416.0000	448.0000	 -0.0532	  0.0513	  0.0000
432.0000	448.0000	 -0.0323	  0.0282	  0.0000
448.0000	448.0000	 -0.0068	  0.0038	  0.0000
464.0000	448.0000	 -0.0330	  0.0219	  0.0000
480.0000	448.0000	 -0.0195	  0.0193	  0.0000
496.0000	448.0000	  0.0039	 -0.0034	  0.0000
 16.0000	432.0000	  3.9507	 -3.9665	  0.0000
 32.0000	432.0000	  4.0096	 -4.0321	  0.0000
 48.0000	432.0000	  4.1448	 -4.1377	  0.0000
 64.0000	432.0000	  4.2574	 -4.2987	  0.0000
 80.0000	432.0000	  4.3418	 -4.3190	  0.0000
 96.0000	432.0000	  4.4385	 -4.4376	  0.0000
112.0000	432.0000	  4.2695	 -4.2815	  0.0000
128.0000	432.0000	  3.9681	 -3.9627	  0.0000
144.0000	432.0000	  3.7717	 -3.7238	  0.0000
160.0000	432.0000	  4.0771	 -3.5161	  0.0000
176.0000	432.0000	  3.4991	 -3.1789	  0.0000
192.0000	432.0000	  2.8934	 -2.7810	  0.0000
208.0000	432.0000	  2.3633	 -2.2948	  0.0000
224.0000	432.0000	  1.7435	 -1.7494	  0.0000
240.0000	432.0000	  0.8591	 -0.8127	  0.0000
256.0000	432.0000	  0.4347	 -0.3910	  0.0000
272.0000	432.0000	  0.0903	 -0.0609	  0.0000
288.0000	432.0000	 -0.0790	  0.0714	  0.0000
304.0000	432.0000	 -0.0994	  0.0981	  0.0000
320.0000	432.0000	 -0.1565	  0.1327	  0.0000
336.0000	432.0000	 -0.1694	  0.1767	  0.0000
352.0000	432.0000	 -0.0603	  0.0699	  0.0000
368.0000	432.0000	 -0.0363	  0.0447	  0.0000
384.0000	432.0000	 -0.0103	  0.0210	  0.0000
400.0000	432.0000	  0.0762	 -0.0130	  0.0000
416.0000	432.0000	  0.0838	 -0.0446	  0.0000
432.0000	432.0000	 -0.0231	  0.0190	  0.0000
448.0000	432.0000	  0.0386	 -0.0084	  0.0000
464.0000	432.0000	 -0.0048	  0.0173	  0.0000
480.0000	432.0000	 -0.0109	  0.0091	  0.0000
496.0000	432.0000	 -0.0041	  0.0034	  0.0000
 16.0000	416.0000	  3.8473	 -3.8684	  0.0000
 32.0000	416.0000	  3.9582	 -3.9479	  0.0000
 48.0000	416.0000	  3.9743	 -3.9662	  0.0000
 64.0000	416.0000	  4.1540	 -4.2260	  0.0000
 80.0000	416.0000	  4.3933	 -4.3730	  0.0000
 96.0000	416.0000	  4.4432	 -4.4411	  0.0000
112.0000	416.0000	  4.3574	 -4.3632	  0.0000
128.0000	416.0000	  4.2715	 -4.2570	  0.0000
144.0000	416.0000	  4.2315	 -4.1984	  0.0000
160.0000	416.0000	  4.4449	 -4.0059	  0.0000
176.0000	416.0000	  3.6353	 -3.5941	  0.0000
192.0000	416.0000	  3.1772	 -3.1520	  0.0000
208.0000	416.0000	  2.6928	 -2.6346	  0.0000
224.0000	416.0000	  2.2975	 -2.2918	  0.0000
240.0000	416.0000	  1.7115	 -1.7208	  0.0000
256.0000	416.0000	  1.0053	 -1.0676	  0.0000
272.0000	416.0000	  0.4132	 -0.4668	  0.0000
288.0000	416.0000	 -0.0658	  0.0381	  0.0000
304.0000	416.0000	 -0.1100	  0.1314	  0.0000
320.0000	416.0000	 -0.1329	  0.0995	  0.0000
336.0000	416.0000	 -0.0375	  0.0440	  0.0000
352.0000	416.0000	 -0.1077	  0.1272	  0.0000
368.0000	416.0000	  0.0062	  0.0048	  0.0000
384.0000	416.0000	  0.0616	 -0.0476	  0.0000
400.0000	416.0000	  0.1426	 -0.0946	  0.0000
416.0000	416.0000	  0.1228	 -0.0747	  0.0000
432.0000	416.0000	  0.0439	 -0.0414	  0.0000
448.0000	416.0000	  0.0254	 -0.0220	  0.0000
464.0000	416.0000	 -0.0679	  0.0553	  0.0000
480.0000	416.0000	 -0.0162	  0.0151	  0.0000
496.0000	416.0000	 -0.0106	  0.0095	  0.0000
 16.0000	400.0000	  3.2204	 -3.1928	  0.0000
 32.0000	400.0000	  3.5990	 -3.5844	  0.0000
 48.0000	400.0000	  3.8088	 -3.7945	  0.0000
 64.0000	400.0000	  4.1092	 -4.1079	  0.0000
 80.0000	400.0000	  4.3006	 -4.2813	  0.0000
 96.0000	400.0000	  4.3786	 -4.3577	  0.0000
112.0000	400.0000	  4.3522	 -4.3389	  0.0000
128.0000	400.0000	  4.3566	 -4.3413	  0.0000
144.0000	400.0000	  4.1990	 -4.1235	  0.0000
160.0000	400.0000	  4.0537	 -3.9897	  0.0000
176.0000	400.0000	  4.0411	 -4.0369	  0.0000
192.0000	400.0000	  3.6286	 -3.6810	  0.0000
208.0000	400.0000	  3.2583	 -3.2989	  0.0000
224.0000	400.0000	  2.8574	 -2.8630	  0.0000
240.0000	400.0000	  2.3526	 -2.3234	  0.0000
256.0000	400.0000	  1.6071	 -1.7054	  0.0000
272.0000	400.0000	  1.1040	 -1.0987	  0.0000
288.0000	400.0000	  0.4792	 -0.4762	  0.0000
304.0000	400.0000	  0.1015	 -0.1059	  0.0000
320.0000	400.0000	  0.0407	 -0.0459	  0.0000
336.0000	400.0000	  0.0712	 -0.0735	  0.0000
352.0000	400.0000	 -0.0476	  0.0490	  0.0000
368.0000	400.0000	  0.0516	 -0.0506	  0.0000
384.0000	400.0000	 -0.0467	  0.0243	  0.0000
400.0000	400.0000	  0.0005	 -0.0134	  0.0000
416.0000	400.0000	 -0.0455	 -0.0007	  0.0000
432.0000	400.0000	  0.0381	 -0.0243	  0.0000
448.0000	400.0000	 -0.0919	  0.0773	  0.0000
464.0000	400.0000	 -0.1357	  0.1168	  0.0000
480.0000	400.0000	  0.0826	 -0.0677	  0.0000
496.0000	400.0000	 -0.0072	  0.0102	  0.0000
 16.0000	384.0000	  2.8974	 -2.9018	  0.0000
 32.0000	384.0000	  3.1835	 -3.1579	  0.0000
 48.0000	384.0000	  3.5579	 -3.5670	  0.0000
 64.0000	384.0000	  3.8023	 -3.7695	  0.0000
 80.0000	384.0000	  4.0892	 -4.0894	  0.0000
 96.0000	384.0000	  4.2543	 -4.2338	  0.0000
112.0000	384.0000	  4.3062	 -4.2854	  0.0000
128.0000	384.0000	  4.3702	 -4.2991	  0.0000
144.0000	384.0000	  4.4093	 -4.2744	  0.0000
160.0000	384.0000	  4.5015	 -4.3506	  0.0000
176.0000	384.0000	  4.2878	 -4.3522	  0.0000
192.0000	384.0000	  3.9029	 -4.2678	  0.0000
208.0000	384.0000	  3.6949	 -3.8116	  0.0000
224.0000	384.0000	  3.2799	 -3.2773	  0.0000
240.0000	384.0000	  2.7678	 -2.7475	  0.0000
256.0000	384.0000	  2.1802	 -2.2003	  0.0000
272.0000	384.0000	  1.8289	 -1.8184	  0.0000
288.0000	384.0000	  1.1921	 -1.1825	  0.0000
304.0000	384.0000	  0.5602	 -0.5722	  0.0000
320.0000	384.0000	  0.2546	 -0.2813	  0.0000
336.0000	384.0000	  0.0964	 -0.0741	  0.0000
352.0000	384.0000	 -0.0575	  0.0617	  0.0000
368.0000	384.0000	 -0.0126	  0.0257	  0.0000
384.0000	384.0000	  0.0579	 -0.0433	  0.0000
400.0000	384.0000	  0.0194	 -0.0179	  0.0000
416.0000	384.0000	  0.0586	 -0.0553	  0.0000
432.0000	384.0000	  0.0269	 -0.0075	  0.0000
448.0000	384.0000	  0.0226	 -0.0188	  0.0000
464.0000	384.0000	  0.0363	 -0.0062	  0.0000
480.0000	384.0000	 -0.0022	 -0.0060	  0.0000
496.0000	384.0000	  0.0039	 -0.0027	  0.0000
 16.0000	368.0000	  2.5505	 -2.3411	  0.0000
 32.0000	368.0000	  2.8416	 -2.8098	  0.0000
 48.0000	368.0000	  3.2665	 -3.2553	  0.0000
 64.0000	368.0000	  3.5064	 -3.4723	  0.0000
 80.0000	368.0000	  3.8622	 -3.8860	  0.0000
 96.0000	368.0000	  4.0088	 -4.0106	  0.0000
112.0000	368.0000	  4.2198	 -4.1973	  0.0000
128.0000	368.0000	  4.3196	 -4.2604	  0.0000
144.0000	368.0000	  4.3931	 -4.3398	  0.0000
160.0000	368.0000	  4.3965	 -4.3941	  0.0000
176.0000	368.0000	  4.2433	 -4.4220	  0.0000
192.0000	368.0000	  4.2701	 -4.2398	  0.0000
208.0000	368.0000	  3.9485	 -3.9433	  0.0000
224.0000	368.0000	  3.5449	 -3.5608	  0.0000
240.0000	368.0000	  3.2300	 -3.2253	  0.0000
256.0000	368.0000	  2.7879	 -2.7889	  0.0000
272.0000	368.0000	  2.3247	 -2.3512	  0.0000
288.0000	368.0000	  1.7375	 -1.6122	  0.0000
304.0000	368.0000	  1.2362	 -1.1472	  0.0000
320.0000	368.0000	  0.5596	 -0.5648	  0.0000
336.0000	368.0000	  0.3042	 -0.2469	  0.0000
352.0000	368.0000	  0.0552	 -0.0625	  0.0000
368.0000	368.0000	  0.0596	 -0.0503	  0.0000
384.0000	368.0000	  0.0093	 -0.0104	  0.0000
400.0000	368.0000	  0.0058	 -0.0099	  0.0000
416.0000	368.0000	 -0.0839	  0.0622	  0.0000
432.0000	368.0000	  0.0446	 -0.0399	  0.0000
448.0000	368.0000	  0.1115	 -0.1197	  0.0000
464.0000	368.0000	  0.1877	 -0.1352	  0.0000
480.0000	368.0000	  0.0071	 -0.0154	  0.0000
496.0000	368.0000	  0.0051	 -0.0003	  0.0000
 16.0000	352.0000	  1.8802	 -1.8496	  0.0000
 32.0000	352.0000	  2.2803	 -2.2792	  0.0000
 48.0000	352.0000	  2.9301	 -2.9282	  0.0000
 64.0000	352.0000	  3.2744	 -3.3085	  0.0000
 80.0000	352.0000	  3.5208	 -3.5383	  0.0000
 96.0000	352.0000	  3.8185	 -3.7939	  0.0000
112.0000	352.0000	  4.0724	 -4.1051	  0.0000
128.0000	352.0000	  4.2113	 -4.2050	  0.0000
144.0000	352.0000	  4.2799	 -4.3594	  0.0000
160.0000	352.0000	  4.4257	 -4.4026	  0.0000
176.0000	352.0000	  4.3632	 -4.3610	  0.0000
192.0000	352.0000	  4.2715	 -4.2741	  0.0000
208.0000	352.0000	  4.0530	 -4.0861	  0.0000
224.0000	352.0000	  3.8363	 -3.8369	  0.0000
240.0000	352.0000	  3.4956	 -3.5382	  0.0000
256.0000	352.0000	  3.2372	 -3.2407	  0.0000
272.0000	352.0000	  2.7569	 -2.7493	  0.0000
288.0000	352.0000	  2.1610	 -2.1838	  0.0000
304.0000	352.0000	  1.6911	 -1.6710	  0.0000
320.0000	352.0000	  1.1556	 -1.1265	  0.0000
336.0000	352.0000	  0.5124	 -0.4929	  0.0000
352.0000	352.0000	  0.2354	 -0.1511	  0.0000
368.0000	352.0000	  0.0449	 -0.0565	  0.0000
384.0000	352.0000	 -0.0776	  0.0799	  0.0000
400.0000	352.0000	 -0.1346	  0.1374	  0.0000
416.0000	352.0000	 -0.1582	  0.2143	  0.0000
432.0000	352.0000	  0.1475	 -0.0301	  0.0000
448.0000	352.0000	  0.1914	 -0.0656	  0.0000
464.0000	352.0000	  0.1547	 -0.1272	  0.0000
480.0000	352.0000	 -0.2565	  0.1952	  0.0000
496.0000	352.0000	  0.0079	 -0.0042	  0.0000
 16.0000	336.0000	  1.3343	 -1.3369	  0.0000
 32.0000	336.0000	  1.4955	 -1.4409	  0.0000
 48.0000	336.0000	  2.3913	 -2.4247	  0.0000
 64.0000	336.0000	  2.9986	 -3.0010	  0.0000
 80.0000	336.0000	  3.1959	 -3.2096	  0.0000
 96.0000	336.0000	  3.4844	 -3.5206	  0.0000
112.0000	336.0000	  3.8312	 -3.8377	  0.0000
128.0000	336.0000	  4.0723	 -3.9954	  0.0000
144.0000	336.0000	  4.2210	 -4.2168	  0.0000
160.0000	336.0000	  4.3432	 -4.3598	  0.0000
176.0000	336.0000	  4.2820	 -4.3484	  0.0000
192.0000	336.0000	  4.3309	 -4.3174	  0.0000
208.0000	336.0000	  4.2276	 -4.2245	  0.0000
224.0000	336.0000	  4.0785	 -4.0766	  0.0000
240.0000	336.0000	  3.7975	 -3.8092	  0.0000
256.0000	336.0000	  3.6196	 -3.6095	  0.0000
272.0000	336.0000	  3.2999	 -3.3174	  0.0000
288.0000	336.0000	  2.8049	 -2.8237	  0.0000
304.0000	336.0000	  2.3581	 -2.3482	  0.0000
320.0000	336.0000	  1.7914	 -1.7888	  0.0000
336.0000	336.0000	  1.1073	 -1.1011	  0.0000
352.0000	336.0000	  0.6003	 -0.5550	  0.0000
368.0000	336.0000	  0.0905	 -0.0956	  0.0000
384.0000	336.0000	 -0.1357	 -0.0409	  0.0000
400.0000	336.0000	  0.1081	  0.0929	  0.0000
416.0000	336.0000	 -0.1604	  0.0796	  0.0000
432.0000	336.0000	  0.1252	 -0.0555	  0.0000
448.0000	336.0000	  0.1717	 -0.1532	  0.0000
464.0000	336.0000	  0.1569	 -0.1782	  0.0000
480.0000	336.0000	 -0.0841	  0.0701	  0.0000
496.0000	336.0000	  0.0234	 -0.0166	  0.0000
 16.0000	320.0000	  0.7830	 -0.7432	  0.0000
 32.0000	320.0000	  0.8535	 -0.8125	  0.0000
 48.0000	320.0000	  1.9046	 -1.9556	  0.0000
 64.0000	320.0000	  2.4781	 -2.4951	  0.0000
 80.0000	320.0000	  2.8181	 -2.8542	  0.0000
 96.0000	320.0000	  3.1456	 -3.1563	  0.0000
112.0000	320.0000	  3.5361	 -3.5212	  0.0000
128.0000	320.0000	  3.7598	 -3.7551	  0.0000
144.0000	320.0000	  4.0154	 -4.0081	  0.0000
160.0000	320.0000	  4.2226	 -4.2091	  0.0000
176.0000	320.0000	  4.2814	 -4.3187	  0.0000
192.0000	320.0000	  4.3983	 -4.4145	  0.0000
208.0000	320.0000	  4.3698	 -4.3873	  0.0000
224.0000	320.0000	  4.2663	 -4.2735	  0.0000
240.0000	320.0000	  4.0874	 -4.1085	  0.0000
256.0000	320.0000	  3.9118	 -3.9181	  0.0000
272.0000	320.0000	  3.6387	 -3.6176	  0.0000
288.0000	320.0000	  3.1876	 -3.2618	  0.0000
304.0000	320.0000	  2.9685	 -2.8874	  0.0000
320.0000	320.0000	  2.3429	 -2.3463	  0.0000
336.0000	320.0000	  1.8297	 -1.7581	  0.0000
352.0000	320.0000	  1.1397	 -1.1359	  0.0000
368.0000	320.0000	  0.5410	 -0.5356	  0.0000
384.0000	320.0000	  0.0339	 -0.1562	  0.0000
400.0000	320.0000	 -0.0676	  0.0928	  0.0000
416.0000	320.0000	 -0.2230	  0.1963	  0.0000
432.0000	320.0000	  0.0231	  0.0061	  0.0000
448.0000	320.0000	  0.1489	 -0.1404	  0.0000
464.0000	320.0000	  0.2411	 -0.1222	  0.0000
480.0000	320.0000	 -0.0479	  0.0692	  0.0000
496.0000	320.0000	  0.0255	 -0.0187	  0.0000
 16.0000	304.0000	  0.2942	 -0.2472	  0.0000
 32.0000	304.0000	  0.3864	 -0.3111	  0.0000
 48.0000	304.0000	  1.1888	 -1.1841	  0.0000
 64.0000	304.0000	  1.7637	 -1.7790	  0.0000
 80.0000	304.0000	  2.3185	 -2.3565	  0.0000
 96.0000	304.0000	  2.7688	 -2.7963	  0.0000
112.0000	304.0000	  3.1881	 -3.1768	  0.0000
128.0000	304.0000	  3.6041	 -3.6174	  0.0000
144.0000	304.0000	  3.8695	 -3.8686	  0.0000
160.0000	304.0000	  4.0824	 -4.0682	  0.0000
176.0000	304.0000	  4.2510	 -4.2505	  0.0000
192.0000	304.0000	  4.3656	 -4.3788	  0.0000
208.0000	304.0000	  4.3940	 -4.4010	  0.0000
224.0000	304.0000	  4.3534	 -4.3443	  0.0000
240.0000	304.0000	  4.2414	 -4.2387	  0.0000
256.0000	304.0000	  4.1228	 -4.1111	  0.0000
272.0000	304.0000	  3.9400	 -3.9062	  0.0000
288.0000	304.0000	  3.6080	 -3.6048	  0.0000
304.0000	304.0000	  3.3631	 -3.3916	  0.0000
320.0000	304.0000	  2.8505	 -2.9405	  0.0000
336.0000	304.0000	  2.3961	 -2.2942	  0.0000
352.0000	304.0000	  1.7461	 -1.7546	  0.0000
368.0000	304.0000	  1.0708	 -1.1039	  0.0000
384.0000	304.0000	  0.4252	 -0.4338	  0.0000
400.0000	304.0000	  0.0705	 -0.0604	  0.0000
416.0000	304.0000	  0.0656	 -0.0902	  0.0000
432.0000	304.0000	  0.0839	 -0.0805	  0.0000
448.0000	304.0000	  0.0433	 -0.0405	  0.0000
464.0000	304.0000	  0.0790	  0.0431	  0.0000
480.0000	304.0000	 -0.0887	  0.0985	  0.0000
496.0000	304.0000	  0.0213	 -0.0189	  0.0000
 16.0000	288.0000	 -0.0362	  0.0447	  0.0000
 32.0000	288.0000	 -0.0212	  0.0578	  0.0000
 48.0000	288.0000	  0.4942	 -0.4828	  0.0000
 64.0000	288.0000	  1.0306	 -1.0715	  0.0000
 80.0000	288.0000	  1.8177	 -1.8083	  0.0000
 96.0000	288.0000	  2.3733	 -2.4100	  0.0000
112.0000	288.0000	  2.9463	 -2.9551	  0.0000
128.0000	288.0000	  3.3596	 -3.4471	  0.0000
144.0000	288.0000	  3.6380	 -3.6710	  0.0000
160.0000	288.0000	  3.8683	 -3.8541	  0.0000
176.0000	288.0000	  4.0997	 -4.0896	  0.0000
192.0000	288.0000	  4.2356	 -4.2241	  0.0000
208.0000	288.0000	  4.3680	 -4.3603	  0.0000
224.0000	288.0000	  4.3271	 -4.3154	  0.0000
240.0000	288.0000	  4.3488	 -4.3146	  0.0000
256.0000	288.0000	  4.3095	 -4.2887	  0.0000
272.0000	288.0000	  4.0916	 -4.1159	  0.0000
288.0000	288.0000	  3.8254	 -3.8628	  0.0000
304.0000	288.0000	  3.5597	 -3.5770	  0.0000
320.0000	288.0000	  3.2360	 -3.2413	  0.0000
336.0000	288.0000	  2.8544	 -2.8820	  0.0000
352.0000	288.0000	  2.3699	 -2.3681	  0.0000
368.0000	288.0000	  1.7673	 -1.7664	  0.0000
384.0000	288.0000	  1.1209	 -1.1380	  0.0000
400.0000	288.0000	  0.6056	 -0.5776	  0.0000
416.0000	288.0000	 -0.0389	  0.0284	  0.0000
432.0000	288.0000	 -0.0073	  0.2091	  0.0000
448.0000	288.0000	 -0.1349	  0.1372	  0.0000
464.0000	288.0000	 -0.1050	  0.1504	  0.0000
480.0000	288.0000	 -0.0009	 -0.0006	  0.0000
496.0000	288.0000	 -0.0058	  0.0037	  0.0000
 16.0000	272.0000	 -0.0714	 -0.0037	  0.0000
 32.0000	272.0000	  0.1879	 -0.1529	  0.0000
 48.0000	272.0000	 -0.0167	  0.0634	  0.0000
 64.0000	272.0000	  0.3857	 -0.3816	  0.0000
 80.0000	272.0000	  1.1717	 -1.1100	  0.0000
 96.0000	272.0000	  1.7475	 -1.7646	  0.0000
112.0000	272.0000	  2.3400	 -2.3269	  0.0000
128.0000	272.0000	  2.8136	 -2.8185	  0.0000
144.0000	272.0000	  3.1687	 -3.1343	  0.0000
160.0000	272.0000	  3.6079	 -3.5986	  0.0000
176.0000	272.0000	  3.7965	 -3.7645	  0.0000
192.0000	272.0000	  3.9635	 -3.9788	  0.0000
208.0000	272.0000	  4.1641	 -4.1433	  0.0000
224.0000	272.0000	  4.2276	 -4.2760	  0.0000
240.0000	272.0000	  4.3503	 -4.3502	  0.0000
256.0000	272.0000	  4.3334	 -4.3581	  0.0000
272.0000	272.0000	  4.2692	 -4.2775	  0.0000
288.0000	272.0000	  4.1143	 -4.1081	  0.0000
304.0000	272.0000	  3.7579	 -3.8070	  0.0000
320.0000	272.0000	  3.5233	 -3.5318	  0.0000
336.0000	272.0000	  3.2362	 -3.2382	  0.0000
352.0000	272.0000	  2.8322	 -2.8597	  0.0000
368.0000	272.0000	  2.3028	 -2.3573	  0.0000
384.0000	272.0000	  1.7329	 -1.7542	  0.0000
400.0000	272.0000	  1.1691	 -1.0274	  0.0000
416.0000	272.0000	  0.4514	 -0.4763	  0.0000
432.0000	272.0000	  0.1082	  0.0302	  0.0000
448.0000	272.0000	 -0.0146	  0.0135	  0.0000
464.0000	272.0000	 -0.0076	 -0.0370	  0.0000
480.0000	272.0000	 -0.0837	  0.0573	  0.0000
496.0000	272.0000	 -0.0432	  0.0335	  0.0000
 16.0000	256.0000	  0.0533	 -0.0014	  0.0000
 32.0000	256.0000	  0.1281	 -0.1427	  0.0000
 48.0000	256.0000	 -0.1412	  0.1779	  0.0000
 64.0000	256.0000	  0.0249	 -0.0275	  0.0000
 80.0000	256.0000	  0.5453	 -0.5332	  0.0000
 96.0000	256.0000	  1.2185	 -1.2144	  0.0000
112.0000	256.0000	  1.8147	 -1.8296	  0.0000
128.0000	256.0000	  2.3666	 -2.4433	  0.0000
144.0000	256.0000	  2.8065	 -2.8401	  0.0000
160.0000	256.0000	  3.2208	 -3.2275	  0.0000
176.0000	256.0000	  3.5452	 -3.4911	  0.0000
192.0000	256.0000	  3.8224	 -3.7950	  0.0000
208.0000	256.0000	  4.0807	 -4.1075	  0.0000
224.0000	256.0000	  4.1568	 -4.1621	  0.0000
240.0000	256.0000	  4.3142	 -4.2892	  0.0000
256.0000	256.0000	  4.2949	 -4.3564	  0.0000
272.0000	256.0000	  4.2940	 -4.3164	  0.0000
288.0000	256.0000	  4.1795	 -4.2025	  0.0000
304.0000	256.0000	  3.9288	 -3.9660	  0.0000
320.0000	256.0000	  3.7924	 -3.7882	  0.0000
336.0000	256.0000	  3.5260	 -3.5267	  0.0000
352.0000	256.0000	  3.2225	 -3.2190	  0.0000
368.0000	256.0000	  2.8165	 -2.8057	  0.0000
384.0000	256.0000	  2.3374	 -2.3368	  0.0000
400.0000	256.0000	  1.7854	 -1.7487	  0.0000
416.0000	256.0000	  1.1626	 -1.1385	  0.0000
432.0000	256.0000	  0.4466	 -0.3612	  0.0000
448.0000	256.0000	  0.0484	 -0.0329	  0.0000
464.0000	256.0000	 -0.0238	  0.1134	  0.0000
480.0000	256.0000	 -0.1563	  0.1428	  0.0000
496.0000	256.0000	 -0.2240	  0.1595	  0.0000
 16.0000	240.0000	 -0.0369	  0.0657	  0.0000
 32.0000	240.0000	  0.0392	 -0.0588	  0.0000
 48.0000	240.0000	 -0.0398	  0.0983	  0.0000
 64.0000	240.0000	 -0.0560	  0.0014	  0.0000
 80.0000	240.0000	  0.2492	 -0.4235	  0.0000
 96.0000	240.0000	  0.9490	 -0.9991	  0.0000
112.0000	240.0000	  1.1868	 -1.1934	  0.0000
128.0000	240.0000	  1.6820	 -1.6686	  0.0000
144.0000	240.0000	  2.2718	 -2.2824	  0.0000
160.0000	240.0000	  2.7771	 -2.7821	  0.0000
176.0000	240.0000	  3.2063	 -3.2107	  0.0000
192.0000	240.0000	  3.5802	 -3.5943	  0.0000
208.0000	240.0000	  3.8973	 -3.9328	  0.0000
224.0000	240.0000	  4.0654	 -4.0662	  0.0000
240.0000	240.0000	  4.2293	 -4.2234	  0.0000
256.0000	240.0000	  4.2858	 -4.2908	  0.0000
272.0000	240.0000	  4.3344	 -4.3062	  0.0000
288.0000	240.0000	  4.2504	 -4.2830	  0.0000
304.0000	240.0000	  4.2168	 -4.2186	  0.0000
320.0000	240.0000	  4.0442	 -4.0268	  0.0000
336.0000	240.0000	  3.8739	 -3.8555	  0.0000
352.0000	240.0000	  3.5591	 -3.5678	  0.0000
368.0000	240.0000	  3.1950	 -3.2210	  0.0000
384.0000	240.0000	  2.8072	 -2.8161	  0.0000
400.0000	240.0000	  2.3022	 -2.2860	  0.0000
416.0000	240.0000	  1.7558	 -1.7384	  0.0000
432.0000	240.0000	  1.0149	 -0.9582	  0.0000
448.0000	240.0000	  0.4396	 -0.4616	  0.0000
464.0000	240.0000	  0.0769	 -0.0723	  0.0000
480.0000	240.0000	  0.2261	 -0.1612	  0.0000
496.0000	240.0000	  0.1230	 -0.0752	  0.0000
 16.0000	224.0000	 -0.0197	  0.0227	  0.0000
 32.0000	224.0000	 -0.0090	  0.0216	  0.0000
 48.0000	224.0000	  0.0168	  0.0341	  0.0000
 64.0000	224.0000	  0.0018	  0.0042	  0.0000
 80.0000	224.0000	  0.1211	 -0.1395	  0.0000
 96.0000	224.0000	  0.3648	 -0.3650	  0.0000
112.0000	224.0000	  0.5626	 -0.5645	  0.0000
128.0000	224.0000	  0.9960	 -0.9735	  0.0000
144.0000	224.0000	  1.6863	 -1.6940	  0.0000
160.0000	224.0000	  2.3169	 -2.3243	  0.0000
176.0000	224.0000	  2.8512	 -2.8503	  0.0000
192.0000	224.0000	  3.3030	 -3.3125	  0.0000
208.0000	224.0000	  3.6338	 -3.6221	  0.0000
224.0000	224.0000	  3.9371	 -3.9254	  0.0000
240.0000	224.0000	  4.1306	 -4.1245	  0.0000
256.0000	224.0000	  4.2380	 -4.2422	  0.0000
272.0000	224.0000	  4.2923	 -4.2876	  0.0000
288.0000	224.0000	  4.2639	 -4.3081	  0.0000
304.0000	224.0000	  4.3342	 -4.3262	  0.0000
320.0000	224.0000	  4.2634	 -4.2551	  0.0000
336.0000	224.0000	  4.1327	 -4.0880	  0.0000
352.0000	224.0000	  3.8639	 -3.8460	  0.0000
368.0000	224.0000	  3.5241	 -3.5360	  0.0000
384.0000	224.0000	  3.1925	 -3.2204	  0.0000
400.0000	224.0000	  2.7139	 -2.7557	  0.0000
416.0000	224.0000	  2.3770	 -2.3684	  0.0000
432.0000	224.0000	  1.6867	 -1.7130	  0.0000
448.0000	224.0000	  1.0750	 -1.1073	  0.0000
464.0000	224.0000	  0.5098	 -0.5175	  0.0000
480.0000	224.0000	  0.3234	 -0.3118	  0.0000
496.0000	224.0000	  0.0844	 -0.1922	  0.0000
 16.0000	208.0000	  0.0105	 -0.0058	  0.0000
 32.0000	208.0000	  0.0100	 -0.0075	  0.0000
 48.0000	208.0000	  0.1186	 -0.1245	  0.0000
 64.0000	208.0000	  0.0338	 -0.0237	  0.0000
 80.0000	208.0000	 -0.0511	  0.0541	  0.0000
 96.0000	208.0000	 -0.0781	  0.0773	  0.0000
112.0000	208.0000	  0.0561	 -0.0519	  0.0000
128.0000	208.0000	  0.5882	 -0.5939	  0.0000
144.0000	208.0000	  1.1886	 -1.1840	  0.0000
160.0000	208.0000	  1.6677	 -1.6770	  0.0000
176.0000	208.0000	  2.3175	 -2.3087	  0.0000
192.0000	208.0000	  2.8820	 -2.8665	  0.0000
208.0000	208.0000	  3.2585	 -3.2150	  0.0000
224.0000	208.0000	  3.6245	 -3.5791	  0.0000
240.0000	208.0000	  3.8851	 -3.9071	  0.0000
256.0000	208.0000	  4.1129	 -4.1413	  0.0000
272.0000	208.0000	  4.2531	 -4.2619	  0.0000
288.0000	208.0000	  4.3114	 -4.3310	  0.0000
304.0000	208.0000	  4.3911	 -4.3760	  0.0000
320.0000	208.0000	  4.3436	 -4.3521	  0.0000
336.0000	208.0000	  4.2783	 -4.2542	  0.0000
352.0000	208.0000	  4.0638	 -4.0688	  0.0000
368.0000	208.0000	  3.8042	 -3.7678	  0.0000
384.0000	208.0000	  3.5348	 -3.5386	  0.0000
400.0000	208.0000	  3.2333	 -3.2711	  0.0000
416.0000	208.0000	  2.8552	 -2.8818	  0.0000
432.0000	208.0000	  2.2966	 -2.3399	  0.0000
448.0000	208.0000	  1.7373	 -1.7796	  0.0000
464.0000	208.0000	  0.7586	 -0.8827	  0.0000
480.0000	208.0000	  0.6754	 -0.6148	  0.0000
496.0000	208.0000	  0.9442	  0.0711	  0.0000
 16.0000	192.0000	  0.0257	 -0.0265	  0.0000
 32.0000	192.0000	  0.0403	 -0.0439	  0.0000
 48.0000	192.0000	  0.2012	 -0.1803	  0.0000
 64.0000	192.0000	  0.0670	 -0.0560	  0.0000
 80.0000	192.0000	 -0.0998	  0.1797	  0.0000
 96.0000	192.0000	 -0.1740	  0.2525	  0.0000
112.0000	192.0000	  0.0965	  0.0048	  0.0000
128.0000	192.0000	  0.2809	 -0.2512	  0.0000
144.0000	192.0000	  0.6549	 -0.6555	  0.0000
160.0000	192.0000	  1.1492	 -1.1626	  0.0000
176.0000	192.0000	  1.7497	 -1.7393	  0.0000
192.0000	192.0000	  2.3675	 -2.3435	  0.0000
208.0000	192.0000	  2.7845	 -2.7995	  0.0000
224.0000	192.0000	  3.1881	 -3.2046	  0.0000
240.0000	192.0000	  3.5706	 -3.5806	  0.0000
256.0000	192.0000	  3.9065	 -3.9166	  0.0000
272.0000	192.0000	  4.1449	 -4.1572	  0.0000
288.0000	192.0000	  4.2734	 -4.2893	  0.0000
304.0000	192.0000	  4.3409	 -4.3488	  0.0000
320.0000	192.0000	  4.3423	 -4.3638	  0.0000
336.0000	192.0000	  4.3281	 -4.2942	  0.0000
352.0000	192.0000	  4.2212	 -4.1791	  0.0000
368.0000	192.0000	  3.9725	 -4.0139	  0.0000
384.0000	192.0000	  3.7675	 -3.7810	  0.0000
400.0000	192.0000	  3.5711	 -3.5776	  0.0000
416.0000	192.0000	  3.2611	 -3.2427	  0.0000
432.0000	192.0000	  2.7879	 -2.7976	  0.0000
448.0000	192.0000	  2.2264	 -2.2735	  0.0000
464.0000	192.0000	  1.5900	 -1.6573	  0.0000
480.0000	192.0000	  1.4356	 -1.1914	  0.0000
496.0000	192.0000	  0.7754	 -0.3374	  0.0000
 16.0000	176.0000	  0.0344	 -0.0355	  0.0000
 32.0000	176.0000	  0.0905	 -0.0974	  0.0000
 48.0000	176.0000	  0.1863	 -0.2328	  0.0000
 64.0000	176.0000	  0.0358	 -0.0468	  0.0000
 80.0000	176.0000	 -0.2405	  0.2675	  0.0000
 96.0000	176.0000	 -0.0070	  0.0078	  0.0000
112.0000	176.0000	 -0.1052	  0.0845	  0.0000
128.0000	176.0000	  0.1392	 -0.1381	  0.0000
144.0000	176.0000	  0.2598	 -0.2242	  0.0000
160.0000	176.0000	  0.3179	 -0.3130	  0.0000
176.0000	176.0000	  1.1077	 -1.1279	  0.0000
192.0000	176.0000	  1.7663	 -1.7554	  0.0000
208.0000	176.0000	  2.3362	 -2.3185	  0.0000
224.0000	176.0000	  2.7719	 -2.7967	  0.0000
240.0000	176.0000	  3.2042	 -3.2360	  0.0000
256.0000	176.0000	  3.5971	 -3.6085	  0.0000
272.0000	176.0000	  3.8871	 -3.9236	  0.0000
288.0000	176.0000	  4.1571	 -4.1160	  0.0000
304.0000	176.0000	  4.2763	 -4.2567	  0.0000
320.0000	176.0000	  4.3344	 -4.2910	  0.0000
336.0000	176.0000	  4.3610	 -4.3382	  0.0000
352.0000	176.0000	  4.3619	 -4.3343	  0.0000
368.0000	176.0000	  4.1627	 -4.2098	  0.0000
384.0000	176.0000	  3.9837	 -3.9817	  0.0000
400.0000	176.0000	  3.8278	 -3.8350	  0.0000
416.0000	176.0000	  3.5977	 -3.5838	  0.0000
432.0000	176.0000	  3.2121	 -3.1902	  0.0000
448.0000	176.0000	  2.7558	 -2.7650	  0.0000
464.0000	176.0000	  2.3589	 -2.3267	  0.0000
480.0000	176.0000	  2.0485	 -1.9289	  0.0000
496.0000	176.0000	  0.6601	 -1.0697	  0.0000
 16.0000	160.0000	  0.0237	 -0.0209	  0.0000
 32.0000	160.0000	 -0.0023	  0.0033	  0.0000
 48.0000	160.0000	  0.1038	 -0.1153	  0.0000
 64.0000	160.0000	 -0.0018	  0.0024	  0.0000
 80.0000	160.0000	 -0.1926	  0.2107	  0.0000
 96.0000	160.0000	 -0.1326	  0.1216	  0.0000
112.0000	160.0000	 -0.1393	  0.1815	  0.0000
128.0000	160.0000	  0.0406	  0.0031	  0.0000
144.0000	160.0000	 -0.0424	  0.0742	  0.0000
160.0000	160.0000	  0.0099	 -0.0328	  0.0000
176.0000	160.0000	  0.4980	 -0.5010	  0.0000
192.0000	160.0000	  1.2065	 -1.2103	  0.0000
208.0000	160.0000	  1.7690	 -1.7621	  0.0000
224.0000	160.0000	  2.2639	 -2.2748	  0.0000
240.0000	160.0000	  2.7728	 -2.7848	  0.0000
256.0000	160.0000	  3.2303	 -3.2154	  0.0000
272.0000	160.0000	  3.5647	 -3.5922	  0.0000
288.0000	160.0000	  3.8605	 -3.8572	  0.0000
304.0000	160.0000	  4.0808	 -4.0847	  0.0000
320.0000	160.0000	  4.2246	 -4.2500	  0.0000
336.0000	160.0000	  4.3480	 -4.3460	  0.0000
352.0000	160.0000	  4.3842	 -4.3662	  0.0000
368.0000	160.0000	  4.3276	 -4.3341	  0.0000
384.0000	160.0000	  4.2270	 -4.2301	  0.0000
400.0000	160.0000	  4.0476	 -4.0685	  0.0000
416.0000	160.0000	  3.8784	 -3.8794	  0.0000
432.0000	160.0000	  3.5549	 -3.5270	  0.0000
448.0000	160.0000	  3.2400	 -3.2195	  0.0000
464.0000	160.0000	  2.7824	 -2.7549	  0.0000
480.0000	160.0000	  2.4643	 -2.4723	  0.0000
496.0000	160.0000	  2.2185	 -2.2993	  0.0000
 16.0000	144.0000	  0.0018	 -0.0054	  0.0000
 32.0000	144.0000	 -0.0238	  0.0325	  0.0000
 48.0000	144.0000	  0.0081	 -0.0089	  0.0000
 64.0000	144.0000	 -0.0150	  0.0104	  0.0000
 80.0000	144.0000	 -0.0835	  0.0920	  0.0000
 96.0000	144.0000	 -0.1026	  0.1117	  0.0000
112.0000	144.0000	 -0.0494	  0.0532	  0.0000
128.0000	144.0000	  0.0033	  0.0526	  0.0000
144.0000	144.0000	 -0.0095	  0.0496	  0.0000
160.0000	144.0000	 -0.0933	  0.0999	  0.0000
176.0000	144.0000	  0.0757	 -0.0746	  0.0000
192.0000	144.0000	  0.5109	 -0.4743	  0.0000
208.0000	144.0000	  1.1255	 -1.1169	  0.0000
224.0000	144.0000	  1.7749	 -1.7464	  0.0000
240.0000	144.0000	  2.2915	 -2.2958	  0.0000
256.0000	144.0000	  2.8223	 -2.8132	  0.0000
272.0000	144.0000	  3.2673	 -3.2456	  0.0000
288.0000	144.0000	  3.5694	 -3.5743	  0.0000
304.0000	144.0000	  3.8402	 -3.8586	  0.0000
320.0000	144.0000	  4.0636	 -4.0910	  0.0000
336.0000	144.0000	  4.2393	 -4.2450	  0.0000
352.0000	144.0000	  4.3466	 -4.3402	  0.0000
368.0000	144.0000	  4.3937	 -4.3714	  0.0000
384.0000	144.0000	  4.3298	 -4.3151	  0.0000
400.0000	144.0000	  4.2284	 -4.2477	  0.0000
416.0000	144.0000	  4.1060	 -4.1135	  0.0000
432.0000	144.0000	  3.8924	 -3.8825	  0.0000
448.0000	144.0000	  3.5144	 -3.5299	  0.0000
464.0000	144.0000	  3.1732	 -3.2180	  0.0000
480.0000	144.0000	  2.6837	 -2.7455	  0.0000
496.0000	144.0000	  2.4477	 -2.3497	  0.0000
 16.0000	128.0000	 -0.0091	  0.0096	  0.0000
 32.0000	128.0000	 -0.0179	  0.0140	  0.0000
 48.0000	128.0000	 -0.0738	  0.0550	  0.0000
 64.0000	128.0000	 -0.0625	  0.0546	  0.0000
 80.0000	128.0000	  0.0256	 -0.0163	  0.0000
 96.0000	128.0000	  0.0755	 -0.0647	  0.0000
112.0000	128.0000	  0.0028	 -0.0113	  0.0000
128.0000	128.0000	 -0.0788	  0.0548	  0.0000
144.0000	128.0000	 -0.0281	 -0.0108	  0.0000
160.0000	128.0000	 -0.0712	  0.0550	  0.0000
176.0000	128.0000	 -0.1223	  0.1109	  0.0000
192.0000	128.0000	  0.0438	 -0.0318	  0.0000
208.0000	128.0000	  0.4479	 -0.4678	  0.0000
224.0000	128.0000	  1.0867	 -1.0957	  0.0000
240.0000	128.0000	  1.7623	 -1.7544	  0.0000
256.0000	128.0000	  2.3328	 -2.3393	  0.0000
272.0000	128.0000	  2.9348	 -2.8873	  0.0000
288.0000	128.0000	  3.2397	 -3.2480	  0.0000
304.0000	128.0000	  3.5625	 -3.5582	  0.0000
320.0000	128.0000	  3.8526	 -3.8585	  0.0000
336.0000	128.0000	  4.0792	 -4.0679	  0.0000
352.0000	128.0000	  4.2528	 -4.2082	  0.0000
368.0000	128.0000	  4.3683	 -4.3365	  0.0000
384.0000	128.0000	  4.3759	 -4.3870	  0.0000
400.0000	128.0000	  4.3390	 -4.3614	  0.0000
416.0000	128.0000	  4.2715	 -4.2723	  0.0000
432.0000	128.0000	  4.1451	 -4.1675	  0.0000
448.0000	128.0000	  3.9166	 -3.9391	  0.0000
464.0000	128.0000	  3.6264	 -3.6694	  0.0000
480.0000	128.0000	  3.0429	 -3.0510	  0.0000
496.0000	128.0000	  2.8342	 -2.7433	  0.0000
 16.0000	112.0000	 -0.0113	  0.0080	  0.0000
 32.0000	112.0000	  0.0334	 -0.0380	  0.0000
 48.0000	112.0000	 -0.1031	  0.0755	  0.0000
 64.0000	112.0000	 -0.0512	  0.0481	  0.0000
 80.0000	112.0000	  0.1895	 -0.2025	  0.0000
 96.0000	112.0000	 -0.0034	 -0.0101	  0.0000
112.0000	112.0000	  0.0841	 -0.0462	  0.0000
128.0000	112.0000	  0.0472	 -0.0699	  0.0000
144.0000	112.0000	  0.0236	 -0.0393	  0.0000
160.0000	112.0000	 -0.0570	  0.0815	  0.0000
176.0000	112.0000	 -0.2294	  0.1466	  0.0000
192.0000	112.0000	 -0.0500	  0.0333	  0.0000
208.0000	112.0000	  0.0340	 -0.0337	  0.0000
224.0000	112.0000	  0.5463	 -0.5379	  0.0000
240.0000	112.0000	  1.1619	 -1.1677	  0.0000
256.0000	112.0000	  1.8071	 -1.8312	  0.0000
272.0000	112.0000	  2.3896	 -2.3533	  0.0000
288.0000	112.0000	  2.8226	 -2.8296	  0.0000
304.0000	112.0000	  3.2561	 -3.2660	  0.0000
320.0000	112.0000	  3.6084	 -3.6099	  0.0000
336.0000	112.0000	  3.8812	 -3.8663	  0.0000
352.0000	112.0000	  4.0590	 -4.0449	  0.0000
368.0000	112.0000	  4.1950	 -4.2132	  0.0000
384.0000	112.0000	  4.3379	 -4.3116	  0.0000
400.0000	112.0000	  4.3656	 -4.3611	  0.0000
416.0000	112.0000	  4.3574	 -4.3621	  0.0000
432.0000	112.0000	  4.2992	 -4.3188	  0.0000
448.0000	112.0000	  4.1430	 -4.1667	  0.0000
464.0000	112.0000	  3.8548	 -3.9093	  0.0000
480.0000	112.0000	  3.4290	 -3.4087	  0.0000
496.0000	112.0000	  3.3433	 -3.3518	  0.0000
 16.0000	 96.0000	 -0.0295	  0.0195	  0.0000
 32.0000	 96.0000	  0.0555	 -0.0573	  0.0000
 48.0000	 96.0000	 -0.0981	  0.0862	  0.0000
 64.0000	 96.0000	 -0.0726	  0.0584	  0.0000
 80.0000	 96.0000	  0.2393	 -0.2601	  0.0000
 96.0000	 96.0000	  0.0549	 -0.0885	  0.0000
112.0000	 96.0000	  0.0307	 -0.1543	  0.0000
128.0000	 96.0000	  0.0767	 -0.1422	  0.0000
144.0000	 96.0000	 -0.0471	  0.0509	  0.0000
160.0000	 96.0000	  0.0572	 -0.0651	  0.0000
176.0000	 96.0000	 -0.1547	  0.0769	  0.0000
192.0000	 96.0000	 -0.1752	  0.1999	  0.0000
208.0000	 96.0000	 -0.1340	  0.1282	  0.0000
224.0000	 96.0000	  0.1978	 -0.1995	  0.0000
240.0000	 96.0000	  0.5922	 -0.5536	  0.0000
256.0000	 96.0000	  1.1674	 -1.1790	  0.0000
272.0000	 96.0000	  1.7925	 -1.7672	  0.0000
288.0000	 96.0000	  2.2698	 -2.2643	  0.0000
304.0000	 96.0000	  2.9330	 -2.9141	  0.0000
320.0000	 96.0000	  3.3171	 -3.2961	  0.0000
336.0000	 96.0000	  3.5871	 -3.5804	  0.0000
352.0000	 96.0000	  3.8640	 -3.8643	  0.0000
368.0000	 96.0000	  4.0804	 -4.0904	  0.0000
384.0000	 96.0000	  4.2217	 -4.2097	  0.0000
400.0000	 96.0000	  4.3253	 -4.3155	  0.0000
416.0000	 96.0000	  4.3877	 -4.3861	  0.0000
432.0000	 96.0000	  4.3353	 -4.3256	  0.0000
448.0000	 96.0000	  4.2030	 -4.1635	  0.0000
464.0000	 96.0000	  3.9736	 -4.1205	  0.0000
480.0000	 96.0000	  3.7963	 -3.7819	  0.0000
496.0000	 96.0000	  3.7372	 -3.7336	  0.0000
 16.0000	 80.0000	 -0.0223	  0.0203	  0.0000
 32.0000	 80.0000	  0.0388	 -0.0363	  0.0000
 48.0000	 80.0000	  0.0394	 -0.0431	  0.0000
 64.0000	 80.0000	 -0.1134	  0.1007	  0.0000
 80.0000	 80.0000	  0.0819	 -0.0897	  0.0000
 96.0000	 80.0000	  0.2443	 -0.2442	  0.0000
112.0000	 80.0000	  0.1709	 -0.1763	  0.0000
128.0000	 80.0000	  0.0603	 -0.0279	  0.0000
144.0000	 80.0000	 -0.0416	  0.0454	  0.0000
160.0000	 80.0000	  0.0634	 -0.1097	  0.0000
176.0000	 80.0000	  0.0254	 -0.0503	  0.0000
192.0000	 80.0000	 -0.0702	  0.0317	  0.0000
208.0000	 80.0000	 -0.0421	  0.0374	  0.0000
224.0000	 80.0000	  0.0414	 -0.0356	  0.0000
240.0000	 80.0000	  0.1643	 -0.1023	  0.0000
256.0000	 80.0000	  0.7018	 -0.6451	  0.0000
272.0000	 80.0000	  1.1737	 -1.1479	  0.0000
288.0000	 80.0000	  1.6892	 -1.6867	  0.0000
304.0000	 80.0000	  2.2544	 -2.2253	  0.0000
320.0000	 80.0000	  2.7642	 -2.7335	  0.0000
336.0000	 80.0000	  3.1984	 -3.1694	  0.0000
352.0000	 80.0000	  3.5497	 -3.5491	  0.0000
368.0000	 80.0000	  3.8866	 -3.8631	  0.0000
384.0000	 80.0000	  4.1216	 -4.0937	  0.0000
400.0000	 80.0000	  4.2765	 -4.2603	  0.0000
416.0000	 80.0000	  4.3440	 -4.3420	  0.0000
432.0000	 80.0000	  4.4059	 -4.3923	  0.0000
448.0000	 80.0000	  4.3006	 -4.2802	  0.0000
464.0000	 80.0000	  4.1060	 -4.1202	  0.0000
480.0000	 80.0000	  4.0562	 -4.0357	  0.0000
496.0000	 80.0000	  4.0205	 -4.0072	  0.0000
 16.0000	 64.0000	  0.0049	 -0.0043	  0.0000
 32.0000	 64.0000	  0.0014	 -0.0028	  0.0000
 48.0000	 64.0000	  0.0045	 -0.0261	  0.0000
 64.0000	 64.0000	  0.0063	 -0.0265	  0.0000
 80.0000	 64.0000	 -0.0139	  0.0003	  0.0000
 96.0000	 64.0000	 -0.0876	  0.1029	  0.0000
112.0000	 64.0000	 -0.1072	  0.1093	  0.0000
128.0000	 64.0000	 -0.0393	  0.0565	  0.0000
144.0000	 64.0000	 -0.0049	 -0.0050	  0.0000
160.0000	 64.0000	  0.0017	  0.0035	  0.0000
176.0000	 64.0000	  0.0015	 -0.0076	  0.0000
192.0000	 64.0000	  0.0888	 -0.0731	  0.0000
208.0000	 64.0000	  0.0239	 -0.0218	  0.0000
224.0000	 64.0000	  0.0696	 -0.0488	  0.0000
240.0000	 64.0000	  0.0486	 -0.0160	  0.0000
256.0000	 64.0000	  0.1262	 -0.0850	  0.0000
272.0000	 64.0000	  0.4378	 -0.4161	  0.0000
288.0000	 64.0000	  0.9576	 -0.9551	  0.0000
304.0000	 64.0000	  1.5329	 -1.4328	  0.0000
320.0000	 64.0000	  2.1484	 -2.1459	  0.0000
336.0000	 64.0000	  2.7723	 -2.7818	  0.0000
352.0000	 64.0000	  3.2045	 -3.1990	  0.0000
368.0000	 64.0000	  3.6378	 -3.6326	  0.0000
384.0000	 64.0000	  3.9114	 -3.9156	  0.0000
400.0000	 64.0000	  4.1259	 -4.1412	  0.0000
416.0000	 64.0000	  4.2880	 -4.3136	  0.0000
432.0000	 64.0000	  4.3948	 -4.4020	  0.0000
448.0000	 64.0000	  4.3560	 -4.3362	  0.0000
464.0000	 64.0000	  4.2178	 -4.2048	  0.0000
480.0000	 64.0000	  4.2685	 -4.2403	  0.0000
496.0000	 64.0000	  4.1840	 -4.1849	  0.0000
 16.0000	 48.0000	  0.0333	 -0.0338	  0.0000
 32.0000	 48.0000	  0.0281	 -0.0264	  0.0000
 48.0000	 48.0000	  0.0641	 -0.0696	  0.0000
 64.0000	 48.0000	  0.0229	 -0.0286	  0.0000
 80.0000	 48.0000	 -0.1044	  0.1074	  0.0000
 96.0000	 48.0000	 -0.1219	  0.1152	  0.0000
112.0000	 48.0000	 -0.0871	  0.0832	  0.0000
128.0000	 48.0000	 -0.0647	  0.0724	  0.0000
144.0000	 48.0000	 -0.0049	  0.0040	  0.0000
160.0000	 48.0000	  0.0046	 -0.0095	  0.0000
176.0000	 48.0000	  0.1080	 -0.1316	  0.0000
192.0000	 48.0000	  0.1945	 -0.2036	  0.0000
208.0000	 48.0000	  0.1020	 -0.1069	  0.0000
224.0000	 48.0000	  0.0395	 -0.0444	  0.0000
240.0000	 48.0000	 -0.0977	  0.0981	  0.0000
256.0000	 48.0000	 -0.1512	  0.1649	  0.0000
272.0000	 48.0000	 -0.1692	  0.1755	  0.0000
288.0000	 48.0000	  0.2054	 -0.2381	  0.0000
304.0000	 48.0000	  0.9887	 -1.0253	  0.0000
320.0000	 48.0000	  1.7718	 -1.7808	  0.0000
336.0000	 48.0000	  2.3809	 -2.3845	  0.0000
352.0000	 48.0000	  2.8306	 -2.8484	  0.0000
368.0000	 48.0000	  3.2504	 -3.3049	  0.0000
384.0000	 48.0000	  3.9200	 -3.7063	  0.0000
400.0000	 48.0000	  3.8010	 -3.8854	  0.0000
416.0000	 48.0000	  4.2013	 -4.2099	  0.0000
432.0000	 48.0000	  4.2363	 -4.2602	  0.0000
448.0000	 48.0000	  4.2391	 -4.2508	  0.0000
464.0000	 48.0000	  4.2516	 -4.2913	  0.0000
480.0000	 48.0000	  4.3925	 -4.3737	  0.0000
496.0000	 48.0000	  4.2580	 -4.2674	  0.0000
 16.0000	 32.0000	 -0.0282	  0.0242	  0.0000
 32.0000	 32.0000	 -0.0218	  0.0180	  0.0000
 48.0000	 32.0000	 -0.0129	  0.0094	  0.0000
 64.0000	 32.0000	 -0.0219	  0.0156	  0.0000
 80.0000	 32.0000	  0.0219	 -0.0275	  0.0000
 96.0000	 32.0000	  0.0677	 -0.0823	  0.0000
112.0000	 32.0000	  0.0724	 -0.0848	  0.0000
128.0000	 32.0000	  0.0446	 -0.0556	  0.0000
144.0000	 32.0000	  0.0085	 -0.0122	  0.0000
160.0000	 32.0000	 -0.0187	  0.0149	  0.0000
176.0000	 32.0000	 -0.0564	  0.0558	  0.0000
192.0000	 32.0000	 -0.0372	  0.0342	  0.0000
208.0000	 32.0000	  0.0077	 -0.0158	  0.0000
224.0000	 32.0000	  0.0051	 -0.0092	  0.0000
240.0000	 32.0000	  0.0531	 -0.0426	  0.0000
256.0000	 32.0000	  0.0275	 -0.0331	  0.0000
272.0000	 32.0000	  0.0867	 -0.0390	  0.0000
288.0000	 32.0000	  0.3226	 -0.3435	  0.0000
304.0000	 32.0000	  0.9940	 -1.0754	  0.0000
320.0000	 32.0000	  1.5410	 -1.6470	  0.0000
336.0000	 32.0000	  1.3923	 -1.4016	  0.0000
352.0000	 32.0000	  2.2846	 -2.1913	  0.0000
368.0000	 32.0000	  2.4334	 -2.4882	  0.0000
384.0000	 32.0000	  3.0797	 -3.0760	  0.0000
400.0000	 32.0000	  3.2757	 -3.3666	  0.0000
416.0000	 32.0000	  3.9412	 -3.9570	  0.0000
432.0000	 32.0000	  4.1437	 -4.1481	  0.0000
448.0000	 32.0000	  4.1935	 -4.2267	  0.0000
464.0000	 32.0000	  4.2762	 -4.2162	  0.0000
480.0000	 32.0000	  4.4446	 -4.3239	  0.0000
496.0000	 32.0000	  4.2992	 -4.3268	  0.0000
 16.0000	 16.0000	  0.0004	 -0.0003	  0.0000
 32.0000	 16.0000	  0.0004	 -0.0002	  0.0000
 48.0000	 16.0000	  0.0142	 -0.0140	  0.0000
 64.0000	 16.0000	 -0.0081	  0.0119	  0.0000
 80.0000	 16.0000	  0.0062	 -0.0066	  0.0000
 96.0000	 16.0000	 -0.0212	  0.0195	  0.0000
112.0000	 16.0000	 -0.0260	  0.0384	  0.0000
128.0000	 16.0000	 -0.0381	  0.0377	  0.0000
144.0000	 16.0000	 -0.0018	  0.0007	  0.0000
160.0000	 16.0000	 -0.0009	  0.0057	  0.0000
176.0000	 16.0000	  0.0052	  0.0156	  0.0000
192.0000	 16.0000	  0.0179	 -0.0167	  0.0000
208.0000	 16.0000	  0.0324	 -0.0387	  0.0000
224.0000	 16.0000	  0.0179	 -0.0264	  0.0000
240.0000	 16.0000	  0.0107	  0.0121	  0.0000
256.0000	 16.0000	 -0.1084	  0.1066	  0.0000
272.0000	 16.0000	  0.2098	 -0.0745	  0.0000
288.0000	 16.0000	 -0.0830	 -0.3865	  0.0000
304.0000	 16.0000	  0.4990	 -0.9045	  0.0000
320.0000	 16.0000	  0.6936	 -0.6985	  0.0000
336.0000	 16.0000	  1.0625	 -1.0718	  0.0000
352.0000	 16.0000	  1.9406	 -2.0897	  0.0000
368.0000	 16.0000	  2.2561	 -2.3253	  0.0000
384.0000	 16.0000	  2.5690	 -2.9679	  0.0000
400.0000	 16.0000	  3.2487	 -3.4782	  0.0000
416.0000	 16.0000	  3.6053	 -3.6768	  0.0000
432.0000	 16.0000	  3.9756	 -4.0477	  0.0000
448.0000	 16.0000	  4.0621	 -4.1330	  0.0000
464.0000	 16.0000	  4.3204	 -4.3077	  0.0000
480.0000	 16.0000	  4.2774	 -4.3112	  0.0000
496.0000	 16.0000	  4.6040	 -4.3419	  0.0000
