 32.0000	 32.0000	  4.2984	 -4.3373	  0.0000
 64.0000	 32.0000	  4.0868	 -4.1017	  0.0000
 96.0000	 32.0000	  3.6115	 -3.6465	  0.0000
128.0000	 32.0000	  3.2189	 -3.3423	  0.0000
160.0000	 32.0000	     nan	     nan	  1.0000
192.0000	 32.0000	  0.7972	 -0.7557	  0.0000
224.0000	 32.0000	  0.2037	 -0.2007	  0.0000
256.0000	 32.0000	  0.0376	 -0.0029	  0.0000
288.0000	 32.0000	  0.0000	 -0.0288	  0.0000
320.0000	 32.0000	  0.0231	 -0.0175	  0.0000
352.0000	 32.0000	  0.0222	 -0.0019	  0.0000
384.0000	 32.0000	  0.0495	  0.0001	  0.0000
416.0000	 32.0000	 -0.0242	 -0.0003	  0.0000
448.0000	 32.0000	 -0.0723	 -0.0004	  0.0000
480.0000	 32.0000	 -0.0021	 -0.0001	  0.0000
 32.0000	 64.0000	  4.1580	 -4.1737	  0.0000
 64.0000	 64.0000	  4.2480	 -4.2987	  0.0000
 96.0000	 64.0000	  4.1531	 -4.2032	  0.0000
128.0000	 64.0000	  3.8056	 -3.8454	  0.0000
160.0000	 64.0000	  2.8733	 -2.8710	  0.0000
192.0000	 64.0000	  1.8678	 -1.8776	  0.0000
224.0000	 64.0000	  1.2295	 -1.1326	  0.0000
256.0000	 64.0000	  0.2541	 -0.2045	  0.0000
288.0000	 64.0000	  0.0724	 -0.0479	  0.0000
320.0000	 64.0000	  0.0334	  0.0099	  0.0000
352.0000	 64.0000	  0.1166	 -0.0171	  0.0000
384.0000	 64.0000	 -0.0317	 -0.0065	  0.0000
416.0000	 64.0000	 -0.2056	  0.0615	  0.0000
448.0000	 64.0000	 -0.0193	  0.0252	  0.0000
480.0000	 64.0000	 -0.0016	  0.0512	  0.0000
 32.0000	 96.0000	  3.9554	 -3.9375	  0.0000
 64.0000	 96.0000	  4.1097	 -4.1355	  0.0000
 96.0000	 96.0000	  4.3416	 -4.2989	  0.0000
128.0000	 96.0000	  4.3194	 -4.2542	  0.0000
160.0000	 96.0000	     nan	     nan	  1.0000
192.0000	 96.0000	  2.8338	 -2.6820	  0.0000
224.0000	 96.0000	  2.2667	 -2.1700	  0.0000
256.0000	 96.0000	  0.9837	 -0.9614	  0.0000
288.0000	 96.0000	  0.2049	 -0.1865	  0.0000
320.0000	 96.0000	  0.0403	 -0.0283	  0.0000
352.0000	 96.0000	  0.0820	  0.0018	  0.0000
384.0000	 96.0000	  0.0033	 -0.0000	  0.0000
416.0000	 96.0000	 -0.1238	 -0.0072	  0.0000
448.0000	 96.0000	 -0.0105	 -0.0432	  0.0000
480.0000	 96.0000	 -0.0080	 -0.0387	  0.0000
 32.0000	128.0000	  3.2128	 -3.1504	  0.0000
 64.0000	128.0000	  3.8315	 -3.7914	  0.0000
 96.0000	128.0000	  4.2802	 -4.2401	  0.0000
128.0000	128.0000	  4.3590	 -4.2911	  0.0000
160.0000	128.0000	     nan	     nan	  1.0000
192.0000	128.0000	  3.2143	 -3.2025	  0.0000
224.0000	128.0000	  2.8281	 -2.8806	  0.0000
256.0000	128.0000	  2.0074	 -2.0130	  0.0000
288.0000	128.0000	  0.6846	 -0.7344	  0.0000
320.0000	128.0000	  0.1468	 -0.1486	  0.0000
352.0000	128.0000	 -0.0029	  0.0101	  0.0000
384.0000	128.0000	 -0.0098	  0.0112	  0.0000
416.0000	128.0000	  0.0381	 -0.0040	  0.0000
448.0000	128.0000	  0.0045	  0.0021	  0.0000
480.0000	128.0000	 -0.0501	  0.0122	  0.0000
 32.0000	160.0000	  2.0927	 -2.1050	  0.0000
 64.0000	160.0000	  3.3190	 -3.3385	  0.0000
 96.0000	160.0000	  3.6503	 -3.6618	  0.0000
128.0000	160.0000	  4.0197	 -4.0231	  0.0000
160.0000	160.0000	  4.4604	 -4.3507	  0.0000
192.0000	160.0000	  4.3334	 -4.3336	  0.0000
224.0000	160.0000	  3.8239	 -3.9505	  0.0000
256.0000	160.0000	  3.2451	 -3.2629	  0.0000
288.0000	160.0000	  2.0487	 -2.0399	  0.0000
320.0000	160.0000	  1.1941	 -1.1202	  0.0000
352.0000	160.0000	  0.1162	 -0.1190	  0.0000
384.0000	160.0000	 -0.0130	 -0.0034	  0.0000
416.0000	160.0000	  0.0314	  0.0045	  0.0000
448.0000	160.0000	  0.0098	  0.0251	  0.0000
480.0000	160.0000	 -0.0323	  0.0134	  0.0000
 32.0000	192.0000	  0.7539	 -0.7707	  0.0000
 64.0000	192.0000	  2.8683	 -2.9262	  0.0000
 96.0000	192.0000	  3.1635	 -3.1849	  0.0000
128.0000	192.0000	  3.7593	 -3.7594	  0.0000
160.0000	192.0000	  4.2083	 -4.0979	  0.0000
192.0000	192.0000	  4.3174	 -4.3144	  0.0000
224.0000	192.0000	  4.0629	 -4.1913	  0.0000
256.0000	192.0000	  3.9181	 -3.8717	  0.0000
288.0000	192.0000	  3.1250	 -3.1946	  0.0000
320.0000	192.0000	  1.9743	 -2.0052	  0.0000
352.0000	192.0000	  0.8552	 -0.8495	  0.0000
384.0000	192.0000	  0.2918	 -0.2759	  0.0000
416.0000	192.0000	  0.1203	 -0.0698	  0.0000
448.0000	192.0000	  0.0000	  0.0057	  0.0000
480.0000	192.0000	 -0.0678	 -0.0038	  0.0000
 32.0000	224.0000	  0.3580	 -0.3359	  0.0000
 64.0000	224.0000	  0.9039	 -1.0076	  0.0000
 96.0000	224.0000	  2.6913	 -2.6930	  0.0000
128.0000	224.0000	  3.6385	 -3.6444	  0.0000
160.0000	224.0000	  3.9834	 -3.9083	  0.0000
192.0000	224.0000	  4.2167	 -4.2172	  0.0000
224.0000	224.0000	  4.1032	 -4.2226	  0.0000
256.0000	224.0000	  4.1906	 -4.1944	  0.0000
288.0000	224.0000	  3.8258	 -3.8815	  0.0000
320.0000	224.0000	  3.2038	 -3.2757	  0.0000
352.0000	224.0000	  2.8954	 -3.0385	  0.0000
384.0000	224.0000	  0.9150	 -0.8935	  0.0000
416.0000	224.0000	  0.2185	 -0.1671	  0.0000
448.0000	224.0000	 -0.0104	 -0.0434	  0.0000
480.0000	224.0000	 -0.0940	 -0.0044	  0.0000
 32.0000	256.0000	  0.0724	 -0.0864	  0.0000
 64.0000	256.0000	  0.0555	 -0.1861	  0.0000
 96.0000	256.0000	  0.4865	 -0.5773	  0.0000
128.0000	256.0000	  2.2517	 -2.2058	  0.0000
160.0000	256.0000	  2.9282	 -2.8773	  0.0000
192.0000	256.0000	  3.5567	 -3.5796	  0.0000
224.0000	256.0000	  4.0588	 -4.0934	  0.0000
256.0000	256.0000	  4.2687	 -4.2448	  0.0000
288.0000	256.0000	  4.1722	 -4.1427	  0.0000
320.0000	256.0000	  3.5617	 -3.5610	  0.0000
352.0000	256.0000	  3.2094	 -3.2343	  0.0000
384.0000	256.0000	  2.7240	 -2.7019	  0.0000
416.0000	256.0000	  1.0086	 -1.0491	  0.0000
448.0000	256.0000	  0.4913	 -0.5078	  0.0000
480.0000	256.0000	  0.0639	 -0.0715	  0.0000
 32.0000	288.0000	  0.0123	 -0.0482	  0.0000
 64.0000	288.0000	 -0.0011	 -0.0190	  0.0000
 96.0000	288.0000	  0.1046	 -0.0814	  0.0000
128.0000	288.0000	  1.7982	 -1.7289	  0.0000
160.0000	288.0000	  2.7181	 -2.6629	  0.0000
192.0000	288.0000	  3.2565	 -3.2264	  0.0000
224.0000	288.0000	  3.9477	 -3.9836	  0.0000
256.0000	288.0000	  4.2236	 -4.1705	  0.0000
288.0000	288.0000	  4.2881	 -4.2531	  0.0000
320.0000	288.0000	  4.2413	 -4.2424	  0.0000
352.0000	288.0000	  3.7681	 -3.7151	  0.0000
384.0000	288.0000	  3.0436	 -2.9756	  0.0000
416.0000	288.0000	  1.9233	 -1.7938	  0.0000
448.0000	288.0000	  1.0024	 -1.0188	  0.0000
480.0000	288.0000	  0.1805	 -0.2035	  0.0000
 32.0000	320.0000	  0.0174	  0.0573	  0.0000
 64.0000	320.0000	 -0.0000	  0.0827	  0.0000
 96.0000	320.0000	  0.0423	  0.0138	  0.0000
128.0000	320.0000	  0.0673	 -0.0861	  0.0000
160.0000	320.0000	  0.4489	 -0.5450	  0.0000
192.0000	320.0000	  2.7251	 -2.6143	  0.0000
224.0000	320.0000	  2.9007	 -2.9476	  0.0000
256.0000	320.0000	  3.9350	 -3.9450	  0.0000
288.0000	320.0000	  4.2549	 -4.2747	  0.0000
320.0000	320.0000	  4.3336	 -4.3770	  0.0000
352.0000	320.0000	  4.1548	 -4.2288	  0.0000
384.0000	320.0000	  3.6172	 -3.6730	  0.0000
416.0000	320.0000	  3.3911	 -3.4270	  0.0000
448.0000	320.0000	  2.2923	 -2.3159	  0.0000
480.0000	320.0000	  0.8006	 -0.9245	  0.0000
 32.0000	352.0000	  0.0531	  0.0135	  0.0000
 64.0000	352.0000	  0.0075	 -0.0031	  0.0000
 96.0000	352.0000	  0.0083	 -0.0424	  0.0000
128.0000	352.0000	  0.0024	 -0.0723	  0.0000
160.0000	352.0000	 -0.0199	 -0.1217	  0.0000
192.0000	352.0000	  0.3217	 -0.3248	  0.0000
224.0000	352.0000	  2.2837	 -2.2410	  0.0000
256.0000	352.0000	  3.0366	 -3.0105	  0.0000
288.0000	352.0000	  3.7444	 -3.7723	  0.0000
320.0000	352.0000	  4.1218	 -4.1562	  0.0000
352.0000	352.0000	  4.2790	 -4.2908	  0.0000
384.0000	352.0000	  4.1362	 -4.1304	  0.0000
416.0000	352.0000	  3.9130	 -3.9329	  0.0000
448.0000	352.0000	  2.9442	 -3.0130	  0.0000
480.0000	352.0000	  2.2123	 -2.3055	  0.0000
 32.0000	384.0000	  0.0754	  0.0039	  0.0000
 64.0000	384.0000	 -0.0071	  0.0101	  0.0000
 96.0000	384.0000	 -0.0559	  0.0109	  0.0000
128.0000	384.0000	  0.0653	  0.0048	  0.0000
160.0000	384.0000	  0.0001	 -0.0162	  0.0000
192.0000	384.0000	  0.0639	 -0.1275	  0.0000
224.0000	384.0000	  0.9406	 -0.9378	  0.0000
256.0000	384.0000	  2.3854	 -2.3458	  0.0000
288.0000	384.0000	  3.1984	 -3.2142	  0.0000
320.0000	384.0000	  3.9041	 -3.9146	  0.0000
352.0000	384.0000	  4.2014	 -4.0984	  0.0000
384.0000	384.0000	  4.2690	 -4.2249	  0.0000
416.0000	384.0000	  4.2173	 -4.2524	  0.0000
448.0000	384.0000	  4.1403	 -4.1575	  0.0000
480.0000	384.0000	  2.8185	 -2.8652	  0.0000
 32.0000	416.0000	  0.0481	  0.0234	  0.0000
 64.0000	416.0000	 -0.0243	  0.0420	  0.0000
 96.0000	416.0000	 -0.0315	  0.0269	  0.0000
128.0000	416.0000	  0.0587	  0.0334	  0.0000
160.0000	416.0000	 -0.0130	  0.0339	  0.0000
192.0000	416.0000	 -0.0593	 -0.0118	  0.0000
224.0000	416.0000	  0.2115	 -0.2062	  0.0000
256.0000	416.0000	  1.6989	 -1.7175	  0.0000
288.0000	416.0000	  2.2458	 -2.2667	  0.0000
320.0000	416.0000	  3.4039	 -3.3242	  0.0000
352.0000	416.0000	  3.9414	 -3.8378	  0.0000
384.0000	416.0000	  4.1392	 -4.0871	  0.0000
416.0000	416.0000	  4.2932	 -4.3135	  0.0000
448.0000	416.0000	  4.3251	 -4.3433	  0.0000
480.0000	416.0000	  3.7000	 -3.7119	  0.0000
 32.0000	448.0000	  0.0054	  0.0062	  0.0000
 64.0000	448.0000	  0.0342	 -0.0080	  0.0000
 96.0000	448.0000	  0.0344	 -0.0053	  0.0000
128.0000	448.0000	 -0.0176	  0.0033	  0.0000
160.0000	448.0000	 -0.0274	 -0.0282	  0.0000
192.0000	448.0000	 -0.0020	 -0.0467	  0.0000
224.0000	448.0000	  0.0126	 -0.0062	  0.0000
256.0000	448.0000	  0.2920	 -0.2148	  0.0000
288.0000	448.0000	  0.6851	 -0.7466	  0.0000
320.0000	448.0000	  2.1973	 -1.9606	  0.0000
352.0000	448.0000	  3.0547	 -2.9788	  0.0000
384.0000	448.0000	  4.0469	 -4.0587	  0.0000
416.0000	448.0000	  4.2753	 -4.2780	  0.0000
448.0000	448.0000	  4.3466	 -4.2932	  0.0000
480.0000	448.0000	  4.1108	 -4.2084	  0.0000
 32.0000	480.0000	  0.0011	  0.0046	  0.0000
 64.0000	480.0000	  0.0398	  0.0200	  0.0000
 96.0000	480.0000	  0.0345	  0.0135	  0.0000
128.0000	480.0000	 -0.0284	  0.0010	  0.0000
160.0000	480.0000	 -0.0295	  0.0158	  0.0000
192.0000	480.0000	  0.0009	  0.0169	  0.0000
224.0000	480.0000	  0.0145	  0.0012	  0.0000
256.0000	480.0000	  0.0637	 -0.0438	  0.0000
288.0000	480.0000	  0.1636	 -0.3006	  0.0000
320.0000	480.0000	  0.9028	 -0.9505	  0.0000
352.0000	480.0000	  2.3185	 -2.1206	  0.0000
384.0000	480.0000	  2.8389	 -2.7034	  0.0000
416.0000	480.0000	  3.9314	 -3.8938	  0.0000
448.0000	480.0000	  4.2499	 -4.1500	  0.0000
480.0000	480.0000	  4.2985	 -4.2955	  0.0000
